44,879999999999995
41,525
39,15
35,585
34,71
34,71
34,67
3,495
21,185000000000002
38,870000000000005
23,05
39,53
40,605000000000004
36,57
33,614999999999995
38,085
50,025000000000006
56,144999999999996
56,03
56,035
51,415
47,855000000000004
47,745000000000005
43,129999999999995
22,805
20,165
19,625
18,52
17,810000000000002
19,055
18,48
20,41
44,575
47,07
52,65
53,34
55,505
51,55
50,87
52,57
59,644999999999996
62,9
62,445
60,96
58,08
52,555
46,585
23,080000000000002
36,555
30,255000000000003
25,744999999999997
21,48
21,995
24,33
17,380000000000003
26,035
32,730000000000004
37,849999999999994
40,425
43,53
44,995000000000005
41,215
40,260000000000005
40,015
42,34
47,650000000000006
51,5
48,29
42,835
39,040000000000006
39,03
32,23
30,125
25,22
24,77
23,259999999999998
24,365000000000002
28,335
38,18
52,595
56,629999999999995
60,86
60,68
60,97
61,394999999999996
61,84
61,53
61,790000000000006
64,38
69,97999999999999
67,265
63,83
57,81
52,915000000000006
50,6
40,905
36,875
34,96
32,53
25,4
25,66
30,11
44,41
53,650000000000006
62,665000000000006
65,075
64,74
63,615
62,3
61,07
60,985
61,325
64,695
67,50999999999999
65,64500000000001
61,989999999999995
56,97
50,62
49,17
43,4
20,26
17,965
16,0
16,535
34,09
36,4
40,615
48,655
55,435
57,545
58,334999999999994
57,845
57,125
56,224999999999994
56,305
60,28
64,39500000000001
69,08
69,0
64,845
60,175
56,03
53,905
47,78
44,905
36,635
34,99
32,09
35,89
30,619999999999997
50,04
63,095
80,68
84,095
81,705
82,295
73,01
71,49000000000001
70,29
73,085
82,38
91,03
89,105
84,795
72,13
64,96000000000001
61,43
53,635
47,365
43,57
40,91
38,39
39,900000000000006
47,52
61,54
77,94999999999999
94,995
99,44
99,18
95,96
90,75999999999999
85,685
87,49000000000001
87,71000000000001
91,39500000000001
104,16499999999999
100,755
84,6
68,795
62,345
59,66
45,89
46,705
32,755
26,740000000000002
14,295
15,479999999999999
34,019999999999996
39,785
45,465
57,45
64,955
66,63499999999999
67,11
66,68
63,075
61,345
61,81
65,275
72,015
74,0
71,62
64,03
57,825
55,765
50,879999999999995
51,93
45,31
39,099999999999994
35,650000000000006
35,435
38,58
39,535
42,195
46,69
52,145
52,04
54,66
53,79
51,245000000000005
50,495000000000005
51,815
54,345
60,53
62,864999999999995
59,57
55,375
50,96
49,125
41,605000000000004
29,450000000000003
24,720000000000002
23,805000000000003
23,02
23,03
28,830000000000002
43,71
63,75
71,63
69,35
66,69
64,6
63,825
60,815
61,040000000000006
62,575
64,47
69,41
63,285
59,934999999999995
58,3
50,15
47,67
41,105000000000004
43,025
37,765
36,019999999999996
34,56
35,515
39,82
59,410000000000004
67,83500000000001
81,615
80,22
75,69999999999999
72,575
70,355
69,655
70,67
72,58
77,445
81,65
78,49000000000001
75,93
67,52000000000001
60,115
56,155
51,775
44,675
41,195
39,485
41,540000000000006
44,985
49,585
64,03999999999999
71,66499999999999
85,925
90,46
81,295
76,08
75,485
74,505
67,75999999999999
72,5
81,14500000000001
86,21000000000001
86,38499999999999
82,61
71,575
63,8
61,275
53,72
10,0
7,16
-5,494999999999997
-6,170000000000002
8,465
12,045
27,05
32,795
62,265
42,945
66,465
42,895
29,299999999999997
41,44
27,385000000000005
39,645
31,405
68,34
34,25
30,235
22,505
20,894999999999996
-100,355
-102,07
52,135
50,92
49,41
48,515
50,565
52,535
50,265
74,015
91,61
99,89
92,045
89,38499999999999
84,05
82,33
81,545
82,53
89,49000000000001
103,775
99,025
94,035
78,48
65,87
61,629999999999995
57,515
58,59
56,105000000000004
53,325
51,16
50,230000000000004
50,215
51,0
54,845
61,519999999999996
66,27
66,02
64,16
60,269999999999996
55,519999999999996
53,4
54,025
59,365
67,14500000000001
67,83500000000001
65,87
59,215
54,085
52,69
49,980000000000004
48,83
47,36
46,49
45,35
45,665
45,47
44,795
48,365
49,745
55,565
58,53
61,41
58,725
55,595
53,1
55,4
62,665
67,78
71,055
68,07
64,35499999999999
58,795
56,724999999999994
53,629999999999995
51,455
49,19
48,489999999999995
46,075
47,650000000000006
50,42
64,15
77,61500000000001
83,185
83,375
79,235
75,845
74,28
75,945
72,97
77,445
83,13499999999999
98,89
92,115
87,4
77,45500000000001
67,045
64,605
62,57
52,72
49,7
47,345
46,47
48,225
57,805
68,84
79,10499999999999
89,1
88,055
78,72
79,975
77,21000000000001
78,47
71,78
75,515
79,23
84,9
81,305
77,245
66,525
63,620000000000005
62,239999999999995
54,855000000000004
48,474999999999994
45,72
43,22
42,905
44,81
51,120000000000005
63,165000000000006
69,475
77,02000000000001
74,705
71,345
70,445
64,395
63,355000000000004
64,33
61,510000000000005
68,285
74,13999999999999
73,745
67,185
62,019999999999996
60,864999999999995
57,504999999999995
49,32
47,55
43,64
40,285
39,115
42,585
49,480000000000004
57,82
65,17500000000001
73,165
66,965
62,434999999999995
62,010000000000005
61,510000000000005
60,055
59,89
59,795
62,22
67,055
64,195
62,665
60,89
57,685
54,235
45,54
38,72
34,325
34,754999999999995
33,769999999999996
38,83
42,15
49,56
57,97
63,08
64,53
60,44
59,995000000000005
58,985
58,05
55,715
55,269999999999996
57,045
61,775000000000006
62,875
60,85
54,56
52,595
50,91
44,15
45,585
43,620000000000005
38,235
36,19
35,18
40,989999999999995
43,925
47,96
51,66
54,150000000000006
55,945
54,63
53,575
52,125
51,004999999999995
53,09
55,68
61,59
63,455
60,625
55,64
51,75
50,135000000000005
46,394999999999996
39,95
35,365
27,72
22,535
24,015
35,14
38,095
41,405
44,03
47,515
49,55500000000001
51,675
50,16
45,205
44,195
44,695
50,265
56,989999999999995
60,04
58,894999999999996
54,175
52,385
51,405
44,245000000000005
39,345
32,02
22,03
21,810000000000002
21,615000000000002
23,349999999999998
31,51
35,545
38,36
71,55
67,75
68,275
65,06
62,760000000000005
61,775
61,019999999999996
65,25
77,66499999999999
78,005
73,32
63,045
56,644999999999996
52,83
47,790000000000006
49,14
45,94
43,834999999999994
42,06999999999999
43,05
48,09
55,55
68,66
75,345
75,85
73,10499999999999
70,87
67,325
65,15
64,215
65,39500000000001
67,405
75,325
75,405
69,79
68,92
59,96
56,33
48,760000000000005
43,980000000000004
40,035
37,31
36,05
37,995000000000005
43,394999999999996
53,165
64,49
69,87
70,56
69,54499999999999
68,84
67,005
64,66499999999999
63,98
64,88
66,905
69,67
71,255
66,50999999999999
61,115
55,925
53,385000000000005
47,795
45,989999999999995
42,975
41,59
40,239999999999995
41,985
44,739999999999995
50,945
61,225
70,11
67,33500000000001
65,44
64,7
62,375
61,435
61,69
61,135
62,980000000000004
66,93
66,03999999999999
63,19
56,21
52,795
50,03
44,39
43,5
40,980000000000004
38,235
37,495000000000005
37,55
40,32
45,715
59,735
61,41
58,275000000000006
58,465
58,985
56,355000000000004
54,864999999999995
52,455
50,735
53,504999999999995
57,765
59,22
57,505
53,86
47,55
44,905
40,974999999999994
42,085
38,585
36,635
34,9
34,595
38,06
41,075
42,495000000000005
48,975
57,739999999999995
57,93
56,95
54,1
50,815
48,040000000000006
48,06
51,0
59,085
60,07
57,925
51,935
45,6
46,144999999999996
42,155
40,535
37,099999999999994
35,75
34,495
34,33
35,71
37,084999999999994
36,480000000000004
40,515
46,08
47,875
49,205
49,045
44,705
43,81
45,21
48,9
56,895
60,53
59,035
54,5
48,71
46,68
42,730000000000004
42,83
40,015
36,519999999999996
35,76
35,445
44,43
46,894999999999996
53,91
64,63499999999999
70,84
64,17
63,39
61,86
61,03
60,629999999999995
63,095
68,7
74,95500000000001
80,85
71,54
59,375
55,56
56,805
48,215
44,6
43,285
42,025000000000006
40,465
41,445
42,72
55,485
64,615
73,36500000000001
68,99000000000001
65,45
64,565
62,370000000000005
60,644999999999996
60,995000000000005
59,895
60,370000000000005
68,635
71,265
66,05000000000001
55,475
50,69
47,35
40,325
36,78
33,715
32,05
29,88
28,69
36,425
30,135
54,959999999999994
58,05
57,56
55,315
55,915
53,715
51,870000000000005
48,89
46,405
45,915
51,86
53,91
52,035
46,215
42,09
38,615
33,57
33,28
29,29
26,32
24,475
27,685000000000002
33,87
44,045
54,57
58,775
57,66
54,135000000000005
53,25
52,14
51,855000000000004
51,815
52,245
56,165
65,995
67,205
64,065
55,67
46,935
45,870000000000005
37,64
44,18
41,985
39,980000000000004
38,125
38,58
42,605000000000004
50,425
58,89
62,31
61,045
59,14
57,765
56,015
53,955
50,535
49,315
50,455
57,0
59,42
58,14
50,605
47,879999999999995
46,120000000000005
41,46
42,22
37,845
36,81
33,614999999999995
34,165
34,47
36,49
38,644999999999996
42,715
43,945
45,065
46,53
40,72
37,07
36,56
38,29
40,645
42,075
44,355000000000004
42,635
37,8
31,515
28,6
21,564999999999998
12,72
7,505
3,8699999999999997
2,04
0,54
2,495
2,1050000000000004
6,925
11,965
31,27
33,87
35,575
35,82
30,395
25,04
25,115000000000002
31,475
39,97
47,455
46,894999999999996
42,855
37,455
37,54
29,72
15,594999999999999
10,095
8,649999999999999
6,9399999999999995
2,335
15,77
35,79
37,66
54,69
56,64
54,245000000000005
53,595
51,78
50,965
47,905
51,150000000000006
52,945
59,755
62,41499999999999
60,995
51,474999999999994
46,695
44,875
38,295
31,505000000000003
27,075000000000003
25,369999999999997
17,885
22,060000000000002
21,03
39,3
52,985
63,85
64,48
68,665
68,915
64,325
60,26
57,635000000000005
53,78
55,595
73,32
76,05
71,72
62,64
54,334999999999994
50,845
46,52
35,275
35,275
32,53
28,77
31,009999999999998
37,31
43,9
62,94499999999999
80,69
80,31
73,68
71,515
64,3
61,94
62,44
64,645
67,605
84,63
94,055
80,635
67,595
56,135
50,02
42,315
44,64
43,275000000000006
24,064999999999998
21,5
39,02
43,724999999999994
55,49
81,505
97,67
99,16499999999999
86,39
81,695
73,33
70,83
70,17
72,045
73,72999999999999
85,785
93,44
86,7
67,195
45,870000000000005
41,22
26,695
30,605000000000004
34,275000000000006
8,865
7,05
9,545000000000002
38,410000000000004
48,7
69,89
81,535
81,55
77,215
73,615
68,19
60,955
60,135000000000005
62,004999999999995
67,065
77,185
83,80000000000001
75,69
62,775000000000006
57,295
53,93
47,3
48,555
46,905
45,945
44,224999999999994
43,165
45,075
46,82
50,555
58,225
61,730000000000004
59,885
58,31
52,959999999999994
50,29
48,269999999999996
51,555
53,87
63,845
71,525
67,565
61,349999999999994
53,885
51,28
48,175
45,59
44,135000000000005
41,21
39,525
38,195
37,44
40,015
43,864999999999995
45,6
46,6
46,2
46,46
44,37
41,82
39,83
39,59
45,295
54,665
61,480000000000004
58,795
52,025000000000006
45,67
46,15
41,88
39,91
35,72
32,57
29,845
29,17
33,635000000000005
47,955
61,08
63,269999999999996
62,06
59,805
60,17
58,705
55,67
58,045
61,54
63,99
70,285
72,875
68,65
66,87
53,57
50,8
44,59
45,155
42,61
41,36
39,26
39,575
43,435
52,724999999999994
65,35499999999999
71,135
71,46
67,405
64,66
59,67
58,019999999999996
58,06
63,085
69,025
80,50999999999999
86,36500000000001
78,345
66,06
60,01
52,79
43,06
44,015
40,695
39,275
37,055
37,18
42,519999999999996
58,765
64,99
76,02000000000001
73,52000000000001
70,985
65,45
60,355000000000004
59,55
53,765
55,125
61,905
70,75
82,4
73,34
60,59
52,31
47,705
44,644999999999996
46,415
42,225
38,78
37,695
37,72
46,765
56,71
67,24
72,10499999999999
68,60499999999999
63,805
60,84
57,46
55,260000000000005
54,005
55,035
56,435
67,065
75,475
68,515
57,53
45,21
43,835
39,205
38,56
36,52
35,365
35,370000000000005
37,31
40,144999999999996
54,144999999999996
67,58500000000001
67,2
64,14
61,325
59,785
58,78
55,195
54,93
56,535
59,995000000000005
64,41
67,31
62,589999999999996
53,525
45,745000000000005
44,144999999999996
40,765
39,8
36,87
35,39
33,945
34,05500000000001
34,425
37,085
39,254999999999995
41,5
46,03
44,795
39,885000000000005
37,425
36,125
36,379999999999995
41,055
44,555
49,29
49,989999999999995
47,974999999999994
39,644999999999996
32,894999999999996
33,254999999999995
30,53
25,03
21,9
23,25
17,95
15,66
19,955
21,814999999999998
28,425
30,494999999999997
34,3
32,26
32,585
32,385000000000005
27,765
28,405
34,485
40,195
49,08
53,78
52,715
46,635
41,019999999999996
42,94
39,825
40,019999999999996
37,105
35,584999999999994
35,185
36,16
40,68
48,68
58,56
59,96
58,575
51,68
52,535
51,72
50,735
48,05500000000001
51,735
55,585
64,045
73,72999999999999
69,175
56,57
53,599999999999994
50,504999999999995
47,239999999999995
42,285
40,305
39,019999999999996
38,595
38,86
41,32
50,870000000000005
58,385000000000005
61,64
56,635000000000005
49,879999999999995
44,745000000000005
41,8
40,485
40,525
42,16
48,29
57,75
64,58
61,525
54,18
50,47
42,595
37,89
37,21
36,97
35,89
34,97
37,015
41,42
50,41
53,595
54,0
53,084999999999994
50,269999999999996
48,735
43,5
38,43
42,735
47,475
50,72
55,685
66,645
64,86
51,540000000000006
44,205
48,435
37,545
37,43
36,43
34,48
32,665
34,54
40,03
47,365
55,355000000000004
55,495000000000005
52,75
46,885000000000005
44,805
42,95
39,795
41,7
45,504999999999995
51,05
57,465
67,075
65,565
56,75
52,815
49,17
45,375
43,925
41,53
40,480000000000004
38,85
39,895
42,785
50,925
58,3
59,56
55,25
49,845
47,495000000000005
46,260000000000005
41,32
41,55
42,510000000000005
46,58
59,31
74,945
66,77
56,51
49,855000000000004
46,175
43,06
49,06
46,575
45,480000000000004
43,035
42,260000000000005
43,53
40,58
45,125
49,870000000000005
48,644999999999996
42,855000000000004
38,875
36,375
34,25
33,72
34,755
39,05
48,58
55,56
54,379999999999995
51,66
45,730000000000004
44,555
40,51
40,84
38,455
37,745
34,945
34,955
34,675
17,45
28,085
34,045
35,019999999999996
36,0
35,885000000000005
33,51
28,625
28,0
30,975
37,555
49,645
56,55
58,615
55,135000000000005
48,67
49,635000000000005
44,705
43,985
42,004999999999995
41,725
40,99
41,394999999999996
45,474999999999994
55,83
63,225
65,91
60,11
53,715
51,945
48,650000000000006
43,745000000000005
43,32
46,485
52,53
61,14
71,85499999999999
69,285
58,225
52,045
52,58
46,5
46,995000000000005
46,21
45,355000000000004
42,85
43,31
49,61
55,43
53,074999999999996
68,475
59,864999999999995
53,745000000000005
50,254999999999995
48,43
45,45
47,275
50,47
53,125
59,35
74,825
73,83500000000001
59,77
55,07
53,47
51,47
49,91
50,42
48,44
47,989999999999995
48,269999999999996
50,26
56,43
63,760000000000005
65,75
56,53
53,78
51,3
48,93
48,565
45,480000000000004
46,085
55,585
59,185
83,41499999999999
84,69
59,15
53,59
50,375
49,655
48,61
48,394999999999996
46,945
43,155
44,16
50,75
55,394999999999996
60,94
64,16499999999999
60,595
54,55
50,67
52,015
50,33
49,364999999999995
48,725
52,825
55,14
71,515
67,25999999999999
57,335
51,275000000000006
48,3
45,97
46,83
46,745000000000005
45,395
42,66
44,155
46,269999999999996
53,67
58,745
66,39
59,605000000000004
51,125
48,83
45,15
41,405
41,370000000000005
39,425
50,11
57,504999999999995
65,21000000000001
64,7
54,61
51,25
48,974999999999994
47,6
47,16
45,445
43,39
40,65
40,21
40,315
41,755
44,06
44,75
45,07
41,585
39,275
38,075
37,82
37,29
39,305
42,71
48,92
60,135000000000005
59,925
56,795
49,16
48,095
44,745000000000005
50,480000000000004
46,8
45,364999999999995
44,730000000000004
44,31
46,125
47,355000000000004
44,95
43,725
43,06
40,980000000000004
42,995000000000005
44,93
40,545
43,405
46,015
41,555
49,495
59,105000000000004
61,955
58,05
53,53
51,875
47,935
48,349999999999994
46,56
45,735
44,86
46,1
51,295
61,965
74,655
81,745
66,49000000000001
58,665000000000006
56,375
55,29
54,535
55,12
56,79
59,95
67,515
91,22
90,99000000000001
73,39
58,85
56,28
52,175
53,47
51,74
49,864999999999995
47,705
49,57
52,05
61,510000000000005
72,745
79,5
70,045
61,525000000000006
58,865
58,165
57,44
57,295
58,485
60,465
65,515
89,08500000000001
90,695
66,525
58,315
55,315
53,870000000000005
54,81
51,81
50,015
47,769999999999996
48,885000000000005
51,81
58,575
67,62
66,57
59,72
55,33
54,269999999999996
52,375
50,379999999999995
52,17
51,43
54,465
55,894999999999996
60,629999999999995
61,025
54,480000000000004
51,370000000000005
51,480000000000004
45,635
44,175
42,71
42,519999999999996
41,54
44,79
47,849999999999994
57,620000000000005
58,105
63,425
57,120000000000005
55,455
54,519999999999996
54,3
54,685
53,7
56,83
61,364999999999995
66,88
76,305
76,195
66,5
61,445
57,01
53,405
53,17
48,894999999999996
47,945
48,09
46,925
53,735
58,675
73,245
70,485
60,665
50,09
50,99
51,834999999999994
52,59
52,275000000000006
54,53
60,45
62,375
70,45
74,215
65,89500000000001
58,075
55,59
51,269999999999996
53,95
54,004999999999995
51,435
50,595
50,86
52,394999999999996
57,455
61,675
62,295
57,04
52,28
52,92
47,480000000000004
42,989999999999995
45,64
48,67
54,510000000000005
54,785
65,965
68,97
61,724999999999994
56,26
51,735
46,915000000000006
46,35
42,82
37,53
35,875
36,09
38,525
37,71
38,685
40,394999999999996
42,025
43,489999999999995
43,35
42,625
37,055
36,465
41,379999999999995
46,760000000000005
49,114999999999995
55,010000000000005
58,535
54,135
51,135000000000005
48,120000000000005
44,86
42,405
37,67
36,055
34,53
34,225
42,39
52,815
59,94
61,45
57,315
52,925
54,565
52,995000000000005
49,144999999999996
49,325
50,575
57,03
61,035
68,71000000000001
71,155
62,480000000000004
57,185
53,879999999999995
53,035
49,894999999999996
48,614999999999995
46,345
45,95
48,129999999999995
52,769999999999996
60,82
64,83
68,065
64,44
61,07
60,25
59,32
53,135
54,010000000000005
60,34
61,115
66,255
73,87
78,94999999999999
61,71
58,015
55,22
51,67
48,935
51,125
45,94
44,675
45,584999999999994
51,519999999999996
56,595
64,08
66,465
63,25
58,045
58,51
55,79
53,495
53,95
55,75
58,349999999999994
64,97
76,055
82,14500000000001
66,64500000000001
61,64
58,995000000000005
56,254999999999995
52,834999999999994
50,795
50,115
48,519999999999996
49,14
51,400000000000006
60,17
71,92500000000001
74,735
72,375
66,99000000000001
65,225
62,93
61,495
62,74
65,53
68,73
79,325
91,08
94,63999999999999
78,99000000000001
66,33
61,37
59,535
59,77
56,32
53,650000000000006
52,745000000000005
52,745000000000005
54,975
64,42
69,58500000000001
71,81
65,34
61,9
61,685
64,74000000000001
62,754999999999995
62,01
61,445
66,215
71,3
79,505
82,13
70,72
62,995000000000005
59,825
58,885
59,385000000000005
57,21
55,355
52,144999999999996
52,14
53,05
52,254999999999995
53,89
52,67
51,785
49,025
48,325
48,515
47,709999999999994
47,61
48,19
46,13
48,375
60,754999999999995
64,425
57,68
50,6
50,400000000000006
49,765
43,61
38,644999999999996
39,45
35,12
35,11
40,18
30,285000000000004
42,04
37,614999999999995
38,504999999999995
36,95
39,629999999999995
39,245000000000005
31,82
28,990000000000002
33,795
37,28
44,175
53,95
60,839999999999996
56,305
52,7
50,68000000000001
44,8
47,815
46,92
45,65
44,735
45,92
50,230000000000004
60,07
70,1
75,16
72,055
65,57
61,345
61,45
57,815
55,86
54,065
56,31
59,394999999999996
74,45
84,285
64,96000000000001
53,010000000000005
57,43
51,01
58,24
54,15
50,775
51,425
50,53
54,19499999999999
60,105000000000004
64,68
73,69
68,85
62,34
60,775000000000006
59,46
57,69
54,75
52,849999999999994
56,63
59,269999999999996
75,25
85,225
65,145
59,974999999999994
60,97
55,515
53,74
52,235
48,74
47,22
48,974999999999994
54,1
62,075
67,785
70,625
59,849999999999994
54,66
59,185
57,254999999999995
55,84
56,71
58,114999999999995
62,06
65,015
74,985
86,86
71,32499999999999
65,22
63,025
59,83
55,129999999999995
52,155
51,42
50,39
51,005
56,980000000000004
67,74000000000001
73,345
73,51
64,015
60,075
60,39
60,254999999999995
59,620000000000005
60,16
62,025
64,99000000000001
69,53999999999999
85,78
93,435
73,59
66,245
65,53
57,11
57,53
52,055
50,965
49,545
50,5
62,599999999999994
63,9
65,93
68,29499999999999
64,57
62,095
62,379999999999995
61,205
59,225
60,435
63,239999999999995
63,394999999999996
67,505
77,695
84,47
67,9
59,715
57,269999999999996
52,825
58,34
51,03
49,155
42,504999999999995
42,754999999999995
49,394999999999996
42,03
41,59
42,254999999999995
43,14
43,295
50,995000000000005
48,53
46,785
42,370000000000005
43,465
44,525
45,925
61,545
66,585
60,425
51,595
52,394999999999996
48,67
44,95
41,769999999999996
46,925
45,675
38,57
42,075
41,31
43,235
46,005
42,09
44,129999999999995
42,34
43,59
37,3
38,849999999999994
40,985
39,25
39,28
55,58
60,06999999999999
45,525
45,004999999999995
42,05
42,245000000000005
40,5
40,53
39,525
39,93000000000001
50,725
60,185
66,17
68,145
58,705
50,480000000000004
56,364999999999995
53,465
50,2
49,86
46,96
47,49
46,785
57,72
66,205
64,97
61,974999999999994
59,97
52,885000000000005
47,91
46,78
45,635
45,845
46,120000000000005
50,620000000000005
62,53
72,375
71,48
62,839999999999996
58,105000000000004
52,885
50,535
48,085
46,519999999999996
46,94
50,81
57,77
61,510000000000005
75,42500000000001
73,515
63,5
61,345
55,315
56,87
52,51
50,595
49,71
50,129999999999995
56,15
65,495
75,64
76,46000000000001
64,52000000000001
55,525000000000006
50,71
49,47
47,4
48,84
49,864999999999995
48,29
53,894999999999996
63,515
84,625
77,13499999999999
68,275
63,44
57,535
55,205
50,215
46,875
47,614999999999995
49,01
51,32
60,44
67,92
70,17
66,45
62,405
56,155
53,04
51,205
51,905
52,685
55,035
57,6
61,35
74,305
69,28
57,93
58,03
54,93
52,905
48,80500000000001
45,555
44,29
48,760000000000005
47,61
51,18000000000001
56,42
64,77
59,11
51,585
40,285
42,58
39,1
37,75
41,19
45,045
46,8
49,525000000000006
60,72
62,290000000000006
45,025
44,504999999999995
43,06
44,56
41,705
41,805
40,894999999999996
41,245000000000005
42,254999999999995
43,06
44,545
47,455
46,4
42,06
39,545
40,015
30,450000000000003
24,77
22,154999999999998
28,625
39,08
47,86
57,864999999999995
59,155
54,025000000000006
53,955
51,55
47,74
41,46
40,92
40,385000000000005
39,955
39,445
40,935
42,215
42,985
40,53
32,29
29,32
29,259999999999998
20,209999999999997
16,740000000000002
12,595
18,02
24,605
42,6
51,45
55,745000000000005
50,555
46,665
30,759999999999998
25,015
17,2
12,54
6,5
9,075000000000001
12,665
27,54
49,585
53,925
50,375
45,68
41,595
39,5
34,525000000000006
28,54
34,71
38,04
40,010000000000005
43,8
63,235
70,325
57,769999999999996
46,84
39,475
29,395
35,760000000000005
22,835
24,52
34,75
41,205
57,155
63,625
72,82
69,77000000000001
68,44
66,19
61,875
59,995
60,785
60,765
63,785000000000004
63,735
64,63
73,34
73,285
63,05
63,755
57,905
60,879999999999995
57,489999999999995
56,155
54,775000000000006
54,215
60,22
70,31
80,005
84,545
76,24
65,5
64,14
62,155
59,53
57,225
59,394999999999996
61,06
63,605
68,97
80,145
85,555
75,02000000000001
67,55
65,08
66,08
57,265
55,825
54,49
61,61
63,655
72,89
90,625
97,12
83,88499999999999
72,29499999999999
67,69
66,22
64,575
63,230000000000004
62,415
63,74
65,07
72,39
90,875
91,53
81,00999999999999
74,53
70,86
65,7
63,005
57,85
57,125
58,51
64,685
64,0
81,725
74,22
68,025
58,480000000000004
58,14
62,5
60,58
58,730000000000004
57,915
57,475
60,045
69,095
85,715
89,68
77,06
68,86500000000001
64,785
65,55
61,015
58,02
56,004999999999995
54,445
55,06
55,06
61,019999999999996
65,21000000000001
65,34
61,825
58,965
57,53
53,835
53,04
52,87
53,39
57,445
63,395
67,96000000000001
70,98
61,905
56,644999999999996
54,16
52,935
50,85
48,66
46,22
45,33
45,635000000000005
46,425
48,05
47,295
47,58
46,195
45,525000000000006
45,06
42,55
38,605000000000004
38,455
42,525
50,155
52,67
64,775
69,85
65,625
60,93
55,09
52,394999999999996
49,915000000000006
49,364999999999995
49,575
51,94
55,925
67,74000000000001
78,46000000000001
90,97
85,88499999999999
75,7
69,38
71,59
66,22
65,37
63,25
62,54
66,81
70,47999999999999
79,235
80,035
73,91
65,48500000000001
56,125
60,285
58,375
56,53
55,585
56,59
60,265
77,66499999999999
92,78
96,65
92,215
88,175
77,215
71,49000000000001
69,02
67,46000000000001
65,6
65,245
65,1
68,27
79,735
85,44999999999999
76,005
69,965
60,84
58,44
57,89
58,144999999999996
57,835
57,345
60,115
77,765
104,97
111,875
85,025
80,555
81,33500000000001
74,61
74,95
71,72999999999999
68,445
68,66499999999999
68,78
75,465
97,03999999999999
99,97
86,785
75,52000000000001
65,945
64,355
60,68
60,120000000000005
59,615
61,08
65,4
82,7
107,765
118,32
85,995
82,50999999999999
81,42
80,5
79,13499999999999
74,14
68,24000000000001
68,08500000000001
68,625
73,33000000000001
90,38499999999999
90,63
75,27
71,10499999999999
60,285
69,405
65,07
61,599999999999994
61,155
62,765
64,57499999999999
81,13
91,245
102,11
88,395
78,445
76,28
74,86
69,905
66,55000000000001
66,815
67,51
68,385
75,33
85,57
84,06
75,72
72,22
69,21000000000001
66,18
59,24
59,260000000000005
57,49
57,355000000000004
58,760000000000005
62,8
64,695
70,57499999999999
68,525
61,38
60,94
59,66
58,815
58,765
56,78
56,195
58,545
63,019999999999996
74,63
78,22
74,175
67,995
65,305
68,59
63,019999999999996
60,56
60,1
59,66
58,94
60,745000000000005
62,165
65,82499999999999
65,81
63,74
67,52
64,71000000000001
61,695
61,504999999999995
62,004999999999995
61,83
63,05
69,36
76,595
83,13
79,375
75,74000000000001
68,255
66,79
62,69
62,79
61,67999999999999
63,465
68,45500000000001
83,30000000000001
102,225
112,665
98,88
89,435
88,765
87,055
82,57
81,075
73,02000000000001
73,46000000000001
73,36
85,6
101,995
101,815
88,295
79,64
69,35
69,275
67,69999999999999
67,01
67,3
69,315
70,92
84,85
100,75999999999999
109,725
97,32
86,55
85,82
83,655
78,845
76,445
72,315
72,97
72,55
85,26
100,515
103,735
93,095
85,85499999999999
76,52000000000001
71,21000000000001
67,83000000000001
66,635
65,8
66,97
69,42
80,28999999999999
91,305
93,785
85,545
79,99000000000001
77,66499999999999
74,495
71,50999999999999
68,685
68,625
70,80000000000001
73,285
85,22
92,515
93,39500000000001
83,315
77,295
67,495
70,03
66,89500000000001
64,495
64,41
63,385
64,985
75,77000000000001
84,47
85,38499999999999
81,725
77,255
73,945
69,24000000000001
66,60499999999999
66,215
67,955
69,635
72,02
77,605
83,92500000000001
87,035
80,47
70,74000000000001
67,495
65,135
63,29
61,25
59,6
60,019999999999996
66,005
76,35
84,06
82,305
74,91
63,92
64,965
65,775
61,09
60,47
60,885000000000005
62,745000000000005
67,755
68,52000000000001
80,625
85,00999999999999
78,675
72,78
67,05
65,68
61,575
59,545
56,67
55,760000000000005
56,595
59,655
61,254999999999995
62,09
62,275000000000006
60,935
58,325
55,53
49,31
49,58
50,235
55,63
60,285
61,06
69,055
72,62
68,23
65,485
59,084999999999994
55,239999999999995
51,53
50,56
49,375
49,295
48,44
45,885
46,78
44,47
52,81
38,79
53,07
50,42
35,535
29,155
34,8
40,18
34,71
56,355000000000004
66,225
68,945
66,53
64,67
58,805
56,864999999999995
54,94
56,93
53,1
54,36
60,09
72,465
82,0
83,085
73,695
67,75
71,67500000000001
71,61500000000001
71,94
71,41
70,58000000000001
72,69
74,695
80,985
85,965
81,965
77,545
72,995
65,735
58,53
55,595
55,29
54,675
55,145
57,595
74,785
84,22999999999999
83,92
79,36500000000001
78,755
77,5
74,045
72,11500000000001
72,0
67,285
65,94
70,25
74,975
80,425
81,32
72,57499999999999
63,894999999999996
58,42
57,18
53,245000000000005
57,540000000000006
55,835
57,585
59,53
71,35
79,58000000000001
83,625
73,93
64,91
73,00999999999999
71,97999999999999
69,02
68,5
67,11500000000001
65,45
67,605
73,94999999999999
78,38
81,72999999999999
72,32
70,92
58,47
58,815
56,325
56,245000000000005
56,09
58,04
58,1
70,66
79,385
84,19999999999999
75,565
74,75999999999999
75,705
72,705
73,745
68,045
71,705
73,475
71,095
69,19
75,905
78,19
70,32499999999999
62,935
58,58
60,235
58,519999999999996
57,995000000000005
58,64
59,775
62,379999999999995
62,035
65,455
68,985
71,86
71,18
71,91
69,64500000000001
64,9
63,589999999999996
63,019999999999996
63,17
69,93
66,245
76,325
81,21
77,745
75,065
68,655
68,11000000000001
63,65
61,765
60,445
60,41
58,230000000000004
57,230000000000004
56,695
60,2
59,595
56,18
55,425
54,625
52,3
48,400000000000006
47,03
49,23
52,120000000000005
54,425
61,45
69,36500000000001
65,78
62,485
56,745000000000005
56,855000000000004
52,349999999999994
50,760000000000005
49,1
47,485
48,205
47,675
43,785
47,985
46,935
44,07
43,06
40,79
22,47
10,545
9,025
10,355
35,415000000000006
49,0
56,03
66,05000000000001
65,505
62,07
54,879999999999995
56,61
53,099999999999994
50,84
51,245000000000005
51,260000000000005
54,745
59,980000000000004
68,24000000000001
68,995
61,975
57,845
55,465
51,03
48,879999999999995
50,425
59,0
49,894999999999996
53,14
60,045
75,69999999999999
80,675
66,17
66,41499999999999
54,64
44,620000000000005
36,614999999999995
23,9
16,21
19,395
23,59
59,385
62,975
68,84
66,035
60,885
57,010000000000005
53,959999999999994
52,955
54,565
55,339999999999996
57,265
64,19999999999999
68,0
75,435
76,925
64,455
52,565
46,879999999999995
41,585
40,379999999999995
37,730000000000004
39,735
41,39
45,09
66,625
69,08500000000001
67,935
63,535
61,33500000000001
59,21
60,525
57,455
55,375
54,290000000000006
60,915
58,5
55,515
68,03
68,905
65,245
61,18
54,010000000000005
53,43
52,245000000000005
51,61
49,285
50,790000000000006
52,075
63,05
70,175
74,925
64,69999999999999
64,33
63,94499999999999
66,26
61,54
62,59
64,625
66,445
71,25
77,985
87,025
90,635
84,09
80,025
72,695
75,495
69,63999999999999
64,495
60,644999999999996
59,54
63,129999999999995
74,53
79,525
93,045
79,13499999999999
72,92
71,69
67,26
61,495000000000005
52,545
51,32
51,555
52,75
59,47
72,775
79,075
75,545
70,88
65,63
66,285
60,78
62,575
59,995000000000005
59,989999999999995
58,075
56,34
59,114999999999995
60,535
55,724999999999994
49,125
45,82
43,555
36,065
23,83
24,695
33,53
48,985
56,315
67,64500000000001
69,445
62,8
56,765
48,425
21,525
11,405000000000001
7,51
5,5249999999999995
5,055
2,9349999999999996
2,55
3,285
5,4
5,02
2,585
7,8
8,35
-8,92
-30,720000000000002
-24,52
-7,005000000000001
11,8
40,85
51,295
57,54
52,86
52,2
42,125
48,14
44,405
41,975
38,88
36,015
43,980000000000004
60,004999999999995
72,015
75,155
63,75
56,235
53,845
54,76
55,105000000000004
54,51
58,42
60,325
68,81
72,98
82,21000000000001
87,47
83,78
77,8
70,07
67,925
64,32
61,22
61,72
61,6
65,255
75,97999999999999
85,53999999999999
92,59
82,845
77,6
76,43
72,34
69,07
64,875
63,495
65,765
69,56
77,115
84,055
84,685
81,825
74,76
68,61500000000001
63,95
61,625
59,065
56,8
57,455
60,82
70,66499999999999
79,745
84,735
76,97999999999999
71,425
70,46000000000001
66,405
61,445
59,03
59,695
63,385
67,75999999999999
73,485
79,10499999999999
80,445
76,46000000000001
71,735
65,68
64,04
60,205
58,18
56,605000000000004
56,114999999999995
58,41
64,68
75,32
79,78999999999999
72,835
66,49000000000001
64,9
62,13
59,870000000000005
62,06
61,035
64,38
64,715
62,86
72,35499999999999
82,09
76,035
72,025
66,53999999999999
71,305
65,92
61,64
59,025000000000006
59,45
65,97
73,59
80,64500000000001
86,005
78,18
71,19
71,735
68,08500000000001
62,3
63,81999999999999
58,769999999999996
69,22999999999999
67,595
76,315
82,16999999999999
85,235
85,14
82,5
74,61500000000001
71,52000000000001
66,58
61,04
59,315
58,595
58,07
59,44
64,345
66,645
65,275
61,370000000000005
58,995000000000005
57,379999999999995
53,225
49,92
53,2
54,315
56,519999999999996
68,945
77,135
80,02000000000001
76,58
71,0
64,88
54,0
49,555
43,125
39,0
36,815
35,885
31,91
34,345
37,635000000000005
38,275
32,65
45,515
46,980000000000004
26,535
14,27
14,31
24,82
41,84
58,894999999999996
69,025
75,93
74,83
69,975
62,795
60,254999999999995
53,525000000000006
49,91
39,980000000000004
45,69
57,875
74,395
83,11
92,39500000000001
82,975
76,96000000000001
75,85
72,455
66,99
61,34
62,03
62,66
69,38
77,365
85,99
89,42500000000001
87,0
80,955
73,975
66,535
61,394999999999996
58,87
56,739999999999995
59,165
66,04499999999999
79,595
86,535
91,035
85,695
79,305
76,34
71,83
67,22999999999999
62,715
62,875
66,495
72,33
79,225
87,3
91,015
89,08000000000001
84,78999999999999
78,575
72,93
66,28999999999999
63,595
62,685
64,465
70,0
77,33
83,1
92,11
86,065
81,105
78,28
73,755
68,555
63,980000000000004
64,03999999999999
65,235
71,505
79,775
84,93
91,13499999999999
89,195
86,74
77,85
70,11
62,58
60,885
59,28
59,385000000000005
65,975
78,495
91,225
95,08500000000001
86,035
75,33500000000001
69,985
63,885
60,58
57,41
57,790000000000006
59,81
64,1
74,84
83,59
89,4
85,505
75,43
62,315
50,625
36,815
35,980000000000004
34,18
34,25
46,355
70,525
65,88
72,85
65,7
48,65
63,9
63,055
59,845
60,945
65,06
67,015
69,89
73,925
78,18
69,725
62,09
57,555
46,375
49,71
45,445
38,61
36,985
33,91
34,019999999999996
44,41
52,065
59,7
62,82
60,620000000000005
63,6
52,31
49,07
36,545
45,835
51,055
41,575
60,04
62,03
66,69
63,71
50,125
37,25
34,935
28,515
23,445
18,7
20,17
17,02
13,42
20,755
24,064999999999998
28,975
26,8
22,385
23,544999999999998
12,535
2,6850000000000005
2,49
11,995
25,115
49,47
61,03
72,36500000000001
71,83500000000001
68,38
55,715
50,455
32,525
24,825
20,905
17,37
37,08
37,565
58,745
65,745
62,49
61,165
67,44
68,245
58,629999999999995
62,63
62,07
63,285000000000004
55,205
67,31
70,975
68,72
64,965
63,64
55,3
56,05
51,894999999999996
48,629999999999995
46,035
45,269999999999996
52,31
68,765
80,03999999999999
83,67500000000001
76,33000000000001
71,515
67,72999999999999
62,72
57,964999999999996
63,5
63,760000000000005
66,99000000000001
71,035
73,035
81,465
79,735
76,795
74,975
66,765
61,325
55,5
54,735
52,64
51,620000000000005
58,995000000000005
74,93
84,565
85,57499999999999
77,495
73,805
73,875
70,77000000000001
65,925
64,1
61,035000000000004
63,095
65,975
73,765
78,64500000000001
80,6
77,575
75,47999999999999
64,38499999999999
61,81
58,394999999999996
56,455
53,64
54,519999999999996
62,21
76,66
82,935
85,065
79,265
76,475
78,33500000000001
72,825
69,755
70,495
71,55
75,27000000000001
74,83500000000001
81,59
86,69999999999999
89,97
87,59
84,71000000000001
76,9
70,64500000000001
65,715
63,93
62,05
63,2
68,995
82,805
90,03999999999999
92,75
85,675
80,47999999999999
79,235
74,67500000000001
70,69999999999999
65,535
68,685
65,42
72,67500000000001
79,025
84,95
86,31
83,335
81,285
75,80000000000001
71,43
67,4
65,41
62,2
63,010000000000005
62,335
64,325
66,475
64,74000000000001
63,01
59,269999999999996
54,95
50,980000000000004
39,555
29,5
29,27
36,625
49,99
59,015
68,02000000000001
72,31
71,455
70,44999999999999
65,215
56,465
50,54
45,56999999999999
44,955
45,644999999999996
42,754999999999995
42,620000000000005
45,72
43,224999999999994
38,035
32,305
27,52
26,575
22,015
15,11
18,585
23,065
30,480000000000004
53,365
67,965
73,86
74,905
72,525
63,08
60,85
57,65
55,379999999999995
54,43000000000001
55,370000000000005
59,825
77,33
89,11500000000001
88,055
78,20500000000001
67,435
65,39
63,724999999999994
59,795
58,055
58,245
58,004999999999995
65,32
79,00999999999999
85,02000000000001
85,405
82,975
78,94
69,845
63,7
59,66
57,695
57,245
58,125
62,605000000000004
76,65
85,2
85,64
75,91
66,435
63,099999999999994
60,6
57,205
56,055
57,135
58,85
67,4
76,215
83,855
83,60499999999999
79,24000000000001
75,695
68,59
63,59
59,4
57,425
57,28
56,945
62,305
71,03
81,36
81,465
72,72
63,495
60,614999999999995
58,22
55,455
54,745
55,09
56,93
66,42
75,94
81,885
82,775
77,99000000000001
73,97
62,33
58,015
54,004999999999995
52,519999999999996
50,465
50,565
54,045
59,675
69,22
69,605
64,93
59,61
58,625
56,525
54,510000000000005
55,33
56,815
60,379999999999995
67,92
75,1
82,275
82,52000000000001
79,1
76,26499999999999
70,305
67,32
62,775000000000006
59,65
58,095
57,81
61,59
74,30000000000001
82,03
85,43
79,265
73,685
73,005
69,285
63,94499999999999
63,004999999999995
63,525
66,43
74,795
80,465
83,46000000000001
83,32
81,32
79,1
72,705
70,95
64,05
60,155
58,44
57,78
57,535
58,5
62,11
65,99
66,655
59,61
58,685
57,375
53,7
50,765
52,129999999999995
54,53
60,65
70,315
75,275
76,285
75,315
73,21000000000001
63,925
59,39
56,545
53,965
52,345
50,385000000000005
47,595
48,480000000000004
51,485
54,614999999999995
56,805
56,355000000000004
56,7
54,68
51,23
47,510000000000005
46,815
48,015
54,535
61,115
70,00999999999999
77,46000000000001
77,705
77,63
69,195
68,025
63,0
60,545
59,114999999999995
60,995
64,485
79,83
86,52
90,155
85,5
84,24
80,545
80,495
76,80000000000001
76,24000000000001
76,61500000000001
79,39500000000001
81,28
84,08000000000001
88,325
89,245
86,13
82,015
76,725
71,87
66,51499999999999
65,065
63,8
64,35499999999999
67,455
79,905
88,485
92,28
84,82499999999999
80,305
78,715
75,095
73,44
74,64
74,58500000000001
75,28999999999999
78,765
83,555
89,705
95,025
87,53999999999999
84,52
77,94999999999999
70,285
65,74000000000001
63,94
62,965
63,94500000000001
67,11
80,81
87,31
89,055
83,18
77,7
74,37
71,16499999999999
71,495
70,285
72,875
74,28999999999999
79,565
84,44999999999999
88,265
91,38499999999999
89,265
85,045
78,445
75,305
70,355
67,17
64,72999999999999
65,16499999999999
68,4
80,59
88,09
90,285
85,22999999999999
82,13
81,69
78,26
75,075
75,82
77,505
79,1
80,675
84,4
93,74000000000001
94,66499999999999
89,055
85,985
79,505
77,845
72,255
66,685
65,3
64,965
68,09
80,965
91,66
89,75
84,07
76,13
75,64500000000001
77,41499999999999
75,56
75,845
76,065
76,86500000000001
77,53
81,49000000000001
86,88499999999999
89,285
87,03999999999999
82,96
78,47999999999999
74,015
67,83500000000001
63,52
58,315
56,07
56,07
58,435
64,455
70,095
65,11
55,285
51,42
65,27
29,695
58,035
30,38
44,230000000000004
67,9
72,765
57,2
78,525
76,96000000000001
71,56
52,739999999999995
43,96
31,56
22,64
30,990000000000002
18,25
19,03
19,995
20,41
17,685000000000002
17,805000000000003
12,385
12,525
15,01
2,465
-8,34
-0,495000000000001
9,05
19,54
56,42
69,16
76,695
79,94
79,44999999999999
71,045
67,07
60,400000000000006
57,36
51,17
54,22
62,485
78,35
88,275
88,965
82,55000000000001
69,94
67,98
68,005
65,195
65,55
64,49
69,735
77,875
85,955
92,345
94,185
91,035
90,205
83,12
77,655
71,505
68,72
67,88
67,765
70,795
86,065
95,935
96,285
88,83
82,485
79,78
74,965
72,36
73,895
77,005
79,85499999999999
85,03
93,28999999999999
97,515
100,495
96,18
91,035
83,985
76,48
70,12
68,525
65,985
67,205
69,435
83,60499999999999
95,71000000000001
98,315
90,965
83,28999999999999
78,5
75,50999999999999
75,06
77,455
78,52
82,53
90,12
99,685
109,44999999999999
105,25999999999999
96,805
87,525
72,475
69,66
66,805
64,54499999999999
62,375
63,3
66,44999999999999
76,41
92,765
96,775
86,465
79,625
82,14500000000001
81,19
82,78
83,465
82,785
85,47999999999999
87,78
93,68
110,57
104,195
96,91
90,8
81,41
76,33500000000001
71,35
69,16
67,36
67,92500000000001
71,28
84,97
96,47999999999999
99,965
94,36500000000001
87,155
84,78999999999999
82,795
82,035
74,16
74,80000000000001
75,03999999999999
85,175
90,72999999999999
99,955
98,925
93,805
87,69
80,66
78,945
72,56
69,625
67,8
66,17
63,239999999999995
66,69
71,62
72,555
71,06
68,595
65,945
65,725
62,175
60,28
60,480000000000004
65,005
74,785
79,525
87,925
92,22
89,965
86,185
79,345
73,97
66,1
62,099999999999994
59,095
54,955
49,68
50,51
52,739999999999995
59,96
56,01
59,465
58,78
57,565
55,04
38,48
59,03999999999999
61,665000000000006
62,82
70,84
80,62
85,625
86,005
86,52
78,16499999999999
69,44
65,25
62,735
61,09
61,135
65,16
80,185
91,395
95,1
92,39
86,275
85,02000000000001
82,36
81,28999999999999
82,86
85,12
87,07
89,68
94,37
96,59
97,465
93,675
88,09
80,965
74,89
70,12
67,44
65,9
65,47999999999999
68,07
83,86
94,995
99,325
95,9
93,53
92,085
90,775
89,85
90,115
92,38499999999999
95,465
98,9
100,685
102,73
102,87
102,21000000000001
92,13
85,245
84,16499999999999
74,475
78,49
78,13499999999999
78,585
75,62
94,195
110,065
115,755
109,355
103,44
101,91
99,35499999999999
99,695
102,445
105,74000000000001
105,50999999999999
107,55
114,985
129,59
128,965
115,68
101,24
92,185
88,65
85,23
84,175
83,9
79,5
81,74000000000001
96,505
112,045
122,05000000000001
120,14500000000001
121,35499999999999
133,54000000000002
135,965
132,84
135,935
127,535
132,58
132,465
123,64500000000001
132,07
128,245
122,185
105,015
98,22
88,615
83,46000000000001
80,52
79,185
80,86
79,975
90,24
100,245
110,9
109,405
106,38499999999999
104,005
97,545
98,045
100,805
101,025
103,14
104,19
112,03
117,41
111,75
113,84
101,195
93,86
89,11500000000001
83,5
81,975
80,295
76,63
75,45500000000001
78,63
81,275
82,53999999999999
79,115
79,14
78,77
74,86
70,075
67,94
75,35
81,11500000000001
84,005
87,42
96,72999999999999
97,435
96,185
92,03999999999999
86,27000000000001
79,765
71,07
67,46000000000001
65,62
62,03
61,49
63,61
63,725
68,63499999999999
68,78999999999999
64,99000000000001
73,745
71,41
70,595
64,03
60,019999999999996
57,775
72,045
86,53
94,035
94,855
99,305
94,045
86,975
78,105
68,91
65,11500000000001
54,010000000000005
56,165
57,05
91,74
99,805
100,755
101,12
99,20500000000001
99,175
97,045
100,13
102,685
108,01
113,005
115,63499999999999
116,025
121,115
123,305
122,485
104,7
97,9
91,81
83,73
80,555
77,25
77,255
79,265
95,2
110,5
117,565
117,25999999999999
114,775
115,42500000000001
110,47999999999999
111,695
116,72999999999999
117,93
121,9
121,295
125,265
131,255
126,46000000000001
119,815
105,85
100,195
86,315
79,035
75,945
75,72999999999999
76,28999999999999
76,5
93,83
103,175
111,15
114,88
112,38
112,5
104,275
105,57
109,77000000000001
115,13499999999999
118,50999999999999
119,68
115,8
120,43
113,38
110,965
101,19
95,09
91,025
79,555
77,77
77,065
76,92
77,695
90,67500000000001
98,19
105,41
106,965
102,485
99,715
97,94
97,63
98,13
99,025
101,205
100,66
103,52
112,375
109,185
105,345
100,52
97,205
91,695
88,295
84,33000000000001
82,41999999999999
82,315
85,55000000000001
98,985
111,27000000000001
121,03999999999999
110,63
110,915
112,9
105,625
106,005
108,1
107,52000000000001
109,205
101,41499999999999
103,55
110,745
111,85
106,55
104,4
98,09
90,91499999999999
84,985
81,82
78,03
76,735
78,03
81,77
84,605
86,28999999999999
82,61500000000001
87,98
89,63
87,655
86,505
85,565
83,91
88,05
85,27000000000001
95,96
105,63
105,855
105,94999999999999
102,53999999999999
94,39
90,72
83,225
78,5
74,825
73,69
72,72999999999999
75,305
74,80000000000001
76,83500000000001
77,03999999999999
76,015
75,525
77,055
74,33
73,30000000000001
73,46
77,77000000000001
82,63999999999999
90,41999999999999
96,725
99,19
100,67500000000001
100,475
93,015
80,64
74,43
72,61500000000001
71,555
73,58000000000001
75,32
94,38499999999999
102,755
107,765
104,31
101,295
102,41499999999999
98,965
95,77
96,005
95,18
99,015
103,78
108,93
117,225
118,655
114,255
103,08
95,47999999999999
87,61500000000001
79,14500000000001
74,695
71,055
69,275
73,12
81,775
95,905
97,07
89,70500000000001
84,42
91,815
87,33500000000001
91,78
93,875
94,625
91,625
90,42
97,675
103,455
105,4
104,11500000000001
101,195
91,68
81,215
74,245
73,16499999999999
82,05000000000001
82,03999999999999
77,61500000000001
99,65
107,545
115,03999999999999
113,435
112,735
113,39
110,01
109,8
112,61500000000001
114,875
117,905
119,965
122,655
134,14499999999998
131,12
122,575
114,75999999999999
106,11
93,215
86,16499999999999
82,975
80,37
80,31
82,655
101,71000000000001
113,03999999999999
116,025
113,445
107,505
113,695
110,94999999999999
109,285
110,97999999999999
113,9
114,91
118,41
131,365
141,17000000000002
139,10500000000002
121,6
109,99000000000001
101,025
87,60499999999999
79,58
78,195
76,11
75,97999999999999
78,42
93,6
105,97999999999999
109,225
105,89
103,67
100,555
96,815
95,21000000000001
93,93
94,65
95,725
96,465
99,345
103,34
102,905
100,64
98,16
92,355
85,05000000000001
79,71000000000001
74,535
72,555
71,14500000000001
70,77000000000001
74,245
79,025
80,425
78,9
73,995
74,80000000000001
74,75999999999999
73,565
71,28999999999999
71,86500000000001
75,295
82,38
93,58
100,46000000000001
102,44999999999999
102,425
99,255
95,655
86,85
79,845
75,075
70,995
69,08
68,36500000000001
68,535
72,69999999999999
74,28
74,5
73,14500000000001
75,235
74,5
70,875
70,60499999999999
70,77000000000001
75,06
74,005
82,89
93,66499999999999
100,285
102,85499999999999
100,5
93,055
82,52000000000001
74,695
72,03999999999999
71,215
70,975
73,27000000000001
92,475
105,59
106,095
103,28
97,71000000000001
100,795
101,66499999999999
101,93
104,93
103,19
104,19
114,31
115,63499999999999
119,06
118,585
116,52000000000001
106,31
98,66999999999999
92,14
83,555
79,495
77,505
77,99000000000001
81,555
98,72
105,87
112,58
110,35
107,255
113,75999999999999
109,00999999999999
109,21000000000001
114,075
115,655
111,445
110,00999999999999
107,32
112,505
109,245
102,93
99,93
95,145
81,86500000000001
75,41
73,285
71,71000000000001
71,265
75,22999999999999
92,295
101,955
108,74000000000001
107,52000000000001
102,02000000000001
102,265
100,795
98,3
100,1
97,81
97,53
98,54
102,255
106,875
105,98
104,28
97,935
94,25
81,025
74,46
72,265
71,38
72,63
77,45500000000001
92,59
103,045
107,89
104,81
102,435
103,46000000000001
98,715
97,16
99,195
100,86500000000001
104,05
104,85
106,745
108,72999999999999
108,11
105,41
98,96000000000001
95,04499999999999
85,38499999999999
78,36
75,67
74,13499999999999
73,555
81,095
95,16499999999999
103,42
107,85
111,22
111,145
112,0
105,36500000000001
103,51
104,295
104,96000000000001
106,14
102,87
101,875
105,15
103,26
100,8
98,41499999999999
94,015
76,17
70,255
65,015
60,015
57,79
56,980000000000004
65,48
73,38499999999999
89,52
90,445
90,19
89,775
87,36500000000001
83,61500000000001
83,26
88,745
93,21000000000001
91,045
89,185
90,575
92,33500000000001
92,19
84,325
72,66499999999999
63,965
56,425
50,3
47,31999999999999
45,75
48,2
49,989999999999995
52,28
53,495000000000005
50,2
45,275
64,75
64,08500000000001
59,519999999999996
50,114999999999995
26,485
31,785
45,45
74,11500000000001
91,245
96,72999999999999
100,41
91,11500000000001
85,59
75,525
70,32499999999999
67,16
66,365
66,98
73,83000000000001
94,64500000000001
100,595
106,31
104,59
103,5
104,07499999999999
104,93
105,25999999999999
106,27
104,255
105,755
106,92
109,29
113,85499999999999
115,105
112,68
105,785
98,935
85,125
79,32
77,505
75,87
76,515
80,265
105,72
112,675
113,925
114,465
109,895
112,47
111,195
113,335
114,475
114,93
113,055
113,065
119,16
122,275
119,805
116,75
108,535
95,78999999999999
83,765
78,23
75,6
75,265
75,31
78,78999999999999
96,475
107,595
107,67
101,13499999999999
93,50999999999999
94,025
97,32
94,53999999999999
95,7
95,435
95,85499999999999
100,21000000000001
110,03
116,755
117,405
114,96000000000001
106,375
95,1
86,7
79,61
77,91999999999999
76,655
76,305
79,215
92,81
101,41499999999999
103,825
97,565
90,145
86,625
90,095
89,22
89,44999999999999
88,095
83,82
89,47
98,925
108,875
107,60499999999999
106,975
101,28
90,41
83,62
77,1
73,87
72,59
73,465
78,55000000000001
92,36500000000001
103,66999999999999
105,14
96,92
95,015
94,15
93,9
94,34
90,485
83,5
83,615
93,91499999999999
96,78999999999999
104,435
106,935
103,14
98,075
90,345
83,86
78,78
74,305
71,125
69,735
69,465
72,58
81,81
78,88499999999999
79,6
77,89500000000001
87,14
87,065
86,78
79,265
74,47
79,78999999999999
84,245
92,25999999999999
97,53999999999999
99,885
102,11
96,105
90,03
69,955
66,065
57,224999999999994
52,14
52,215
52,144999999999996
53,225
54,14
56,265
63,03999999999999
63,565
62,004999999999995
61,089999999999996
61,05
60,53
57,36
55,845
66,945
79,20500000000001
87,79499999999999
91,86
93,065
92,47
87,135
77,75
72,74000000000001
70,19999999999999
68,535
70,19999999999999
74,445
89,635
99,80000000000001
105,265
101,775
106,01
111,125
106,025
107,5
112,43
110,57
114,02000000000001
115,45500000000001
116,525
116,87
113,02000000000001
111,10499999999999
101,83500000000001
100,63
94,52
82,57
80,44
75,35
75,96
78,56
97,64
106,47999999999999
117,41
116,195
114,595
119,045
113,6
113,595
113,62
114,17
117,05
121,53999999999999
122,515
126,515
122,37
117,555
107,235
100,47999999999999
95,435
84,16499999999999
83,11
81,80000000000001
81,12
82,975
98,535
113,30000000000001
121,77
125,08
124,57
128,62
125,615
129,01999999999998
132,945
135,72
136,81
135,1
132,825
137,63
135,255
131,3
115,27
109,72
95,2
88,04499999999999
83,815
83,185
82,75999999999999
86,9
100,0
110,485
118,245
124,13499999999999
127,055
126,44
127,81
128,055
128,135
131,02
131,665
127,78
131,58499999999998
136,435
140,985
131,14000000000001
114,86
108,11
96,72999999999999
89,38
87,975
86,64
87,44
87,06
99,895
109,97999999999999
115,065
122,02000000000001
124,475
124,05
123,14
124,03
125,82499999999999
124,78
132,445
133,54500000000002
140,245
142,99
143,45999999999998
137,64
129,885
107,435
85,14
74,765
68,555
67,825
66,125
67,49
74,455
84,59
93,42500000000001
111,83500000000001
112,46000000000001
108,155
109,39500000000001
105,745
105,01
108,265
113,8
117,58
117,13
119,19999999999999
120,975
120,31
103,14
83,555
67,095
57,85
49,96
47,05
44,835
45,815
47,19
55,75
59,775
66,38499999999999
67,235
68,155
68,59
65,49000000000001
61,885
62,835
62,655
67,325
73,975
82,62
90,545
93,72999999999999
86,56
69,155
63,815
63,855000000000004
56,92
52,985
52,86
59,905
81,265
91,57
93,87
88,86
84,16499999999999
85,615
83,4
78,255
76,41
81,305
82,63
93,655
102,815
118,58
122,645
120,11500000000001
108,72
94,115
87,85
81,795
79,305
76,945
76,49000000000001
80,47
97,225
118,01
121,77
117,19500000000001
112,08500000000001
123,02000000000001
130,625
124,145
120,775
119,11500000000001
130,59
128,21
132,08499999999998
138,89
140,54500000000002
137,52
125,9
108,79
90,015
81,07
77,82
76,33500000000001
76,845
80,73
98,745
116,005
146,435
143,375
145,38
147,575
146,04000000000002
143,63
148,44
138,16
133,81
140,46
147,525
144,465
147,615
133,3
122,445
105,525
95,495
89,445
86,485
84,08500000000001
85,025
86,625
100,87
127,19500000000001
132,35
129,865
135,39
140,07
138,65
135,695
132,98
130,565
115,38
112,645
127,755
118,345
120,155
115,71000000000001
101,74000000000001
80,44999999999999
67,545
62,37
63,77
60,625
60,56
66,015
81,81
92,43
146,06
156,58
169,26999999999998
172,29500000000002
180,51999999999998
177,515
162,505
138,855
104,38499999999999
125,60999999999999
131,405
151,35000000000002
160,435
160,21
121,11000000000001
91,89
86,515
66,81
59,905
59,235
57,91
59,445
60,07
63,44
73,145
84,1
82,495
82,43
80,71
78,99
77,24
79,88
101,245
116,665
150,95499999999998
163,51999999999998
167,215
167,215
125,71000000000001
99,09
71,465
60,63
34,21
39,33
37,915
34,480000000000004
75,62
84,325
81,575
82,72999999999999
108,59
108,75
94,32499999999999
93,825
92,7
97,255
142,385
143,14999999999998
142,37
145,25
172,0
159,74
159,1
83,07499999999999
70,11500000000001
57,230000000000004
77,105
66,635
53,04
68,175
83,56
114,985
128,965
140,39
140,13
164,89999999999998
173,525
168,765
153,05
160,54
180,995
190,215
192,055
192,06
192,11
192,12
162,55
129,17
90,75
77,965
74,82
70,375
74,58500000000001
83,715
109,09
122,94
129,01999999999998
115,235
120,605
121,38
122,76
131,405
127,7
131,565
140,345
176,85
198,01
211,95999999999998
215,985
202,995
171,275
107,755
107,50999999999999
100,045
87,33
87,565
90,55
89,565
114,6
124,85
126,89000000000001
127,89500000000001
144,6
154,95499999999998
158,745
152,5
167,09
161,43
167,79500000000002
174,72
188,015
184,05
187,35
168,48000000000002
118,53999999999999
108,275
99,78999999999999
92,21000000000001
89,97999999999999
87,56
86,55
86,88
106,16
119,03
118,72999999999999
112,15
107,465
125,485
140,09
139,965
137,01
138,68
135,7
143,1
162,615
175,875
200,35000000000002
146,905
132,56
120,07499999999999
97,32
86,92
83,58500000000001
81,405
81,87
85,63
109,655
119,255
120,225
112,985
112,985
121,49000000000001
129,995
127,495
125,03
125,02000000000001
121,225
115,545
121,495
128,45999999999998
127,405
126,68
111,495
108,03
106,97999999999999
97,955
86,705
89,955
89,875
85,345
93,18
96,1
105,235
100,89500000000001
100,695
104,71000000000001
103,89
104,12
101,36
105,11500000000001
115,03
115,03999999999999
133,51
140,71
144,78
137,95499999999998
118,19
109,305
94,32
78,33500000000001
70,17
68,73
62,355
60,06
78,185
90,245
88,91499999999999
91,03
91,84
93,99000000000001
94,59
93,08500000000001
94,19999999999999
99,66
103,81
108,93
114,34
131,55
149,01
152,535
127,965
116,045
101,47
93,72
82,58
82,515
82,52000000000001
88,10499999999999
111,71000000000001
114,02
115,66499999999999
115,765
115,55
115,295
125,275
124,845
127,795
119,07499999999999
119,86
121,58
130,39499999999998
136,54500000000002
139,345
129,87
120,42500000000001
108,795
90,61
81,91
80,75
78,33
79,69999999999999
82,07
112,34
116,125
116,82
111,21000000000001
108,805
110,38
114,115
114,685
113,975
115,4
116,32
118,53999999999999
126,36500000000001
129,85500000000002
132,70499999999998
125,095
113,86500000000001
110,755
73,44
65,56
65,235
63,339999999999996
71,925
74,755
104,4
111,135
116,19999999999999
112,235
110,89500000000001
110,3
108,15
107,78
110,19
111,08500000000001
118,66499999999999
122,025
129,45499999999998
137,01999999999998
137,27
128,275
105,89
94,3
66,735
62,705
61,875
60,45
60,73
65,9
98,36
106,18
109,925
107,66499999999999
105,335
104,69999999999999
104,73
105,09
108,25
111,98
114,695
116,965
123,485
132,565
135,85500000000002
128,745
115,485
105,045
93,08500000000001
84,795
81,92
81,64500000000001
82,41999999999999
87,07
103,295
120,09
124,775
115,015
106,945
104,85
102,47
99,05
98,615
101,58000000000001
104,28
104,35
117,14
125,725
129,525
123,295
114,46000000000001
107,08
100,51
92,325
86,3
83,08
81,845
82,825
91,705
95,59
98,76
94,51
91,285
89,155
90,31
86,56
86,61
90,33000000000001
93,655
100,905
112,66499999999999
123,46000000000001
125,66
117,525
110,97999999999999
101,88499999999999
88,945
80,17
77,58
73,14
74,05
64,58500000000001
80,08500000000001
84,745
84,2
82,83000000000001
82,09
82,245
82,17500000000001
78,315
78,975
82,15
89,215
95,505
108,85
120,185
131,02
124,015
118,235
104,845
81,975
73,295
71,95
71,9
71,695
77,935
103,53999999999999
111,25999999999999
114,58
112,515
112,45
111,295
112,185
111,08
109,4
110,965
112,69
115,72999999999999
120,305
124,395
128,315
120,19
109,8
104,025
85,41
79,025
78,625
76,69999999999999
77,45
83,42500000000001
102,59
115,955
124,455
117,75999999999999
111,715
112,72
112,825
112,85
114,53999999999999
116,475
120,02000000000001
124,915
131,805
137,01
140,77499999999998
130,555
120,24000000000001
107,585
89,265
80,735
79,935
79,78
78,84
85,255
101,535
111,505
118,08500000000001
116,11000000000001
112,46000000000001
110,515
109,58500000000001
107,72
108,505
109,77000000000001
111,82
116,47999999999999
130,385
140,425
142,36
122,48
110,78999999999999
103,88
95,26499999999999
86,94
85,505
85,58
85,305
90,715
116,345
127,99000000000001
130,86
131,45
124,49
122,595
118,015
118,75
120,265
121,07499999999999
122,16499999999999
131,495
137,695
146,345
149,845
130,22
122,85000000000001
116,28999999999999
93,755
82,34
84,075
81,31
81,33500000000001
88,095
108,75
119,785
126,94
122,96000000000001
116,72999999999999
117,10499999999999
115,005
111,545
112,125
113,82
116,50999999999999
117,815
123,17
132,38
133,57
117,535
113,225
107,28
91,905
86,185
82,60499999999999
79,015
77,56
78,405
82,18
91,37
96,515
94,455
92,31
98,44
97,33500000000001
86,78999999999999
82,81
85,82
90,695
95,82
103,435
107,78
118,175
103,055
98,08
84,9
77,31
73,52
72,805
66,52000000000001
65,19
65,975
66,35
74,59
77,39500000000001
80,47
80,37
81,87
80,63
77,07499999999999
73,495
71,655
81,025
91,88499999999999
95,91499999999999
105,955
115,425
99,865
90,535
83,625
82,02
81,11500000000001
78,27000000000001
76,02000000000001
85,02000000000001
87,565
109,78
121,78
130,025
129,5
122,255
121,82499999999999
123,07499999999999
122,87
122,53
123,85
131,175
133,125
136,51
141,12
149,825
131,805
119,91499999999999
95,65
98,19
95,735
92,465
92,38499999999999
94,185
98,94999999999999
123,875
136,16
140,125
138,05
132,51999999999998
130,03
125,455
125,15
127,38
128,53
131,16500000000002
134,48000000000002
137,45
149,95
153,26999999999998
141,675
135,72
106,745
97,00999999999999
93,14500000000001
90,605
89,13
90,98500000000001
99,425
121,075
136,66500000000002
140,335
133,51999999999998
123,50999999999999
119,525
119,03
118,87
116,94
117,41
109,25
119,395
131,375
143,39
142,73
125,69
116,03
104,37
99,275
95,495
93,465
92,625
93,445
102,19
125,69
143,86
145,04500000000002
128,97500000000002
118,88
115,215
112,61
110,15
106,16
109,435
112,035
123,85
138,39499999999998
154,22
152,45499999999998
132,615
120,25999999999999
112,86
101,85499999999999
96,15
93,87
90,58
91,035
96,855
120,925
132,985
133,02499999999998
123,705
113,285
116,61500000000001
113,4
114,505
112,93
113,32
132,065
133,305
140,785
152,51999999999998
154,825
136,02
128,56
119,47
112,74000000000001
104,05000000000001
97,97
96,285
95,68
97,86500000000001
105,36500000000001
116,97
117,735
113,895
100,03
98,31
96,66999999999999
91,355
90,60499999999999
91,735
94,66
108,44
125,35
141,485
142,20499999999998
127,995
118,50999999999999
103,77
102,44
97,32
93,47999999999999
90,27000000000001
88,905
88,525
89,48
92,99
93,77
90,545
84,95500000000001
83,03
87,075
72,75999999999999
69,06
74,855
84,51
93,775
121,27000000000001
133,36
136,8
124,35499999999999
116,475
96,36500000000001
98,13499999999999
94,48
93,245
89,74000000000001
93,045
101,34
129,495
149,8
151,27499999999998
141,975
132,495
122,165
129,54500000000002
126,715
112,27
129,565
131,86
142,67000000000002
155,15
185,24
177,98000000000002
146,04000000000002
128,875
113,965
111,8
110,44
106,13
103,94
104,87
110,84
139,925
159,76999999999998
161,93
141,995
131,82999999999998
121,33
121,555
120,625
121,00999999999999
123,69999999999999
117,74
134,28
146,85500000000002
177,11
169,865
143,67000000000002
127,42
112,75999999999999
110,94
106,50999999999999
103,655
101,86500000000001
103,22
110,44
138,04500000000002
147,415
149,05
135,03
122,58
114,74
108,53999999999999
109,46000000000001
108,69
106,065
114,155
131,45
144,505
161,14499999999998
151,62
135,335
122,53999999999999
111,87
109,49000000000001
106,895
102,855
99,445
101,125
108,725
136,695
148,5
149,68
142,66500000000002
132,54500000000002
126,555
125,25999999999999
126,03
126,63499999999999
126,035
135,505
143,95999999999998
156,905
173,01999999999998
167,06
149,055
138,155
123,42
119,255
115,655
113,35
111,325
112,57499999999999
117,07499999999999
143,72
156,005
160,73
153,35500000000002
146,595
139,64499999999998
137,025
130,1
125,56
131,33
143,32999999999998
149,73000000000002
157,865
164,255
164,11
149,27999999999997
140,70499999999998
129,04
132,355
122,43
113,57499999999999
109,38
109,19999999999999
111,375
124,315
130,415
137,395
136,785
132,535
127,465
121,60499999999999
117,8
112,425
118,24000000000001
120,58
130,975
145,065
154,555
152,845
144,97
133,51
118,94
111,12
104,91
101,86500000000001
98,5
99,13999999999999
100,09
101,37
104,24000000000001
108,13499999999999
108,735
104,42500000000001
103,66
101,59
90,10499999999999
82,44
88,04499999999999
100,495
108,795
132,94
148,215
150,76
139,94
130,95499999999998
117,30000000000001
117,625
112,37
107,205
106,77000000000001
108,57499999999999
117,385
150,025
161,51
165,385
155,15
147,885
142,505
140,07999999999998
137,76999999999998
137,175
143,05
147,2
159,41
175,11
190,79
189,13
162,93
147,54500000000002
132,755
126,36500000000001
121,505
115,705
111,46000000000001
112,77000000000001
123,025
153,725
172,62
175,63
164,585
151,875
149,325
141,615
139,42000000000002
137,48000000000002
144,82999999999998
155,265
166,9
186,77
192,98
186,235
158,17000000000002
145,595
124,765
127,89000000000001
125,165
121,99
117,69
121,125
130,58499999999998
168,115
180,54000000000002
192,805
189,85
181,865
178,17000000000002
178,29500000000002
175,085
175,985
181,13
182,45
187,255
190,70999999999998
194,725
193,015
173,72
163,6
150,25
136,24
130,78
124,53999999999999
120,58000000000001
120,305
134,825
172,195
183,575
188,29000000000002
183,635
180,505
175,105
174,03500000000003
168,435
171,835
172,91500000000002
165,81
172,34
180,83
191,835
192,345
177,41500000000002
168,615
146,79500000000002
130,24
123,055
119,34
116,03999999999999
120,9
132,45
165,905
182,5
188,555
182,02
174,715
166,56
159,05
147,3
147,79
150,785
149,505
172,345
181,015
193,495
184,64499999999998
177,99
168,24
148,475
145,43
132,73
127,26
122,83000000000001
120,265
122,295
135,435
150,79000000000002
161,03
156,285
139,26999999999998
142,45499999999998
132,06
127,575
128,12
125,475
137,015
146,275
167,515
178,64499999999998
176,01999999999998
156,345
135,95499999999998
131,05
90,855
81,975
78,75
76,805
75,57
77,98
79,49000000000001
89,38499999999999
118,66999999999999
114,58
112,055
114,57
115,055
89,13499999999999
74,625
84,595
91,88499999999999
117,58
155,25
165,22
166,405
150,625
131,06
114,175
106,06
97,98500000000001
96,91999999999999
99,25
96,9
116,63499999999999
160,875
179,715
186,825
179,825
171,385
167,01999999999998
160,485
154,855
156,72
156,56
162,91500000000002
172,68
179,01
202,025
187,585
170,93
153,805
136,785
135,82
128,51
120,805
115,495
117,795
129,865
164,84
184,48
186,64
177,795
164,375
155,925
148,91
141,29500000000002
138,265
141,88
150,755
174,425
179,5
192,91500000000002
185,655
165,885
147,51
134,125
117,575
107,655
102,525
100,095
105,005
121,66
170,92000000000002
193,985
202,79
188,465
177,535
172,22500000000002
163,965
160,67000000000002
164,44
174,465
180,735
184,625
194,62
224,305
197,51
181,01
125,94999999999999
110,17
97,345
83,785
72,16
67,66499999999999
65,28
76,68
122,49
153,945
172,85
152,515
147,47
146,95999999999998
144,51
143,615
135,8
143,42000000000002
152,51
158,535
172,28
214,505
189,535
160,555
147,5
126,32499999999999
112,535
74,09
69,18
65,025
70,285
83,595
144,18
166,815
174,44
159,70499999999998
146,01999999999998
153,64999999999998
156,985
150,21499999999997
125,20500000000001
144,62
147,615
145,345
166,57
179,945
165,56
133,68
123,08
112,03999999999999
147,555
135,505
107,58
106,595
110,495
133,34
155,765
158,32999999999998
146,155
137,91
131,92000000000002
134,075
141,645
130,04
126,025
131,20499999999998
137,02
162,605
181,18
202,26
189,38
169,735
157,54500000000002
143,08
138,575
124,58500000000001
108,00999999999999
97,0
103,465
104,795
110,525
115,52000000000001
119,815
121,91
119,545
118,115
116,35499999999999
104,38499999999999
99,79
101,87
113,18
137,675
165,895
184,82999999999998
179,22
163,21
154,74
129,275
126,625
109,44
103,005
98,27000000000001
99,965
109,66499999999999
161,16
181,855
191,07
184,815
182,485
184,95499999999998
175,47
172,36
167,45999999999998
166,03
174,70499999999998
171,275
186,515
210,01999999999998
195,695
178,305
166,55
137,9
140,335
123,655
110,5
107,06
113,36
126,17
172,26999999999998
189,595
194,91
188,09
178,47500000000002
173,9
169,66500000000002
166,23
155,43
160,71
172,66500000000002
182,875
194,6
225,635
193,185
178,04500000000002
161,495
139,385
123,0
112,96000000000001
101,18
92,495
92,94
107,07
160,97500000000002
189,965
198,155
191,215
187,47
167,215
164,47
159,41000000000003
146,995
149,135
180,655
166,34
178,54500000000002
205,01
190,39999999999998
153,725
141,92000000000002
134,945
109,20500000000001
105,97
95,695
69,41999999999999
72,41499999999999
101,285
127,78
169,385
169,83499999999998
172,925
170,01999999999998
177,02499999999998
172,49
164,69
156,73000000000002
155,505
150,725
170,11
195,97
209,775
191,59
166,12
169,39
147,18
121,805
99,06
81,92
64,02
68,345
117,075
156,385
174,595
187,625
177,405
180,04500000000002
184,21499999999997
178,725
177,79000000000002
171,14499999999998
181,975
186,19
188,095
185,595
194,51
175,95
152,37
167,03
123,845
143,32
103,06
93,235
89,78999999999999
90,07499999999999
109,71000000000001
160,38
183,73000000000002
183,625
185,155
176,76
171,59
182,95499999999998
167,41500000000002
148,09
122,515
139,355
160,065
172,425
180,07999999999998
175,385
153,485
158,18
108,72
170,05
156,735
136,425
125,21000000000001
125,295
120,02000000000001
133,9
152,57999999999998
162,6
162,505
153,53
155,81
157,835
153,86
143,965
146,99
160,325
174,53
214,16
229,425
219,875
204,505
183,34500000000003
169,825
100,695
85,59
82,74000000000001
79,465
83,16499999999999
120,055
189,51
227,685
230,065
221,76
206,91
204,385
203,305
200,54500000000002
197,495
201,865
220,015
220,78
235,075
252,005
236,66000000000003
211,84
173,845
151,595
164,89499999999998
135,505
133,395
99,725
105,685
127,81
179,99
224,835
220,12
210,53
197,83999999999997
189,18
174,72
163,64
160,015
159,755
174,78
220,36
221,58499999999998
238,03
217,465
205,875
179,88
160,345
110,495
88,83500000000001
79,615
70,345
73,49
99,345
180,04000000000002
221,11
240,185
230,07999999999998
210,645
205,07
201,33499999999998
192,31
192,125
193,945
206,655
233,755
245,895
275,88
250,45499999999998
224,475
206,32
184,20999999999998
230,72
221,47000000000003
220,005
213,43
215,95
232,185
327,52
360,53999999999996
386,54
357,795
362,315
360,0
357,505
354,03999999999996
360,865
344,14
344,64
323,76
352,51
420,45500000000004
341,99
329,25
319,8
275,775
177,465
168,695
166,14499999999998
155,675
160,26
175,36
229,54500000000002
265,57
282,045
258,5
235,16000000000003
216,57999999999998
200,97
181,23000000000002
164,60500000000002
165,72
196,155
226,04000000000002
251,445
265,6
230,63
202,71
173,725
146,85
154,77499999999998
138,73
134,26999999999998
131,685
131,57999999999998
136,595
149,975
174,79
191,185
177,42000000000002
152,66
145,6
143,74
127,625
118,19
120,98
137,35
189,55
216,39999999999998
232,45499999999998
206,03500000000003
179,475
171,33999999999997
157,025
147,615
126,35999999999999
118,685
116,88499999999999
117,65
121,725
137,35
155,645
172,405
168,625
160,14999999999998
155,76
153,15
145,28
138,82
139,04500000000002
148,81
176,95499999999998
221,785
240,0
224,265
202,07
182,405
161,73000000000002
146,805
134,8
127,97999999999999
122,27
131,415
147,62
211,385
257,78999999999996
269,265
258,65
230,255
219,32
202,46499999999997
197,115
204,97500000000002
206,51999999999998
225,79500000000002
235,615
250,855
290,005
257,245
223,805
187,5
166,55
175,01999999999998
134,31
128,095
117,265
119,945
153,21
220,37
245,535
258,63
255,065
222,72
222,64
207,505
202,215
212,055
215,855
225,05
226,27499999999998
247,75
272,065
245,03
201,635
188,925
161,79000000000002
181,89999999999998
163,32
140,87
131,97500000000002
140,82
157,35000000000002
220,815
236,505
255,305
244,005
227,35500000000002
219,54000000000002
207,315
200,81
207,29
211,22
223,91000000000003
242,535
267,89
303,30499999999995
255,4
224,985
215,645
197,865
187,99
179,635
165,235
163,725
163,17000000000002
187,095
214,525
257,225
273,03
257,415
233,54500000000002
230,735
213,36
209,79000000000002
214,04000000000002
222,92
220,72
226,45
254,81
289,135
239,085
218,4
199,435
189,25
129,07999999999998
111,47999999999999
104,505
90,555
92,47
140,95
218,01999999999998
228,195
235,56
225,09
212,98000000000002
202,925
208,355
200,97
199,85500000000002
200,51999999999998
204,335
214,82999999999998
249,22
271,54999999999995
230,07
208,7
194,77499999999998
161,32999999999998
212,56
150,78500000000003
165,13
164,99
162,1
170,9
209,29
234,07999999999998
245,16
235,76
213,785
210,04500000000002
209,995
189,905
183,54000000000002
191,4
212,805
236,54500000000002
254,06
305,35
247,445
235,95499999999998
225,865
200,775
152,875
132,14999999999998
127,255
146,815
144,905
149,82
170,48000000000002
177,715
184,63
192,75
190,64499999999998
186,56
185,4
169,215
169,82
180,45999999999998
189,865
221,825
251,9
279,19
253,155
239,005
229,135
197,77999999999997
178,875
165,79000000000002
159,99
156,39
160,22
184,185
238,065
283,945
304,22
293,525
252,065
241,12
227,49
228,595
226,035
246,765
239,24
275,29
314,88
324,70000000000005
297,7
243,02
225,49
206,05
197,67000000000002
181,33
174,515
172,64
182,04500000000002
199,95
235,565
274,185
294,025
284,94
251,93
236,45
226,445
228,51
235,04500000000002
245,965
261,72
281,03499999999997
312,155
327,505
296,005
265,025
239,57999999999998
215,515
207,14
204,64
195,05
189,54500000000002
192,365
209,145
247,56
295,20500000000004
306,03499999999997
274,955
238,36
221,195
207,475
205,45999999999998
205,26999999999998
224,055
257,78000000000003
262,82
282,15
285,94
257,255
224,29
203,445
179,76999999999998
193,44
178,25
157,8
150,49
159,39
192,615
223,285
245,69
266,92
252,495
245,94
247,985
225,46499999999997
218,12
228,025
231,51999999999998
243,85500000000002
241,7
261,62
280,355
259,13
224,345
213,385
196,70999999999998
194,565
175,66
165,635
156,17000000000002
157,435
201,805
231,47
268,48
296,37
278,76
247,83499999999998
236,66500000000002
223,655
219,76
224,04500000000002
237,04500000000002
250,04000000000002
265,04499999999996
290,22
309,795
266,125
241,32999999999998
216,60000000000002
201,505
197,56
192,565
185,07
180,45
184,03
198,07999999999998
215,63
233,31
245,45499999999998
237,25
223,95
213,62
205,07999999999998
200,32999999999998
189,195
195,63
212,825
247,84
282,75
291,345
261,425
226,24
206,575
178,39999999999998
176,45499999999998
155,135
142,325
130,425
115,1
118,195
151,745
171,075
183,94
188,54500000000002
175,6
191,07999999999998
183,165
165,51
149,07999999999998
160,01
178,85
193,45499999999998
229,255
254,38
212,625
208,42
188,515
173,53
141,70999999999998
136,22500000000002
115,17
101,17500000000001
110,00999999999999
156,53
209,805
246,4
255,88500000000002
252,195
236,075
224,015
217,55
217,485
215,82
227,72500000000002
239,175
262,2
283,255
288,52
270,345
232,16
219,845
195,31
202,79500000000002
190,39
166,45499999999998
157,39999999999998
162,515
196,035
234,175
277,65
293,71000000000004
293,425
263,455
250,425
235,98000000000002
227,0
233,14
238,005
254,86
264,95500000000004
305,56
308,01
261,925
237,415
228,83499999999998
201,265
206,255
191,195
179,57999999999998
172,70999999999998
176,72
202,32
243,35000000000002
274,75
280,0
259,36
232,66000000000003
226,54
219,89499999999998
212,51999999999998
217,515
226,82
230,14999999999998
242,68
275,33000000000004
286,67
251,26000000000002
230,62
229,77499999999998
207,125
201,375
181,675
160,19
154,14
159,73000000000002
191,57
227,575
253,22
265,92499999999995
237,60000000000002
216,81
213,60000000000002
205,565
195,695
194,525
205,82
212,38
236,285
259,84000000000003
261,255
235,155
216,97000000000003
209,57999999999998
189,72
168,81
160,74
142,89
119,80000000000001
154,115
168,72
229,775
243,03
243,39
233,84
221,8
216,995
193,14999999999998
187,575
192,555
204,85
224,145
226,07
237,345
240,39499999999998
233,485
219,315
190,575
145,795
128,775
129,14
117,065
115,025
122,525
136,69
141,215
175,19
198,98000000000002
198,57999999999998
194,60000000000002
178,84
169,775
160,615
160,79000000000002
166,075
185,22
214,195
235,79500000000002
243,715
226,655
205,785
176,935
113,215
185,03
162,095
145,03
144,98
134,66
129,59
142,985
143,135
166,38
167,22
165,575
170,115
174,015
174,23000000000002
168,08999999999997
166,64
167,39499999999998
181,33499999999998
215,74
219,04
220,075
219,075
211,42000000000002
184,38
166,1
170,45499999999998
148,73000000000002
133,285
115,225
115,82
156,2
151,95
146,765
143,21
147,535
147,515
172,03
170,4
161,10500000000002
152,79000000000002
153,3
176,095
187,73000000000002
179,25
179,42000000000002
168,565
171,53
144,535
123,21000000000001
147,525
143,485
133,52999999999997
124,19999999999999
133,49
156,615
201,10000000000002
228,45
242,115
225,57999999999998
218,375
218,085
214,94
208,7
222,45999999999998
226,42000000000002
246,11
279,56500000000005
296,145
277,575
237,06
217,985
200,04000000000002
182,315
159,03
149,14
142,69
128,36
130,01999999999998
153,945
199,64499999999998
217,64499999999998
242,55
220,85500000000002
215,135
220,725
215,01999999999998
216,47000000000003
220,655
229,60500000000002
236,885
270,72
294,135
258,68
219,98
199,45
175,385
154,5
162,21499999999997
142,635
137,23000000000002
134,1
135,59
149,85000000000002
176,32
205,37
214,425
204,01
204,435
197,655
189,39
180,08499999999998
177,57999999999998
208,66
201,54
225,185
241,18
227,59
210,345
174,95
170,8
156,91
152,60500000000002
125,34
122,39
121,48500000000001
126,665
140,735
185,68
207,81
213,79
211,76999999999998
214,28
204,485
199,10500000000002
200,39
202,88
215,885
252,945
265,4
262,21000000000004
244,19
217,54000000000002
205,89499999999998
168,55
149,485
134,95
126,075
116,58000000000001
106,455
105,31
128,165
136,685
164,245
167,78
154,32
154,625
147,6
144,925
145,925
158,72
168,12
180,435
201,81
209,57
197,115
179,82
171,535
158,69
137,195
150,745
138,57
123,815
103,51500000000001
89,71000000000001
108,36
112,52000000000001
132,58499999999998
164,56
156,375
159,33499999999998
160,535
169,11
151,79500000000002
155,1
146,515
141,06
168,77
187,54
173,39
151,775
129,99
153,45
143,54
126,375
110,785
120,73499999999999
102,275
113,445
165,84
218,345
239,115
254,35500000000002
244,395
230,69
231,56
228,215
227,265
239,91500000000002
259,12
271,41999999999996
290,595
288,32
261,49
226,33499999999998
207,54500000000002
192,7
165,685
179,14
160,935
149,26999999999998
145,005
145,025
159,935
197,015
224,11
239,155
229,26
216,89
217,54500000000002
215,5
216,6
220,285
224,82999999999998
230,01999999999998
254,39
250,13
228,735
194,835
178,06
160,865
144,065
121,505
117,75999999999999
112,945
109,14500000000001
124,515
159,28
208,515
239,31
254,865
253,43
246,155
247,46499999999997
238,67000000000002
232,62
226,64499999999998
242,835
256,19
284,73
286,23
281,16999999999996
244,43
223,25
207,32
177,16
177,55
164,445
153,29500000000002
146,39499999999998
147,33499999999998
164,16
190,585
219,22
228,995
220,49
205,67
203,615
198,055
198,445
214,66500000000002
234,91000000000003
241,95499999999998
262,135
256,265
237,75
220,95
198,48000000000002
181,355
166,33499999999998
168,675
164,51
161,11
155,945
159,345
168,495
203,64499999999998
221,16000000000003
235,485
222,845
210,83499999999998
208,41500000000002
205,51
201,07
216,635
236,575
255,165
277,27
257,34000000000003
253,42000000000002
221,595
203,64999999999998
181,305
171,82999999999998
195,39499999999998
190,715
186,71499999999997
165,765
168,26999999999998
176,035
188,195
194,85500000000002
200,065
194,59
187,535
186,31
185,86
183,255
184,04000000000002
185,15
202,62
232,89
230,42000000000002
225,45999999999998
203,46
189,22
183,08499999999998
175,495
198,365
169,255
162,95
146,51999999999998
145,81
152,505
159,315
164,41500000000002
171,93
176,11
176,825
178,68
179,385
172,39999999999998
174,59
182,075
205,14
224,595
225,62
225,01
202,135
182,18
179,215
171,07
209,425
168,91500000000002
163,625
157,64
156,995
172,43
206,11
239,14499999999998
252,35500000000002
251,37
245,76
246,98
243,09
241,555
246,625
255,135
269,935
295,88
295,08500000000004
264,41999999999996
238,89
220,445
190,875
176,99
186,24
160,405
146,345
145,04
144,33499999999998
168,685
211,91
263,975
275,05
272,16999999999996
267,0
268,6
266,45
265,19
268,09
269,255
274,005
307,90999999999997
308,895
286,57000000000005
251,835
223,33499999999998
207,185
185,325
195,06
182,165
166,625
157,01
158,14499999999998
189,89499999999998
222,23000000000002
246,16000000000003
263,745
268,64
263,65500000000003
263,025
254,2
255,51
271,38
280,32
281,36
293,71000000000004
280,925
273,05499999999995
255,0
236,04500000000002
216,60500000000002
205,06
230,58499999999998
217,35500000000002
218,29500000000002
197,81
204,575
216,885
247,46
274,43
292,245
286,845
275,125
275,15
272,51
267,915
269,69
277,525
284,925
309,57500000000005
297,41499999999996
289,2
271,365
248,67000000000002
232,83499999999998
203,905
215,97
188,55
203,97
189,04500000000002
192,375
221,16500000000002
244,53
281,895
283,09000000000003
274,96500000000003
259,545
251,01999999999998
250,335
241,16
236,29500000000002
242,48000000000002
257,14
280,75
279,695
269,385
250,76500000000001
230,54500000000002
222,265
214,52499999999998
189,53
181,305
121,58000000000001
130,355
139,03
156,16500000000002
205,64
220,77
236,22
232,2
224,325
222,63
215,695
213,01999999999998
216,875
228,655
241,035
269,28499999999997
286,11
282,28499999999997
247,655
243,715
233,625
200,005
200,05
172,425
186,465
175,13
180,86
190,0
194,785
213,995
214,45
220,495
215,23
223,845
222,405
217,72
211,3
212,99
227,24
242,42000000000002
258,33
255,685
239,60500000000002
224,22
212,01
182,28
198,39
188,89
171,445
162,515
164,65499999999997
201,07999999999998
235,22
284,145
290,375
286,645
278,36
286,21000000000004
283,04499999999996
281,515
282,0
290,66499999999996
300,03999999999996
314,06
306,33000000000004
302,28
276,75
248,90499999999997
232,31
209,51999999999998
208,48000000000002
195,865
171,24
166,2
174,04
205,69
281,985
309,39
328,435
318,075
306,45
300,7
302,45500000000004
292,615
298,96500000000003
296,4
310,18499999999995
344,115
337,625
319,615
289,91999999999996
264,49
242,23000000000002
219,94
209,155
199,20999999999998
195,42000000000002
181,10500000000002
197,765
221,97
282,545
340,755
352,94
340,025
327,175
319,12
306,195
305,8
324,45
355,775
363,005
417,51
406,18
390,8
339,955
296,13
259,205
255,03
218,665
199,805
192,47500000000002
189,92000000000002
198,515
222,99
292,13
340,59000000000003
357,67999999999995
331,1
320,28999999999996
318,505
301,905
313,32
336,81
344,98
349,95500000000004
378,605
371,55
348,82000000000005
314,775
271,435
226,45
186,675
193,81
186,25
172,26999999999998
174,33499999999998
180,72
198,715
259,68
298,41499999999996
297,98
294,0
282,51
271,03999999999996
275,97
267,70000000000005
267,7
274,36
279,74
281,265
272,555
238,26999999999998
223,835
190,28500000000003
178,905
166,53
174,7
176,86
169,885
158,935
170,505
159,995
190,1
204,095
234,36
235,05
233,14499999999998
231,35
226,94
222,055
228,37
234,615
250,95499999999998
275,945
283,105
270,005
235,34
207,555
195,815
179,99
196,815
184,71
177,745
172,6
166,45499999999998
158,91500000000002
171,215
187,59
189,945
197,075
199,43
204,22
205,575
198,945
196,505
206,09
220,785
245,915
243,07
233,92000000000002
220,56
199,985
201,135
175,31
174,035
172,325
168,35500000000002
164,805
164,065
181,09500000000003
232,615
302,435
334,015
327,945
314,995
315,95500000000004
310,645
322,1
336,35
339,47
360,52
401,345
388,995
346,96000000000004
298,57500000000005
249,36
210,99
167,7
148,89499999999998
140,05
127,4
134,535
134,285
152,365
195,005
230,075
258,18
254,04000000000002
263,33500000000004
246,79500000000002
234,925
234,55
243,31
277,59000000000003
291,145
282,435
272,105
262,16499999999996
236,715
205,315
174,89
152,515
155,45
139,69
129,43
142,085
150,515
184,07
229,005
255,3
271,825
257,94
255,76999999999998
263,395
242,415
257,325
252,32999999999998
276,62
304,95500000000004
329,975
317,04999999999995
284,955
255,885
224,075
200,515
175,35500000000002
160,575
161,255
152,685
172,24
179,07
210,465
253,195
293,40999999999997
312,235
295,55499999999995
285,65999999999997
290,645
288,505
291,45
291,08
301,72
325,855
363,46500000000003
339,385
310,71000000000004
279,615
247,54
212,385
187,715
178,34
158,405
139,27499999999998
127,885
132,14
171,035
239,43
274,58500000000004
287,165
278,575
264,665
257,25
241,57999999999998
247,79000000000002
256,31
270,825
292,985
298,24
296,48
263,84499999999997
234,71499999999997
207,68
182,89
150,265
152,26
142,8
161,43
161,45499999999998
161,755
156,92000000000002
183,41
206,09
228,96499999999997
237,49
239,76
237,555
238,5
227,23000000000002
228,135
223,0
246,20999999999998
262,945
267,86
256,58500000000004
222,975
197,745
187,0
178,7
158,55
156,39499999999998
128,47
112,07499999999999
108,35
114,82000000000001
123,52000000000001
181,035
193,91
203,23000000000002
207,895
212,36
208,32
203,905
196,62
202,79500000000002
222,825
244,85500000000002
256,865
243,26
224,095
205,83999999999997
192,11
166,055
153,065
133,385
115,725
121,96000000000001
87,47
130,905
242,175
311,56
347,53499999999997
360,19
340,53
328,03499999999997
313,365
303,44
307,475
316,735
323,89
325,77
304,135
257,38
229,625
197,485
116,03999999999999
80,11
164,94
147,435
138,855
135,54000000000002
146,47500000000002
171,175
228,78
286,38
299,405
296,355
288,105
280,13
283,33500000000004
279,365
284,98
293,27
310,17
300,03499999999997
293,23
277,83500000000004
245,305
216,305
193,495
177,3
169,885
146,83499999999998
104,225
105,18
112,705
165,16500000000002
201,75
229,625
249,82
242,89
220,85500000000002
215,28
216,35
219,325
228,95499999999998
239,61
261,185
279,245
274,805
277,16499999999996
244,31
218,82
214,70499999999998
197,76
201,41500000000002
201,48000000000002
191,74
189,665
194,59
214,195
264,58500000000004
316,15
335,79
340,555
334,08000000000004
330,945
327,075
325,495
334,66499999999996
333,315
341,345
350,96500000000003
341,765
323,725
281,695
247,015
229,99
207,715
210,74
194,12
179,3
143,015
176,725
207,91500000000002
249,735
266,425
296,505
287,03999999999996
276,94
273,255
262,205
252,92000000000002
253,055
263,03499999999997
280,46500000000003
309,53499999999997
288,875
283,885
261,065
232,255
228,435
210,875
210,455
177,60500000000002
166,52
176,25
182,32
193,0
218,01
241,38
262,66499999999996
281,115
276,445
271,265
264,025
244,39
235,42000000000002
241,505
256,90500000000003
274,80499999999995
274,78999999999996
242,64
221,31
202,405
187,015
157,2
160,405
137,355
130,075
121,17999999999999
120,36500000000001
120,76
118,275
152,635
152,695
175,24
199,51999999999998
208,925
211,84
204,73000000000002
208,28
221,45
244,74
274,40999999999997
279,78
270,02
254,975
229,65
226,765
200,275
204,765
188,11
177,94
176,07
178,11
206,53
260,47
314,35
344,195
341,055
328,975
325,92
323,88
318,57
320,115
327,405
330,975
344,665
354,88
346,135
290,48
256,065
242,6
211,63
228,03500000000003
192,71
185,695
188,49
198,14499999999998
224,38
294,305
347,965
370,645
377,31
361,89
365,755
365,46000000000004
363,305
364,16999999999996
366,87
375,055
400,03499999999997
396,2
373,08
341,445
308,04
273,29999999999995
244,035
250,72
227,865
218,05
211,36
215,775
243,05
297,58
345,885
353,975
354,255
350,925
370,48
359,675
334,91
343,005
348,735
354,115
383,025
362,435
344,9
326,715
307,02
281,96000000000004
252,40499999999997
274,71500000000003
255,45
238,6
244,115
255,935
271,885
324,685
393,895
410,515
413,36
408,15
405,77
402,83000000000004
393,85
395,28499999999997
399,08500000000004
415,295
434,005
421,145
405,32
375,685
339,88
303,58
283,755
279,72
276,78
248,43
239,7
248,25
273,87
307,94
387,54499999999996
394,685
386,475
387,435
384,79999999999995
377,78999999999996
359,31
363,93
381,05
388,17499999999995
398,675
389,53499999999997
387,56
344,93
303,90999999999997
289,90999999999997
272,28999999999996
292,53499999999997
272,505
265,385
249,425
240,77999999999997
236,41500000000002
260,455
286,59000000000003
290,615
310,34
304,815
293,515
278,005
269,255
269,25
280,015
300,22
318,945
308,855
273,815
258,525
230,06
205,135
188,45
169,10000000000002
160,035
165,255
131,94
121,99
138,555
165,265
230,16500000000002
252,53499999999997
259,41999999999996
258,505
258,605
250,45499999999998
237,035
239,52
256,275
260,82
270,03499999999997
281,65999999999997
278,08
257,24
249,575
273,18
209,965
246,755
231,155
221,33999999999997
201,32
180,655
208,47500000000002
319,44
398,71
418,795
409,13
392,445
383,255
369,56
383,01
397,925
432,025
441,385
446,96000000000004
465,48
442,03
402,775
351,395
330,68
300,99
296,70000000000005
297,54
287,91499999999996
210,43
283,94
314,59000000000003
386,365
441,67499999999995
479,88
456,82500000000005
464,55
457,45500000000004
441,96000000000004
436,51
450,63
477,565
484,085
505,03999999999996
519,675
497,83500000000004
461,85
405,48
375,195
332,695
343,07000000000005
341,985
320,40999999999997
294,235
298,9
340,405
401,55999999999995
482,55499999999995
520,355
508,78499999999997
490,84000000000003
461,245
442,335
442,365
473,82
494,76
504,605
532,1500000000001
522,48
489,985
424,96000000000004
397,775
341,365
300,0
324,625
317,23
302,145
281,935
288,45000000000005
327,63
371,06
414,64
437,9
420,72
394,20500000000004
389,38
352,895
319,28999999999996
352,71500000000003
396,59000000000003
411,08000000000004
434,21500000000003
416,58500000000004
395,31
347,225
286,73
238,70999999999998
204,415
171,89499999999998
165,005
161,885
151,945
161,115
174,57999999999998
181,955
215,78
251,465
251,09
242,635
244,51500000000001
249,745
236,115
243,245
244,84
271,64
298,16499999999996
284,71500000000003
282,365
267,455
246,445
242,1
216,79000000000002
201,435
177,91500000000002
177,43
157,93
141,07
133,66
130,59
160,18
191,805
213,59
220,97500000000002
226,765
228,04
223,515
222,79000000000002
228,01
240,77
252,16
253,31
245,54000000000002
237,56
228,115
222,58499999999998
193,385
176,265
148,97000000000003
138,625
116,655
116,9
115,15
118,635
146,28
176,07
186,33499999999998
194,06
200,385
199,01
195,115
192,72
195,565
202,79000000000002
220,19
223,25
217,655
203,8
178,225
164,125
135,45499999999998
139,55
116,73500000000001
112,845
102,70500000000001
98,30000000000001
117,69
144,07
183,255
211,74
231,42000000000002
234,36
233,41
234,79000000000002
229,255
223,345
222,0
226,125
232,685
234,45499999999998
224,195
192,185
164,955
149,99
128,615
127,13999999999999
114,07
85,21000000000001
79,995
88,71000000000001
116,59
121,545
161,035
196,28
181,385
185,28
204,85
208,3
199,47
198,87
215,03
238,595
249,765
239,36
228,72
210,175
189,76
142,16
121,35
128,565
97,49
93,26
87,31
90,885
113,07
177,115
206,865
240,45
247,13
215,55
215,3
214,54500000000002
210,99
209,01
209,58499999999998
207,75
213,29
203,17000000000002
185,595
185,22
129,945
109,11
91,715
88,82499999999999
62,035
38,959999999999994
29,555
25,945
62,19
94,25999999999999
111,535
141,23499999999999
165,925
181,07999999999998
175,7
162,35500000000002
162,24
155,45499999999998
167,275
184,605
195,065
190,55
183,01999999999998
129,37
117,5
101,25
83,72
94,945
62,83500000000001
56,16
25,395000000000003
23,6
49,17
105,155
127,975
90,575
96,88
100,64500000000001
130,71
128,93
134,76
140,515
136,54
129,13
208,94
144,13
131,60500000000002
110,86
107,39
105,725
70,31
0,0
0,0
0,0
0,0
0,0
0,0
0,0
0,0
0,0
0,0
0,0
0,0
0,0
0,0
0,0
0,0
0,0
0,0
0,0
0,0
0,0
0,0
0,0
0,0
