36,975
33,83
33,83
29,7
28,43
27,564999999999998
28,435000000000002
28,545
29,384999999999998
30,785
30,39
30,085
30,685
29,48
30,015
31,785
35,575
40,71
43,555
43,03
41,545
38,25
37,845
33,485
34,955
33,01
32,165
31,4
31,485
32,675
41,41
48,650000000000006
50,245000000000005
50,72
48,629999999999995
47,915
47,59
47,425
48,535
61,17
61,29
59,7
59,769999999999996
58,36
56,045
52,525
46,790000000000006
44,61
36,415
35,775000000000006
34,019999999999996
32,41
32,004999999999995
36,135
44,585
50,195
51,14
51,14
50,73
49,46
48,39
49,33
53,9
55,35
68,41499999999999
85,25
64,2
73,35499999999999
56,515
49,370000000000005
57,38
52,15
44,14
47,614999999999995
41,9
36,295
36,95
43,31
43,47
47,225
51,535
51,785
53,625
62,67999999999999
52,445
49,575
71,045
49,86
56,455
59,739999999999995
57,835
55,69
50,35
47,825
43,43
41,935
38,9
36,870000000000005
35,605000000000004
30,975
29,675
28,935
31,494999999999997
33,53
35,599999999999994
37,315
38,045
38,265
38,605000000000004
35,09
35,06
36,68
39,94
43,995000000000005
45,599999999999994
45,345
42,775
38,629999999999995
37,31
31,505
32,475
32,355000000000004
30,03
28,104999999999997
27,405
30,54
35,04
43,625
45,370000000000005
46,04
45,125
44,235
43,129999999999995
42,22
42,370000000000005
44,36
45,8
49,305
50,004999999999995
49,459999999999994
46,61
45,055
38,295
34,675
37,42
35,385000000000005
34,915
33,815
34,33
36,8
46,265
51,405
55,18
54,66
51,945
52,47
52,095
49,325
52,325
56,775
59,849999999999994
62,85
60,45
55,94
51,370000000000005
49,985
45,985
42,47
44,004999999999995
38,955
36,129999999999995
34,565
35,435
43,175
49,480000000000004
54,89
63,415
55,515
54,08
53,82
53,555
52,644999999999996
53,69
55,765
67,08500000000001
74,705
69,16
65,34
76,465
66,025
55,645
45,065
48,55
43,46
39,14
38,900000000000006
40,445
44,795
54,870000000000005
66,785
79,39
67,845
76,505
77,04499999999999
82,555
70,175
73,92500000000001
61,875
85,405
81,58000000000001
71,16999999999999
64,075
59,205
72,505
52,519999999999996
47,435
49,03
45,655
44,045
43,845
43,379999999999995
48,065
62,16
82,12
79,88999999999999
79,86500000000001
67,93
65,64500000000001
65,505
57,67
56,95
61,05499999999999
80,71000000000001
82,32
71,765
63,55500000000001
59,855000000000004
54,14
48,235
46,83
48,370000000000005
46,685
44,315
41,82
42,58
44,71
49,695
54,260000000000005
56,25
55,16
51,675
51,980000000000004
49,06
48,015
48,335
52,46
55,465
59,78
58,769999999999996
58,22
51,475
47,82
46,635
42,82
43,55
42,165
40,325
35,84
34,69
35,95
40,825
41,4
41,71
45,07
45,2
46,045
45,519999999999996
44,36
46,644999999999996
47,025
53,629999999999995
69,005
67,08
71,905
66,05000000000001
62,995
56,7
46,644999999999996
47,3
39,44
41,405
38,33
39,625
45,084999999999994
52,510000000000005
65,96000000000001
74,25999999999999
74,095
67,015
65,03
67,45
63,114999999999995
66,86
68,515
75,385
82,52000000000001
79,74000000000001
71,95
67,455
60,135000000000005
69,37
55,519999999999996
54,685
45,935
43,52
42,29
43,785
54,53
72,22
68,83500000000001
73,845
71,58
66,535
64,155
61,925
68,475
62,885000000000005
68,065
74,705
78,945
77,92
71,77
69,485
62,305
60,82
52,34
56,635
53,785
47,5
43,965
46,92
51,489999999999995
67,53
77,535
111,13
91,24
78,79
105,27
104,75
91,015
89,945
74,375
78,685
79,69
77,15
76,315
70,13
72,305
71,265
57,19
51,42
46,64
42,754999999999995
41,28
41,39
50,785
57,105000000000004
64,88499999999999
64,05499999999999
68,595
66,08500000000001
66,33500000000001
65,95
64,55
64,345
65,51
68,14
67,605
66,55
65,335
60,915
55,019999999999996
53,08
47,480000000000004
47,41
44,265
40,935
39,67
40,89
51,25
62,489999999999995
64,03
72,65
69,425
67,795
63,07000000000001
67,62
58,05
54,22
60,155
65,745
69,225
66,845
65,535
61,715
55,535
54,475
50,44
46,185
43,795
41,14
39,42
38,989999999999995
40,955
44,965
48,724999999999994
54,05
57,305
55,475
54,3
52,730000000000004
51,129999999999995
50,535
50,239999999999995
53,29
57,94499999999999
57,584999999999994
56,195
54,54
50,075
49,010000000000005
44,24
53,475
42,75
37,584999999999994
35,17
33,870000000000005
37,105
39,0
42,82
44,835
45,46
57,209999999999994
57,525000000000006
49,915
44,59
44,86
44,629999999999995
47,965
53,0
53,894999999999996
53,65
52,03
49,735
45,205
42,705
40,32
37,025
35,55
34,504999999999995
33,91
40,24
50,575
58,879999999999995
64,61500000000001
63,0
57,59
55,425
55,04
54,05
54,835
57,97
61,715
66,33
66,39
63,455
57,165000000000006
52,465
51,39
46,365
42,79
39,53
38,155
37,335
38,519999999999996
47,565
56,07000000000001
61,07
66,77
63,760000000000005
65,535
65,25
69,46
63,870000000000005
65,265
59,59
63,510000000000005
65,815
65,39
62,650000000000006
55,269999999999996
57,25
54,155
45,375
49,115
42,44
40,57
40,894999999999996
40,584999999999994
46,879999999999995
50,675
61,150000000000006
74,845
70,6
61,589999999999996
61,975
62,364999999999995
58,589999999999996
56,09
57,385000000000005
59,175
66,73
66,87
64,995
64,92999999999999
60,004999999999995
49,035
45,69
46,8
41,64
40,05
39,14
39,875
43,33
48,545
58,650000000000006
66,26
63,78
59,18
56,175
54,435
53,14
52,305
56,195
61,39
66,17
68,175
64,05
58,475
60,555
54,56
51,095
51,925
45,760000000000005
40,34
39,2
44,25
53,385000000000005
69,89
64,435
67,75999999999999
64,905
61,61
57,27
56,864999999999995
54,17
55,275
57,585
61,07
64,75
67,375
61,58
54,480000000000004
49,445
47,185
44,485
44,625
41,435
39,955
38,535
37,769999999999996
39,75
43,18
49,18
52,015
52,989999999999995
53,95
54,93000000000001
62,395
53,625
53,765
54,935
57,760000000000005
61,0
60,88
58,834999999999994
57,525
52,485
51,25
45,165
43,51
42,099999999999994
37,995000000000005
37,03
35,269999999999996
38,245
42,065
44,260000000000005
45,525
47,35
48,325
48,43
47,535
48,974999999999994
49,364999999999995
53,515
55,345
57,655
59,790000000000006
58,48
53,44
49,394999999999996
47,335
42,595
41,275
38,7
36,505
35,865
36,519999999999996
41,885
60,71000000000001
67,34
80,765
80,095
76,585
76,80000000000001
83,515
71,825
67,745
67,44
72,14500000000001
77,55000000000001
74,11
78,085
69,105
49,6
47,935
42,795
43,065
38,705
35,965
35,015
35,01
38,885
50,105000000000004
57,875
61,870000000000005
60,76
56,879999999999995
55,39
51,425
51,985
52,79
54,53
57,91
61,55
60,82
57,975
50,25
46,745000000000005
42,19
38,95
33,92
31,395
30,53
29,33
29,985
35,95
52,915
70,66499999999999
66,885
62,385
55,015
59,975
61,540000000000006
61,935
55,655
63,86
58,72
74,19500000000001
73,01
71,455
70,07
67,12
59,68
52,675
40,495000000000005
39,08
36,33
35,205
36,455
41,019999999999996
52,58
57,895
61,230000000000004
55,6
54,8
52,635000000000005
52,019999999999996
52,07
53,805
52,769999999999996
58,16
64,02000000000001
59,129999999999995
60,785
51,135
47,93000000000001
46,995000000000005
43,565
41,78
38,6
35,155
33,269999999999996
33,97
38,715
45,21
53,730000000000004
57,114999999999995
54,0
49,26
48,980000000000004
46,230000000000004
48,065
50,504999999999995
47,1
49,519999999999996
53,495000000000005
54,375
51,045
47,39
45,715
41,47
38,8
39,92
38,515
36,68
35,7
36,435
36,745000000000005
41,35
45,09
46,35
46,785
43,97
44,325
43,725
41,79
41,605000000000004
43,144999999999996
45,235
54,54
55,254999999999995
55,43
48,355000000000004
41,480000000000004
39,905
36,315
37,46
32,33
27,479999999999997
24,035
21,69
22,155
31,46
34,015
35,075
36,365
36,72
36,34
35,525
33,620000000000005
33,955
34,540000000000006
37,415
40,945
45,695
46,415
42,515
41,379999999999995
38,05
34,605
33,37
24,945
20,310000000000002
14,579999999999998
21,095
29,134999999999998
41,295
53,56
51,975
45,165
42,755
42,230000000000004
44,30500000000001
44,165
41,79
44,114999999999995
49,75
51,105000000000004
54,730000000000004
54,09
52,015
50,345
47,4
38,775
37,629999999999995
37,075
32,76
28,25
27,78
33,045
47,620000000000005
51,165000000000006
52,305
49,754999999999995
47,57
47,605000000000004
46,025
45,445
47,115
47,04
47,47
49,44
46,915000000000006
47,825
43,15
40,925
37,555
33,504999999999995
27,57
23,53
22,185000000000002
21,455
23,255
28,685000000000002
39,795
46,755
49,565
48,510000000000005
45,595
44,89
43,955
42,135000000000005
43,06
44,825
46,97
49,015
51,739999999999995
49,32
45,739999999999995
41,2
37,15
32,93
30,979999999999997
26,515
24,479999999999997
24,08
24,630000000000003
29,535
41,455
47,245000000000005
49,925
45,755
42,74
41,18
39,635000000000005
39,385000000000005
40,055
42,489999999999995
45,504999999999995
50,07
54,265
52,045
47,41
47,015
43,14
39,285
39,03
37,905
34,724999999999994
32,905
34,045
39,08
52,435
57,730000000000004
60,625
55,72
55,66
52,45
51,45
50,445
46,875
49,92
53,605000000000004
59,42
60,06
57,695
51,370000000000005
46,465
43,989999999999995
38,685
37,705
35,894999999999996
34,95
27,405
34,165
35,995000000000005
38,81
43,69
43,975
42,535
40,435
39,275
37,915
36,785000000000004
36,925
39,42
43,565
48,925
53,84
53,445
51,43000000000001
46,675
43,38
39,205
37,055
34,01
32,394999999999996
30,0
29,845
30,604999999999997
33,165
37,29
39,935
39,985
39,855
39,475
37,31
35,85
35,8
38,9
38,285
43,605000000000004
46,595
46,53
44,555
41,535
36,96
33,245
31,03
26,25
18,03
16,775
17,765
26,765
38,07
45,285
48,525
48,81
46,045
44,805
40,535
39,575
40,010000000000005
41,379999999999995
42,519999999999996
46,58
48,46
47,09
43,965
40,95
36,495000000000005
31,535
29,075
26,66
20,03
20,115000000000002
22,355
29,54
38,91
44,365
50,144999999999996
47,42
42,165
40,315
39,805
40,0
41,82
41,85
43,71
47,335
51,455
49,46
44,74
42,025
38,21
33,41
34,614999999999995
29,174999999999997
26,015
25,33
29,229999999999997
35,8
47,959999999999994
50,72
58,605
50,88
44,715
41,894999999999996
43,504999999999995
41,01
40,905
44,035
47,965
57,620000000000005
61,599999999999994
59,614999999999995
51,489999999999995
48,864999999999995
43,099999999999994
39,480000000000004
39,61
38,37
36,965
36,835
36,97
39,59
46,675
53,405
58,56
51,6
44,58
43,019999999999996
41,65
42,864999999999995
41,34
44,35
47,735
53,230000000000004
58,855000000000004
55,955
42,61
40,739999999999995
41,53
36,47
35,135
31,525
28,005000000000003
26,035
28,125
33,3
40,21
46,394999999999996
52,355000000000004
47,04
42,845
40,795
39,64
38,605000000000004
38,42
39,480000000000004
39,95
43,585
47,760000000000005
48,45
44,44
40,67
36,519999999999996
32,485
35,275000000000006
32,295
31,33
30,15
29,1
32,129999999999995
35,565
38,47
39,015
36,32
35,065
31,86
27,925
27,095
28,035
30,86
35,695
43,075
47,59
48,05
45,355000000000004
40,205
36,33
34,065
34,18
31,105
29,72
28,29
27,950000000000003
29,425
33,005
34,605000000000004
35,129999999999995
34,849999999999994
32,85
33,265
30,62
28,03
27,945
33,31
35,325
50,365
53,845
61,17999999999999
48,56
43,075
38,61
37,45
35,075
29,825
27,64
26,78
28,705
35,09
45,32
47,905
51,425
46,83
42,185
40,370000000000005
40,41
39,285
40,91
43,585
47,455
51,019999999999996
54,325
51,44
44,975
42,89
39,519999999999996
36,7
33,625
30,6
25,200000000000003
27,865000000000002
30,085
37,005
42,96
46,315
50,305
46,925
44,33
43,845
45,44
43,42
42,005
43,315
47,44
51,33
56,82
53,224999999999994
46,21
44,19
38,535
36,120000000000005
34,78
32,55
30,5
29,875
32,24
35,89
43,18
45,475
49,375
45,885
41,66
41,849999999999994
45,525
46,195
44,275
43,44
44,86
46,875
51,77
50,915000000000006
44,125
41,3
38,235
35,075
37,205
31,665
26,244999999999997
25,035
25,84
33,2
40,85
44,065
44,67
42,44
38,905
38,44
45,125
46,0
41,525
40,845
39,375
44,855
53,7
50,625
45,5
44,545
39,230000000000004
37,455
37,07
36,095
33,32
32,245000000000005
32,9
38,795
51,205
54,535
54,7
48,545
44,43
42,12
40,209999999999994
39,67
40,475
42,09
45,885000000000005
53,885000000000005
58,565
53,715
45,515
42,8
42,09
38,599999999999994
38,004999999999995
34,635
32,24
33,095
33,21
37,275
42,135
42,58
41,17
39,84
36,385
33,96
36,599999999999994
35,03
31,479999999999997
34,84
38,335
44,5
53,405
51,209999999999994
53,614999999999995
40,879999999999995
39,815
37,475
32,305
30,77
28,35
27,22
26,11
26,985
30,625
33,55
32,91
32,285
31,025
26,165
30,3
20,645
22,32
31,265
40,04
45,94
48,465
42,53
39,12
38,33
33,27
28,18
19,125
18,375
17,085
15,05
20,009999999999998
27,25
38,135
42,760000000000005
45,83
43,345
41,865
42,81
40,78
39,795
39,47
43,175
47,41
54,445
57,925
54,71
46,9
44,965
41,35
38,995000000000005
36,025
33,885
30,0
27,775
29,675
34,76
42,489999999999995
44,3
46,975
45,17
41,285
40,525
37,81
37,095
39,230000000000004
41,56
44,2
46,31
49,64
48,175
42,67
40,69
37,92
34,79
30,715
26,314999999999998
23,855
22,950000000000003
24,42
29,72
39,885
42,475
45,72
42,565
41,120000000000005
39,510000000000005
36,525000000000006
36,510000000000005
38,004999999999995
40,56
41,465
42,55
47,46
47,035
42,375
39,575
35,115
30,795
30,11
27,494999999999997
25,799999999999997
24,415
25,04
29,134999999999998
36,805
41,230000000000004
42,835
40,565
38,84
38,31
37,565
38,295
41,519999999999996
43,605000000000004
44,004999999999995
48,675
56,025
51,0
43,489999999999995
39,57
36,015
33,114999999999995
31,0
28,119999999999997
25,93
25,265
24,97
30,299999999999997
39,565
47,06
50,36
44,15
41,45
40,019999999999996
36,36
35,29
36,07
39,144999999999996
41,965
48,519999999999996
57,665
57,095
53,129999999999995
45,015
40,29
36,775
35,875
34,175
32,765
33,14
32,485
33,83
38,355
39,035
40,519999999999996
38,485
36,175
33,775
32,985
29,04
29,295
32,795
37,53
38,825
42,25
42,285
38,69
36,685
33,22
30,15
25,15
23,225
20,759999999999998
20,009999999999998
15,425
20,04
21,675
25,79
25,795
26,145
26,195
25,27
21,275
18,66
17,705
22,5
26,990000000000002
32,665
36,41
37,96
37,254999999999995
30,57
29,605
25,875
26,68
23,54
20,3
18,45
19,53
26,270000000000003
33,955
38,965
43,83
42,495000000000005
42,42
42,06
39,71
38,9
40,78
41,730000000000004
42,39
42,08
51,915
48,150000000000006
40,815
39,665
35,595
30,015
29,08
26,83
25,535
24,62
24,83
28,72
36,05
42,04
45,305
43,315
41,57
40,61
37,6
36,86
38,61
40,97
39,725
43,065
53,205
52,715
42,7
39,24
35,345
31,21
29,845
27,68
26,705
26,305
26,48
29,965
36,84
46,285
51,595
47,405
42,56999999999999
40,31
38,015
36,31
36,64
37,69
40,35
46,825
61,86
61,16
44,5
39,394999999999996
35,09
31,23
30,314999999999998
28,47
27,095
26,895000000000003
28,560000000000002
32,37
40,465
47,195
56,34
51,96
44,05500000000001
42,525000000000006
41,01
40,035
39,980000000000004
39,644999999999996
40,96
45,32
60,629999999999995
58,81
46,025
35,455
28,145
25,195
25,365000000000002
22,825000000000003
20,810000000000002
19,729999999999997
19,705
25,125
32,849999999999994
40,790000000000006
48,215
45,815
41,405
39,39
35,53
33,81
33,849999999999994
36,370000000000005
38,97
43,19
51,06
50,375
40,540000000000006
36,239999999999995
32,755
27,994999999999997
30,505000000000003
26,34
25,635
24,515
23,83
24,634999999999998
26,765
33,019999999999996
39,97
39,86
33,275
31,55
29,3
26,705
25,05
25,65
29,415
36,620000000000005
42,97
41,974999999999994
37,235
31,82
30,475
27,564999999999998
22,310000000000002
18,395
14,434999999999999
12,8
11,135
11,41
10,969999999999999
13,395
14,995000000000001
17,515
19,009999999999998
18,990000000000002
17,84
14,094999999999999
14,16
17,585
26,335
35,285
43,225
47,585
44,099999999999994
41,63
35,019999999999996
29,25
24,235
26,32
23,6
22,93
26,435
31,35
37,835
45,894999999999996
49,78
48,754999999999995
44,445
43,08
40,535
40,46
41,765
44,18
46,815
50,480000000000004
60,125
60,099999999999994
49,03
42,1
35,91
25,924999999999997
24,64
23,23
20,91
16,32
14,835
19,064999999999998
30,865
35,575
38,555
36,07
33,76
34,805
33,915000000000006
33,59
33,685
35,07
38,015
41,695
57,67
57,81
41,89
38,980000000000004
28,55
24,405
28,625
24,095
25,66
19,295
23,689999999999998
27,555
40,42
41,835
44,19
37,74
36,165
34,845
31,54
31,505000000000003
32,835
36,16
35,775000000000006
41,135
58,120000000000005
59,995000000000005
50,825
43,415
36,785
35,185
34,185
29,285
26,685000000000002
26,705
29,64
32,55
39,735
41,905
46,8
39,89
36,195
35,435
32,245000000000005
31,68
33,900000000000006
36,035
37,965
44,085
57,175
59,165
48,925
41,905
36,265
32,77
27,17
25,205
24,0
23,46
24,045
26,395
36,135000000000005
36,95
39,465
37,935
35,66
34,614999999999995
31,58
29,79
31,725
34,055
36,43
39,129999999999995
48,845
49,980000000000004
40,9
37,864999999999995
36,765
34,260000000000005
34,67
33,03
31,735
30,15
30,575
32,21
34,675
35,685
37,795
37,015
36,44
36,150000000000006
34,58
33,105000000000004
33,395
35,510000000000005
36,504999999999995
37,870000000000005
40,3
41,114999999999995
37,195
35,435
32,465
27,29
20,935000000000002
14,345
8,985
7,17
6,625
6,615
8,31
7,8950000000000005
7,4
8,74
7,51
5,205
-1,0949999999999989
-4,760000000000001
-4,114999999999999
5,565
9,75
19,28
30,775
37,14
33,635
31,29
29,060000000000002
24,125
22,96
21,85
21,314999999999998
20,485
20,475
23,33
34,545
38,25
37,89
34,18
28,505
28,369999999999997
25,6
25,52
27,425
29,71
35,925
39,07
53,205
60,925
47,175
40,25
37,08
33,004999999999995
29,515
25,17
23,83
23,060000000000002
23,189999999999998
26,380000000000003
34,8
39,465
38,099999999999994
34,64
30,259999999999998
28,759999999999998
26,16
25,36
26,65
31,055
33,37
35,785
43,64
46,504999999999995
38,905
34,26
30,33
27,855
25,259999999999998
22,055
20,05
21,880000000000003
23,42
29,490000000000002
35,79
36,575
32,435
28,415
25,545
24,689999999999998
23,28
22,82
23,4
27,365000000000002
31,394999999999996
34,95
40,24
43,864999999999995
37,0
34,705
32,57
29,735
25,915
23,25
22,15
22,17
22,315
25,369999999999997
30,695
34,015
33,57
29,82
26,990000000000002
26,085
24,034999999999997
23,59
25,435000000000002
28,25
31,52
35,349999999999994
42,525
46,33
36,25
33,005
30,049999999999997
26,565
25,025
22,515
21,619999999999997
21,805
23,78
25,165
28,07
32,18
32,18
28,255000000000003
26,005
24,674999999999997
22,655
22,05
24,064999999999998
24,21
25,46
28,59
36,775000000000006
41,80500000000001
33,504999999999995
28,284999999999997
26,875
23,055
25,185000000000002
18,884999999999998
17,025
14,185
15,045
15,145
17,565
24,59
23,855
23,52
21,915
21,33
21,655
18,865000000000002
15,27
17,455
19,564999999999998
28,490000000000002
30,985
34,675
32,95
28,560000000000002
23,785
19,21
17,9
11,645
8,27
7,085
7,095
6,8100000000000005
7,699999999999999
10,92
10,985
16,405
19,299999999999997
15,254999999999999
4,05
-2,625
-3,3149999999999995
1,6449999999999996
19,4
25,884999999999998
30,064999999999998
33,035
32,435
22,64
21,509999999999998
16,634999999999998
14,309999999999999
12,725
12,594999999999999
12,245000000000001
12,690000000000001
16,315
23,560000000000002
26,705
23,994999999999997
20,945
17,425
17,259999999999998
16,02
15,8
16,82
17,9
22,58
28,65
33,44
36,6
32,019999999999996
25,975
25,125
22,055
17,275
16,775
16,09
16,34
16,875
18,61
24,38
27,145
23,43
22,65
18,93
17,545
16,145000000000003
15,405000000000001
17,365000000000002
21,035
23,86
27,035
32,485
34,035
30,509999999999998
26,16
22,884999999999998
20,494999999999997
18,95
18,705
18,380000000000003
18,485
18,645000000000003
21,16
25,64
29,515
28,47
28,84
26,735
29,265
30,59
28,705
25,535
25,384999999999998
29,189999999999998
30,71
34,45
37,53
31,665
29,265
25,805
21,825
19,96
18,89
19,085
18,560000000000002
18,765
20,4
24,65
26,93
26,68
26,755000000000003
26,375
26,869999999999997
28,145
25,895
26,435000000000002
26,125
25,259999999999998
27,205
32,480000000000004
33,875
29,145
25,299999999999997
25,03
22,990000000000002
20,975
19,22
18,56
18,25
18,3
20,175
24,384999999999998
28,225
27,295
28,6
26,45
27,22
27,235
27,979999999999997
28,475
29,9
29,545
33,215
38,629999999999995
44,75
38,545
35,32
30,674999999999997
27,805
28,740000000000002
24,92
22,685000000000002
22,21
22,439999999999998
19,22
20,880000000000003
28,53
27,380000000000003
27,130000000000003
26,630000000000003
28,565
29,27
28,075
28,060000000000002
28,91
30,015
35,94
41,335
45,045
41,81
35,03
30,72
24,285
23,950000000000003
13,155000000000001
10,965
10,975
10,035
10,34
16,08
17,7
28,700000000000003
27,46
28,65
23,32
20,77
14,085
15,594999999999999
22,479999999999997
25,59
32,605000000000004
40,61
42,16
35,88
35,525
32,39
26,115
20,07
16,68
15,355
16,549999999999997
22,095
30,564999999999998
36,225
37,04
38,21
35,29
35,54
35,135
35,985
35,615
36,47
34,44
31,189999999999998
35,39
40,9
40,33
39,465
32,325
27,305
24,32
21,009999999999998
21,32
20,59
20,885
25,310000000000002
31,61
38,114999999999995
35,265
29,455
27,195
28,305
26,915
25,235
26,4
26,52
28,305
27,380000000000003
31,66
41,364999999999995
36,605000000000004
31,275
29,335
25,520000000000003
22,515
19,735
18,58
17,66
18,064999999999998
20,155
24,835
27,73
28,03
26,155
25,174999999999997
28,439999999999998
29,990000000000002
24,55
23,525
22,799999999999997
25,175
27,509999999999998
29,005
39,815
38,6
34,66
31,95
27,175
24,380000000000003
21,925
20,955
20,29
20,335
23,509999999999998
28,205
32,305
32,760000000000005
30,475
28,955000000000002
28,07
29,05
28,785
28,910000000000004
28,235
30,765
32,845
35,47
47,695
47,72
38,629999999999995
37,58
29,285
27,95
24,36
22,18
21,58
22,07
26,085
28,6
34,95
35,075
36,425
33,67
31,67
35,26
32,53
29,0
28,085
26,17
27,675
29,105
41,2
41,980000000000004
32,730000000000004
30,77
28,64
28,115000000000002
23,979999999999997
21,875
20,875
20,165
19,685000000000002
23,835
27,229999999999997
26,1
23,75
19,535
17,84
20,73
15,425
15,005
15,55
19,39
24,615000000000002
30,475
35,905
34,370000000000005
27,035
24,990000000000002
20,3
15,754999999999999
9,7
7,635
6,71
5,245
3,5549999999999997
3,71
6,715
8,065000000000001
7,37
6,545
6,52
6,515000000000001
3,665
0,51
1,5350000000000001
3,085
7,005
14,825000000000001
30,79
34,54
26,82
16,035
12,504999999999999
8,155
5,14
3,715
2,39
3,87
12,875
24,64
28,6
29,655
27,195
26,095
26,86
26,65
16,44
17,6
19,955
22,075000000000003
26,63
31,295
40,86
41,07
38,795
31,905
27,65
27,509999999999998
25,905
23,215
23,005
22,155
24,884999999999998
31,235
36,305
36,05
31,265
27,11
26,355
24,61
23,025
23,19
26,915
27,95
31,47
37,265
46,80500000000001
50,56999999999999
42,525
35,675
31,73
28,384999999999998
25,125
22,435000000000002
20,384999999999998
20,475
24,695
31,925
35,295
33,845
30,435000000000002
25,965
23,685000000000002
21,955
20,255000000000003
20,16
22,240000000000002
26,244999999999997
29,740000000000002
34,875
46,745000000000005
49,85
39,834999999999994
32,46
29,494999999999997
26,990000000000002
22,39
21,465
20,88
20,925
23,75
29,060000000000002
32,305
30,68
27,445
25,195
22,25
22,525
22,405
17,855
19,21
22,725
26,284999999999997
30,200000000000003
40,489999999999995
46,21
33,730000000000004
30,35
26,405
25,475
22,335
20,54
21,655
21,4
22,5
25,564999999999998
27,314999999999998
28,34
25,68
22,105
19,18
15,785
12,38
12,025
13,245000000000001
16,05
23,79
27,009999999999998
33,515
36,41
27,73
25,825
23,86
23,55
20,525
19,225
19,355
20,285
22,125
22,865000000000002
26,15
25,064999999999998
22,990000000000002
21,115000000000002
16,935000000000002
14,16
11,105
8,93
10,555
14,49
20,97
29,115000000000002
37,14
42,905
35,685
29,96
23,939999999999998
23,3
19,48
14,935
12,88
12,64
13,5
16,405
17,42
16,03
10,91
9,625
8,469999999999999
6,63
3,435
2,03
2,62
4,015000000000001
11,54
23,229999999999997
29,625
35,55
28,09
24,86
16,47
14,0
1,4749999999999999
1,5499999999999998
0,8500000000000001
1,79
3,115
5,37
12,79
11,545
12,24
8,36
10,555
9,465
3,885
1,7349999999999999
1,1
3,51
11,515
16,525
25,34
30,939999999999998
24,55
16,035
11,91
11,24
8,08
8,015
8,915000000000001
10,4
17,47
27,09
32,31
32,81
32,815
30,33
28,79
27,13
25,955
25,075
26,3
26,36
26,759999999999998
27,380000000000003
33,605000000000004
38,795
30,525
26,4
23,43
20,615000000000002
17,74
16,695
16,165
16,58
20,355
25,215
29,25
30,509999999999998
24,490000000000002
20,195
19,5
20,955
18,03
14,504999999999999
14,649999999999999
17,825
24,310000000000002
29,66
37,875
42,055
33,46
29,01
25,405
22,43
20,759999999999998
19,33
19,215
19,950000000000003
23,82
28,045
35,13
31,59
26,93
22,225
20,705
21,53
18,735
17,815
20,130000000000003
21,855
26,665
29,99
41,55500000000001
46,650000000000006
34,32
27,735
25,21
22,85
21,22
21,34
21,455
21,939999999999998
25,04
30,119999999999997
39,44
37,525000000000006
30,845
26,82
23,53
22,665
21,61
20,82
21,19
23,145
27,380000000000003
32,51
41,475
40,955
32,065
32,655
26,25
31,87
26,085
20,345
19,585
20,215
20,855
23,335
24,810000000000002
24,67
25,665
22,72
23,38
19,665
15,23
13,695
17,71
21,490000000000002
26,39
30,93
37,739999999999995
40,644999999999996
37,5
29,619999999999997
24,38
21,455
18,215
14,835
13,379999999999999
14,555
13,295
13,16
15,155
19,020000000000003
17,675
17,665
17,295
15,5
10,875
6,715
8,625
2,0100000000000007
11,405
28,11
36,010000000000005
44,765
37,120000000000005
25,795
15,695
6,9799999999999995
5,41
5,375
3,84
3,52
6,640000000000001
17,215
26,049999999999997
29,064999999999998
28,955
26,585
29,729999999999997
29,075
26,715
26,33
27,85
28,775
31,525
30,765
37,754999999999995
41,355000000000004
34,32
29,43
23,57
22,13
11,71
11,385
9,024999999999999
11,379999999999999
16,75
22,485
27,78
30,2
33,05
32,42
29,549999999999997
29,37
27,564999999999998
27,775
28,43
28,439999999999998
28,215
30,33
37,769999999999996
41,96
35,315
31,365000000000002
26,08
25,15
22,384999999999998
17,9
9,254999999999999
17,285
21,73
26,88
32,145
33,845
35,66
35,510000000000005
33,89
31,884999999999998
30,39
30,865
31,259999999999998
32,235
31,055
36,045
46,8
50,614999999999995
34,41
33,95
30,765
27,275
21,435000000000002
19,450000000000003
19,035
19,67
22,66
30,55
37,519999999999996
36,504999999999995
31,985
31,04
29,7
27,325000000000003
25,5
26,43
26,695
28,435000000000002
30,555
35,254999999999995
49,235
55,46
38,06
33,61
29,51
26,835
24,12
21,575000000000003
21,03
21,89
25,74
30,705
35,17
35,585
31,835
29,795
26,83
26,21
21,73
21,765
23,415
25,415
26,445
28,96
36,765
39,855000000000004
33,15
26,630000000000003
24,605
33,655
15,55
19,17
16,53
16,78
16,805
18,105
20,04
21,86
19,735
17,43
16,575000000000003
15,95
12,504999999999999
9,41
9,530000000000001
12,51
19,494999999999997
26,195
31,07
40,8
32,705
29,099999999999998
25,509999999999998
23,29
20,305
19,345
20,045
20,16
19,98
18,955
18,259999999999998
17,185
15,86
13,475
14,825
14,14
11,165
8,68
9,48
15,14
22,095
32,735
40,485
45,495
36,625
30,045
26,585
24,045
24,47
21,705
20,96
20,93
23,4
30,515
36,224999999999994
41,05
37,36
33,38
31,29
30,07
28,535
29,3
30,310000000000002
31,205
31,18
34,730000000000004
48,53
48,425
40,29
32,995000000000005
27,845
25,43
23,009999999999998
22,65
22,085
22,33
23,425
29,44
33,9
34,355
31,21
28,865000000000002
28,045
26,455
25,825
25,205
26,535
27,07
27,705
30,259999999999998
33,68
34,925
31,155
26,095
21,87
21,545
18,97
18,060000000000002
17,740000000000002
18,975
20,5
25,020000000000003
28,759999999999998
30,155
28,880000000000003
26,035
26,689999999999998
26,13
22,59
18,795
18,98
19,39
23,244999999999997
27,310000000000002
32,9
37,519999999999996
30,759999999999998
26,880000000000003
22,34
19,58
17,134999999999998
15,91
15,115
15,32
18,82
24,19
29,955
30,68
30,174999999999997
32,395
33,905
31,625
30,205
30,47
30,685
29,61
29,54
30,78
34,92
38,605000000000004
30,965
24,34
21,865000000000002
26,68
16,615
13,355
12,315000000000001
9,61
5,7299999999999995
5,42
7,6
11,865
12,86
22,724999999999998
22,98
22,395
17,675
10,54
3,085
5,985
15,195
36,155
38,94
51,155
39,87
35,004999999999995
18,98
16,46
12,67
11,54
9,315000000000001
9,1
8,690000000000001
8,61
11,219999999999999
12,780000000000001
13,31
13,09
14,594999999999999
15,044999999999998
10,485
8,125
7,145
11,440000000000001
19,845
27,455
37,05
40,025
37,22
31,415
24,235
20,435000000000002
14,399999999999999
12,26
10,835
10,93
10,120000000000001
10,56
10,735
9,594999999999999
9,74
10,89
11,275
11,665
8,655
6,725
6,99
7,970000000000001
16,485
24,695
30,15
34,405
31,125
27,625
23,45
21,939999999999998
19,37
19,955
19,275
19,185000000000002
22,049999999999997
28,03
38,81
46,695
37,945
31,310000000000002
34,38
39,655
38,68
34,230000000000004
32,23
31,255
33,715
35,81
42,275000000000006
48,165
42,905
33,33
27,0
25,28
23,025
21,445
19,985
19,71
21,345
27,905
34,01
34,31
30,98
28,455
33,765
34,1
34,09
30,93
31,96
34,415
36,525
33,44
37,959999999999994
42,215
36,295
31,55
25,255000000000003
25,505
22,490000000000002
20,64
19,905
18,865000000000002
21,61
26,015
30,34
32,815
33,025
31,2
30,630000000000003
30,005
28,244999999999997
29,174999999999997
29,155
26,939999999999998
29,01
30,56
33,754999999999995
34,68
30,27
27,515
22,995
20,585
18,82
18,45
18,18
18,545
19,36
24,105
27,4
27,134999999999998
25,34
21,674999999999997
20,465
20,1
19,22
18,8
19,705
20,525
22,75
28,869999999999997
39,47
43,665000000000006
35,715
30,49
26,335
24,33
21,315
20,759999999999998
20,134999999999998
20,465
21,84
27,945
31,085
28,75
25,505
22,240000000000002
21,310000000000002
20,87
21,125
19,115000000000002
21,07
22,375
30,61
33,29
39,06
42,68
35,14
32,025
26,729999999999997
32,46
24,07
22,564999999999998
21,895000000000003
22,380000000000003
22,29
22,005
22,865000000000002
23,549999999999997
22,64
23,735
22,21
21,125
17,97
17,345
17,755000000000003
20,58
25,884999999999998
29,89
34,95
36,47
32,57
29,39
24,475
25,11
20,175
19,695
18,68
17,665
16,67
16,045
15,11
16,03
16,83
17,275
19,605
16,22
11,565
7,35
11,41
14,445
19,125
24,54
27,615000000000002
30,22
26,41
18,985
14,68
12,305
7,625
6,630000000000001
3,52
3,55
7,825
22,48
30,445
32,870000000000005
29,765
27,075000000000003
26,17
23,805
22,75
23,025
23,33
23,674999999999997
22,965
22,795
26,55
28,19
25,025
21,43
18,635
19,865
17,73
17,064999999999998
16,535
16,53
18,785
25,335
32,16
31,075000000000003
26,29
22,75
22,125
20,125
19,475
18,97
19,545
20,759999999999998
23,14
27,955
32,28
34,335
29,384999999999998
26,299999999999997
24,23
24,605
22,43
21,8
20,884999999999998
20,965
22,880000000000003
29,25
39,435
38,980000000000004
33,010000000000005
31,75
33,015
32,245
29,785
28,715
28,630000000000003
29,405
30,905
31,450000000000003
33,455
32,165
28,73
24,895
22,195
19,74
18,695
17,115000000000002
17,12
17,845
19,29
25,47
30,134999999999998
30,53
28,16
27,009999999999998
25,134999999999998
23,37
21,560000000000002
21,035
21,759999999999998
22,325
24,740000000000002
27,34
29,545
30,83
27,729999999999997
25,91
22,21
19,465
18,19
16,96
16,55
16,795
18,5
24,445
29,17
28,939999999999998
25,36
24,61
24,215
25,215
24,035
24,115000000000002
24,105
26,1
26,265
27,560000000000002
31,575
34,78
30,490000000000002
26,95
29,27
21,82
19,47
18,085
17,369999999999997
16,575
15,51
16,9
19,9
19,705
18,235
15,595
16,33
16,44
15,765
16,145
17,12
18,12
25,895
31,475
30,17
40,245
32,34
27,165
22,53
19,73
17,04
13,09
11,855
11,17
10,375
9,504999999999999
11,05
8,9
9,96
11,565000000000001
11,11
10,285
7,07
5,51
7,51
7,76
19,61
26,485
29,39
42,349999999999994
37,75
33,42
21,945
19,29
16,095
14,024999999999999
13,024999999999999
14,185
17,5
23,630000000000003
38,455
42,79
45,099999999999994
38,915
32,735
38,525
38,175
39,980000000000004
40,43
40,58
40,495000000000005
45,019999999999996
38,54
49,06
44,790000000000006
34,545
22,93
21,115000000000002
18,705
17,990000000000002
17,675
18,805
20,655
27,33
34,86
35,97
32,0
30,96
28,84
26,695
24,939999999999998
26,424999999999997
27,685000000000002
28,630000000000003
28,03
32,59
41,1
47,405
39,144999999999996
30,22
24,13
22,695
20,825000000000003
20,115000000000002
19,82
20,66
23,14
37,13
46,215
45,035
43,99
43,865
45,519999999999996
45,16
32,355000000000004
27,905
25,270000000000003
25,259999999999998
26,825000000000003
32,945
41,239999999999995
47,18
40,45
32,52
23,5
21,130000000000003
19,5
17,799999999999997
16,630000000000003
15,41
16,14
18,435
22,205
22,119999999999997
19,69
17,52
17,56
15,95
13,91
13,885000000000002
15,739999999999998
18,5
19,16
27,25
33,44
40,655
32,48
26,060000000000002
22,759999999999998
19,744999999999997
16,775
15,059999999999999
13,635
13,86
14,945
20,005
22,345
22,975
21,634999999999998
18,345
18,86
17,895
17,755
18,22
18,735
19,595
24,265
28,765
32,705
35,445
33,835
25,92
22,735
29,15
16,67
13,445
11,68
11,34
12,79
14,305
17,79
20,0
18,145
16,805
15,565
15,170000000000002
9,475
8,17
11,065000000000001
12,305
18,555
22,015
30,064999999999998
33,53
47,715
19,945
16,805
18,625
11,905000000000001
7,13
6,04
2,6799999999999997
-9,71
4,54
5,275
6,465
4,52
6,01
6,025
4,56
2,27
1,05
1,79
4,005
-4,965
15,57
23,8
33,545
32,405
22,65
13,84
13,879999999999999
11,105
7,0249999999999995
5,645
7,62
11,495000000000001
18,555
24,880000000000003
27,095
24,595
22,259999999999998
21,535
24,945
21,575000000000003
20,32
20,490000000000002
21,6
25,71
30,17
34,144999999999996
43,16
37,625
31,394999999999996
24,435000000000002
22,955
21,555
20,134999999999998
20,435000000000002
21,285
22,47
31,515
38,06
34,885000000000005
31,57
30,195
29,875
30,215000000000003
28,65
27,595
27,25
25,155
27,479999999999997
32,745000000000005
43,915
47,565
37,480000000000004
32,175
25,575
22,744999999999997
21,07
20,450000000000003
20,255000000000003
20,24
20,384999999999998
26,96
32,06
29,04
25,755000000000003
23,05
23,295
21,79
20,755000000000003
20,244999999999997
20,39
20,38
22,735
25,42
29,92
34,83
31,445
26,049999999999997
22,310000000000002
18,695
16,2
15,135
14,775
15,280000000000001
16,27
20,97
25,310000000000002
25,85
24,515
23,61
23,36
23,255
23,68
23,185000000000002
23,08
23,564999999999998
25,130000000000003
26,765
30,295
38,135000000000005
31,225
26,119999999999997
23,905
20,975
18,38
17,645
17,715
18,005000000000003
19,53
25,060000000000002
32,26
29,740000000000002
32,155
27,52
28,055
25,634999999999998
25,04
23,325000000000003
23,035
23,285
23,745
26,13
30,465000000000003
33,62
32,394999999999996
29,33
22,3
20,365000000000002
17,17
15,844999999999999
15,565
15,355
15,775
17,015
22,705
22,549999999999997
18,925
21,439999999999998
20,935000000000002
22,485
21,009999999999998
20,740000000000002
20,665
22,509999999999998
24,255000000000003
26,525
30,465
33,905
31,63
23,965
20,665
14,670000000000002
12,774999999999999
11,895
10,805
9,39
8,495000000000001
7,83
9,575
7,805
14,73
16,505
15,780000000000001
14,39
12,035
9,295
10,04
12,02
14,525
12,370000000000001
23,135
32,75
27,505
20,765
16,995
16,205
8,715
11,01
6,475
5,75
7,1
21,215
26,155
24,825
26,29
25,855
21,14
26,665
19,93
18,755000000000003
19,36
20,475
20,89
23,325000000000003
28,384999999999998
39,28
34,195
30,729999999999997
19,78
21,335
17,015
16,495
15,864999999999998
17,515
20,07
38,525
40,724999999999994
37,53
42,004999999999995
37,215
36,01
38,760000000000005
39,56
35,54
34,510000000000005
35,58
37,974999999999994
37,504999999999995
46,44499999999999
52,545
45,395
42,56
34,405
34,47
27,86
26,064999999999998
24,195
24,35
28,96
38,33
44,825
38,82
35,239999999999995
33,36
33,815
34,335
37,81
31,159999999999997
31,06
31,240000000000002
32,275
35,07
41,86
42,305
36,585
31,85
27,965
29,19
23,244999999999997
21,48
20,545
20,33
23,31
31,735
37,81
41,825
35,205
33,94
32,85
31,285
27,990000000000002
26,215
26,365000000000002
26,875
28,244999999999997
31,189999999999998
31,03
32,519999999999996
28,055
25,375
21,27
17,509999999999998
16,68
16,5
15,67
15,76
17,455
23,915
29,965000000000003
35,435
31,740000000000002
27,38
28,520000000000003
25,735
23,515
22,055
21,755
22,805
24,24
26,335
26,535
27,165
24,705
23,605
19,064999999999998
15,575
12,42
10,559999999999999
10,055
9,61
4,205
17,4
21,735
16,54
16,82
20,575000000000003
16,935
16,555
12,085
11,285
11,93
17,08
27,159999999999997
31,685
41,975
47,77
45,805
29,759999999999998
19,259999999999998
19,634999999999998
16,23
14,32
12,940000000000001
12,17
11,4
12,370000000000001
16,58
15,995
15,254999999999999
15,07
14,399999999999999
14,99
12,075
10,385
9,780000000000001
13,64
17,515
20,965
25,725
31,845
32,44
31,4
27,875
30,22
24,86
22,97
21,895
21,49
23,205
33,435
46,215
45,655
37,864999999999995
36,82
36,275
32,94
31,235
30,67
31,814999999999998
30,945
33,175
40,885
45,295
44,35
40,185
34,8
28,41
31,84
26,605
24,445
24,21
24,115000000000002
25,564999999999998
35,635000000000005
43,3
48,085
42,76
43,205
42,07
42,33
38,215
36,365
35,290000000000006
34,775000000000006
40,715
44,455
46,565
42,61
37,870000000000005
35,75
31,04
27,525
25,14
23,285
22,284999999999997
22,83
24,49
31,049999999999997
38,455
45,29
41,965
42,085
39,625
37,84
35,85
34,25
33,18
33,035
34,5
34,43000000000001
35,985
34,025
33,025
32,13
28,174999999999997
26,32
23,439999999999998
21,075
19,735
19,39
19,965
23,619999999999997
28,71
30,545
29,82
28,265
32,915
36,43
35,769999999999996
35,61
33,48
30,875
31,6
36,055
37,835
41,09
41,92
30,41
24,979999999999997
22,575
19,490000000000002
18,09
17,065
17,005000000000003
18,545
23,745
28,18
32,045
36,14
34,705
36,75
25,95
25,2
23,355
23,595
22,34
23,535
27,275
32,54
33,480000000000004
31,775
28,21
25,59
26,735
21,47
20,015
19,125
17,915
17,72
19,189999999999998
27,115
28,4
26,77
24,555
24,145
24,009999999999998
22,91
21,665
21,47
23,775
25,505
27,155
29,32
31,485
28,41
28,015
24,45
31,655
20,950000000000003
18,39
17,005
16,46
15,105
15,145
16,16
16,39
21,020000000000003
20,38
20,95
20,02
17,53
14,510000000000002
15,27
15,94
19,39
23,244999999999997
24,215
28,740000000000002
45,125
29,77
25,4
25,92
23,89
20,84
20,07
20,28
22,195
32,075
39,185
41,065
40,144999999999996
37,099999999999994
37,86
35,065
34,355000000000004
33,92
33,055
31,985
33,085
36,894999999999996
40,24
41,69
38,56
37,82
32,17
35,07
29,525
26,085
25,215
25,119999999999997
26,645000000000003
35,08
41,155
45,565
42,519999999999996
41,34
41,565
40,245000000000005
37,495000000000005
36,615
35,47
35,5
37,745000000000005
42,285
46,730000000000004
43,425
40,975
41,230000000000004
34,13
32,68
29,64
27,39
26,23
26,015
27,700000000000003
34,59
44,17
47,364999999999995
41,03
38,475
40,35
38,49
37,879999999999995
35,94
35,005
34,195
38,92
42,415000000000006
44,980000000000004
41,235
38,36
37,45
32,155
28,465
25,165
23,505000000000003
22,925
22,62
23,979999999999997
29,98
37,355000000000004
38,754999999999995
38,21
36,81
36,495
36,605000000000004
34,97
33,32
32,96
31,525
33,89
35,315
37,49
36,66
36,07
34,269999999999996
29,5
28,475
24,865000000000002
23,285
22,39
22,509999999999998
23,865000000000002
30,155
35,015
36,36
35,525
34,745000000000005
34,12
33,075
31,634999999999998
30,05
29,189999999999998
30,1
32,55
33,335
36,545
36,86
36,620000000000005
34,715
30,915
29,86
25,9
22,795
21,645
20,615000000000002
20,25
22,43
24,25
25,735
27,71
23,765
25,795
21,155
19,085
18,34
18,33
19,745
22,810000000000002
26,575000000000003
31,075000000000003
33,965
35,08
34,47
30,045
27,134999999999998
22,740000000000002
19,755
17,79
14,78
12,254999999999999
11,5
12,665
15,28
15,435
16,35
17,244999999999997
18,035
13,43
9,49
9,205
12,435
19,939999999999998
24,63
29,134999999999998
30,955000000000002
33,474999999999994
34,21
30,384999999999998
24,595
21,59
20,575
20,23
20,59
21,965
29,795
34,81
36,07
33,230000000000004
31,97
31,6
29,965
28,97
28,09
27,17
26,085
29,605
33,375
35,21
36,43
36,16
35,335
32,86
29,18
25,97
24,744999999999997
23,685
23,545
25,34
32,935
37,974999999999994
38,775
35,075
32,335
31,224999999999998
30,375
29,06
28,494999999999997
28,78
29,955
33,565
37,120000000000005
42,120000000000005
42,575
39,655
37,459999999999994
33,864999999999995
31,93
29,79
27,06
25,78
25,585
27,455
32,235
36,715
38,485
37,95
36,15
35,32
36,8
33,585
32,945
32,585
33,525
36,599999999999994
38,935
42,95
42,65
40,715
37,965
34,215
31,2
28,325
26,765
26,21
25,9
26,880000000000003
34,05
39,455
40,540000000000006
39,959999999999994
38,66
37,260000000000005
35,58
34,89
33,825
33,075
34,14
37,74
39,525
43,24
41,144999999999996
40,305
38,25
34,205
31,689999999999998
27,75
26,115000000000002
25,395
25,2
26,845
33,575
38,685
40,115
39,730000000000004
37,4
35,955
34,185
33,53
32,135
32,364999999999995
33,425
36,45
39,655
44,614999999999995
41,825
40,355000000000004
39,61
36,08
34,13
29,575
26,825000000000003
25,880000000000003
25,634999999999998
25,075
24,95
27,33
28,475
28,365000000000002
26,58
25,060000000000002
23,9
22,494999999999997
20,305
20,244999999999997
21,494999999999997
24,78
28,604999999999997
32,405
33,68
33,769999999999996
33,655
29,355
24,595
21,015
17,075
15,175
14,27
12,0
11,27
12,805
14,855
15,585
16,74
18,27
17,165
10,01
8,405
9,035
9,62
21,145
25,735
29,979999999999997
33,394999999999996
38,09
35,335
30,61
25,33
22,65
18,87
18,009999999999998
18,16
19,685
29,770000000000003
36,185
39,49
38,58
37,504999999999995
39,16
44,209999999999994
43,025
32,83
37,785
40,825
34,445
40,82
41,965
49,03
50,775000000000006
40,31
32,615
28,035
25,08
20,365000000000002
16,685
19,509999999999998
19,205
28,02
35,67
38,93000000000001
39,209999999999994
38,55
38,105000000000004
37,935
37,04
36,17
36,565
37,425
37,205
38,105
42,06
42,525
46,71
40,215
32,605000000000004
32,78
28,54
26,05
25,03
25,265
26,854999999999997
35,239999999999995
41,465
45,5
44,82
44,519999999999996
44,59
40,22
42,675
44,245000000000005
45,07
46,345
46,7
43,65
46,04
45,3
45,084999999999994
43,230000000000004
38,845
37,775000000000006
32,58
29,725
27,86
27,625
31,740000000000002
39,89
43,43000000000001
47,055
44,24
45,485
46,065
44,955
44,364999999999995
46,635000000000005
47,07
47,519999999999996
46,89
45,515
50,739999999999995
48,035
52,224999999999994
45,64
42,364999999999995
40,49
34,155
30,935000000000002
29,799999999999997
28,99
30,155
42,42
46,92
47,84
44,22
41,865
40,57
46,555
39,8
40,040000000000006
40,07
41,065
45,01
39,305
41,655
40,785
41,995
38,349999999999994
35,43
31,56
26,22
22,95
22,915
19,155
18,314999999999998
22,32
22,130000000000003
25,785
29,6
27,665
28,365000000000002
26,775
25,295
19,465
20,990000000000002
21,02
25,465
29,975
33,05
33,33
33,175
32,1
27,63
18,545
11,34
6,545
5,9799999999999995
2,625
-2,97
-2,4350000000000005
0,04999999999999982
4,44
6,935
10,15
18,384999999999998
19,455
18,125
10,48
10,305
11,375
24,2
26,134999999999998
36,8
30,665
42,36
31,235
24,83
26,545
15,799999999999999
13,225
10,015
10,68
14,06
27,84
34,305
36,69
37,66
36,254999999999995
37,36
38,019999999999996
38,265
38,66
39,135000000000005
42,129999999999995
43,035
44,405
47,435
46,230000000000004
45,019999999999996
39,845
35,935
34,45
29,314999999999998
27,450000000000003
26,72
26,115
27,545
33,345
37,025
37,705
36,335
35,400000000000006
35,79
32,485
32,61
30,990000000000002
29,909999999999997
30,630000000000003
33,475
37,29
39,71
40,885000000000005
40,5
40,555
37,004999999999995
35,0
30,75
29,11
27,75
27,715
29,345
37,28
41,945
45,04
44,02
42,644999999999996
42,82
43,705
42,585
39,99
39,89
40,425
44,41
50,565
55,015
51,89
48,31
46,215
40,985
40,019999999999996
35,705
33,515
31,755000000000003
31,544999999999998
33,709999999999994
41,25
48,114999999999995
50,629999999999995
48,55
47,015
47,525
44,06999999999999
43,144999999999996
41,364999999999995
40,845
41,004999999999995
43,06
47,650000000000006
52,065
49,165
47,55
44,79
41,37
39,28
34,86
32,76
30,935000000000002
30,765
31,87
38,88
41,325
43,985
43,43
42,09
41,555
43,095
40,54
40,53
39,935
40,485
42,47
40,39
41,03
40,16
39,495000000000005
39,955
37,175
34,82
30,79
28,634999999999998
26,955
26,405
25,545
26,634999999999998
30,5
30,035
30,165
29,635
28,735
28,415
27,29
26,4
26,3
26,985
29,41
32,86
35,265
37,105000000000004
38,325
37,41
34,230000000000004
33,79
29,175
26,575000000000003
24,675
24,85
23,55
20,15
23,8
21,66
20,985
19,93
20,575
21,740000000000002
19,055
16,315
15,925
18,015
23,515
28,28
33,875
35,879999999999995
37,105000000000004
33,575
30,159999999999997
29,37
25,310000000000002
23,83
23,015
23,55
24,770000000000003
35,004999999999995
40,03
39,0
38,355000000000004
35,195
33,83
34,375
34,489999999999995
33,11
32,815
33,935
38,489999999999995
41,64
47,18
45,925
43,05
40,815
36,61
34,39
29,93
27,8
27,085
26,225
27,77
35,21
41,335
40,019999999999996
38,010000000000005
37,14
37,535
37,565
37,325
37,644999999999996
37,875
38,47
39,84
43,5
46,12
46,34
43,114999999999995
41,21
37,55
37,03
32,11
30,119999999999997
29,435000000000002
30,305
33,995000000000005
41,260000000000005
48,465
53,355
47,96
47,065
49,480000000000004
46,849999999999994
44,335
42,525
42,0
40,55
43,025
46,055
49,205
46,97
46,72
43,75
39,474999999999994
36,135
32,945
30,71
29,534999999999997
30,23
33,019999999999996
41,66
49,485
53,629999999999995
52,885000000000005
51,9
50,76
49,2
44,065
43,84
43,65
42,97
46,58
46,39
48,705
50,099999999999994
46,635
43,394999999999996
39,86
36,79
32,25
30,51
29,685000000000002
29,535
32,480000000000004
40,925
45,285
45,86
43,254999999999995
41,705
42,19
40,66
38,975
37,71
37,65
37,465
39,519999999999996
41,935
43,535
43,355000000000004
41,37
41,335
37,025
35,095
31,145
28,87
27,84
26,98
26,740000000000002
26,689999999999998
27,564999999999998
29,455
29,61
28,66
27,72
27,155
26,310000000000002
25,725
26,009999999999998
26,79
29,5
34,9
37,955
38,239999999999995
38,04
38,725
36,045
33,555
28,72
27,85
25,915
25,005
24,65
23,025
23,725
22,875
24,18
24,66
24,975
25,125
22,97
18,815
20,83
24,31
26,744999999999997
31,42
36,585
37,795
38,05
39,255
36,4
32,915000000000006
28,45
27,7
27,36
26,5
28,200000000000003
36,13
39,620000000000005
40,375
39,59
38,2
38,129999999999995
38,6
37,5
37,235
37,144999999999996
37,894999999999996
38,519999999999996
40,255
42,394999999999996
43,504999999999995
41,705
40,59
36,915000000000006
33,7
31,21
29,785
29,310000000000002
29,32
29,96
36,58
39,5
39,89
39,19
38,09
38,370000000000005
38,79
38,82
39,33
39,025000000000006
39,75
40,375
39,900000000000006
42,26
42,135000000000005
40,78
40,754999999999995
37,985
35,22
29,494999999999997
28,619999999999997
28,365000000000002
28,34
28,975
35,42
39,675
40,885000000000005
40,349999999999994
39,065
39,724999999999994
40,34
40,33
40,114999999999995
39,64
39,72
41,010000000000005
42,709999999999994
45,230000000000004
44,62
43,03
41,345
38,14
36,515
32,83
31,185000000000002
30,189999999999998
29,345
31,71
39,269999999999996
42,900000000000006
42,85
42,545
42,2
42,379999999999995
42,05
42,489999999999995
42,685
41,32
41,4
42,08
42,715
45,375
44,165
42,765
41,745
37,875
33,765
29,83
28,4
26,725
26,53
27,805
32,66
38,725
40,615
39,92
39,46
37,989999999999995
38,955
36,84
35,67
34,875
36,47
36,480000000000004
36,76
38,400000000000006
38,965
38,0
37,605000000000004
34,835
35,205
31,325000000000003
28,0
26,240000000000002
25,439999999999998
25,54
26,55
28,689999999999998
29,025
30,244999999999997
28,16
27,355
27,605
25,515
23,939999999999998
24,26
25,18
26,950000000000003
30,775
34,39
35,66
34,53
34,795
29,58
27,755
24,16
21,535
21,25
21,16
19,615000000000002
19,259999999999998
20,685000000000002
19,07
22,130000000000003
23,560000000000002
24,685
25,205
19,814999999999998
17,04
18,425
24,455
29,295
33,685
33,25
42,095
42,05
37,675
34,485
31,395
26,92
25,045
23,740000000000002
23,64
26,39
34,6
38,595
39,30500000000001
39,8
39,504999999999995
39,394999999999996
39,32
38,739999999999995
39,04
39,85
40,46
43,510000000000005
41,925
41,019999999999996
44,83
41,53
39,34
34,265
30,395000000000003
28,325000000000003
27,425
26,66
26,655
27,665
36,93
39,010000000000005
40,165000000000006
39,595
39,96
40,33
40,615
40,275
39,545
42,38
43,525
44,03
39,775000000000006
42,17
43,58
43,58
41,97
40,09
35,010000000000005
30,57
29,93
28,765
28,595
29,825
37,845
45,595
47,425
48,34
48,095
47,995000000000005
48,775
49,739999999999995
50,035
53,125
55,959999999999994
56,735
53,65
50,22
51,105000000000004
52,760000000000005
45,385000000000005
41,655
37,705
32,46
30,23
28,36
27,895
29,515
39,11
47,730000000000004
48,65
47,54
47,95
49,19499999999999
48,72
49,33
50,71
52,010000000000005
48,84
48,585
49,445
55,215
57,010000000000005
51,22
48,415
42,955
43,93
38,55
34,125
33,04
35,835
40,185
44,495000000000005
55,254999999999995
58,53
57,7
57,695
58,385
58,599999999999994
58,91
60,620000000000005
57,045
56,38
59,205
55,614999999999995
53,16
55,355000000000004
49,650000000000006
46,245000000000005
40,28
38,495000000000005
29,755000000000003
27,634999999999998
26,95
26,295
25,97
28,715
34,375
36,655
38,27
38,69
37,14
40,105000000000004
38,32
36,879999999999995
36,695
37,745000000000005
43,975
44,96
46,295
49,235
47,510000000000005
41,035
37,685
33,815
28,509999999999998
26,509999999999998
24,17
23,91
23,575
24,009999999999998
26,67
27,35
27,82
29,15
29,985
30,945
29,34
28,525
29,615000000000002
29,855
32,835
43,155
37,885000000000005
54,845
55,03999999999999
40,025
36,555
31,765
27,16
25,845
24,705
25,35
27,505
35,34
41,15
44,175
45,11
42,980000000000004
42,495000000000005
41,525
41,405
40,515
40,125
39,870000000000005
41,3
43,33
46,045
45,040000000000006
44,655
41,76
36,675
31,505000000000003
27,369999999999997
25,700000000000003
23,92
23,91
27,805
32,525
43,165
44,725
43,315
38,845
38,515
38,22
37,96
37,795
38,18
37,955
40,31
40,76
42,195
41,605000000000004
41,265
40,05
33,645
32,34
27,075000000000003
24,43
20,380000000000003
20,119999999999997
23,935000000000002
29,82
38,065
42,894999999999996
41,989999999999995
51,76
52,004999999999995
51,31
44,69
44,19
42,225
41,620000000000005
41,739999999999995
38,695
42,364999999999995
42,67
41,69
40,834999999999994
35,745000000000005
30,259999999999998
26,98
24,965
24,08
24,16
27,135
32,010000000000005
37,510000000000005
40,21
39,75
34,875
34,215
34,735
34,13
34,02
34,045
37,155
40,144999999999996
43,615
50,18
48,15
43,095
41,265
36,144999999999996
32,364999999999995
28,855
27,625
26,439999999999998
26,33
29,36
34,095
39,02
40,120000000000005
38,61
35,535
33,97
33,974999999999994
33,995000000000005
33,3
33,965
35,4
39,295
43,055
48,93
46,605000000000004
43,349999999999994
40,405
36,35
34,985
30,905
28,605
27,27
26,905
27,78
29,225
31,905
32,58
32,515
29,925
28,83
28,285
26,85
27,064999999999998
27,975
29,65
33,795
37,1
40,39
40,63
39,260000000000005
37,95
33,105000000000004
30,990000000000002
28,285
26,795
25,115000000000002
24,435000000000002
24,9
24,145
24,41
24,305
24,355
25,385
25,275
24,4
23,835
23,060000000000002
24,689999999999998
26,54
29,05
35,07
39,224999999999994
40,269999999999996
39,394999999999996
37,285
31,474999999999998
29,369999999999997
27,53
25,435000000000002
23,98
24,314999999999998
28,595
34,79
39,09
40,44
40,28
39,275000000000006
38,42
38,855000000000004
38,995
39,715
40,69
41,42
42,629999999999995
46,120000000000005
51,91
47,945
43,245000000000005
41,365
34,510000000000005
42,155
33,515
32,07
30,09
30,215
32,24
36,379999999999995
43,015
41,165
41,349999999999994
40,290000000000006
39,63
40,525
40,474999999999994
38,575
39,519999999999996
41,1
43,1
44,43
48,245000000000005
58,55500000000001
43,635
40,725
34,525
36,04
33,23
31,79
30,555
31,04
32,64
35,425
39,730000000000004
41,035
40,394999999999996
39,745000000000005
40,59
49,96
49,92
50,175
48,98
54,565
48,769999999999996
47,41
53,019999999999996
59,595
42,825
39,695
35,22
32,875
29,865000000000002
28,490000000000002
28,045
28,355
31,47
35,355
39,72
41,864999999999995
43,16
41,394999999999996
41,894999999999996
44,815
41,795
40,765
40,81
40,230000000000004
43,035
48,510000000000005
53,32
48,72
44,165
41,394999999999996
37,29
35,635
33,08
30,995
29,915
29,73
32,35
37,975
44,865
47,215
49,120000000000005
47,475
48,230000000000004
44,67
41,64
39,19
38,495
39,53
41,945
44,68
46,29
44,135000000000005
42,47
40,68
36,925
38,29
32,03
30,285
29,064999999999998
28,115000000000002
28,7
28,93
30,09
30,895
31,88
30,59
29,695
30,08
28,045
27,455
27,21
28,235
30,585
34,595
33,825
38,66
37,425
36,595
33,72
32,055
28,505000000000003
26,145
24,325
24,215
22,955
23,545
26,11
27,97
27,735
26,450000000000003
26,465
27,825
24,455
22,54
23,46
25,990000000000002
29,634999999999998
33,585
36,379999999999995
39,85
39,125
37,425
32,965
32,385
29,735
28,43
26,98
27,0
30,09
36,04
41,925
43,95
43,355000000000004
41,555
41,26
40,989999999999995
39,945
38,875
38,43
39,725
43,129999999999995
47,06
54,39
51,715
47,715
43,045
39,41
35,665
33,92
31,939999999999998
30,535
30,68
33,195
40,535
47,394999999999996
49,925
47,019999999999996
43,295
41,445
40,5
41,230000000000004
37,545
36,97
38,33
43,7
50,195
56,045
55,315
51,14
47,075
40,015
37,165
33,79
32,205
30,490000000000002
30,285
33,535
39,35
44,9
45,695
43,545
39,47
37,894999999999996
40,97
40,83
35,59
35,59
37,76
41,84
46,555
51,129999999999995
48,62
43,584999999999994
40,47
34,055
33,715
29,09
26,32
24,985
25,075000000000003
29,560000000000002
33,865
38,51
41,19
41,335
38,93
37,144999999999996
36,269999999999996
34,68
33,775
35,175
36,015
42,47
47,95
57,56
52,14
44,575
41,315
35,32
33,42
27,83
23,615
22,64
21,994999999999997
23,759999999999998
29,715
35,55
37,86
38,0
35,239999999999995
33,71
34,14
34,75
32,795
34,63
36,865
38,725
39,325
43,065
43,269999999999996
41,41
38,945
35,504999999999995
32,66
26,6
24,63
22,41
21,72
21,095
25,259999999999998
26,6
30,665
31,725
30,64
30,64
30,125
29,08
29,085
30,330000000000002
33,225
40,59
36,85
39,754999999999995
51,349999999999994
40,010000000000005
35,17
31,29
28,57
23,77
21,665
19,52
14,155000000000001
11,96
14,39
23,384999999999998
24,305
23,810000000000002
24,355
24,82
28,045
22,275
19,96
18,009999999999998
30,98
31,01
30,985
33,44
38,644999999999996
38,275
36,71
32,005
30,195
27,965
27,060000000000002
25,67
25,785
29,1
37,9
48,745000000000005
50,760000000000005
50,49
45,06
45,515
53,89
54,015
47,945
45,85
47,53
49,44
54,785
62,66
65,74
57,325
50,97
42,21
40,745
37,010000000000005
34,0
32,605000000000004
31,83
34,305
43,375
47,769999999999996
50,84
46,394999999999996
42,96
42,34
40,79
39,03
37,66
37,425
36,735
39,89
41,69
44,155
44,345
41,7
39,290000000000006
35,099999999999994
33,865
31,480000000000004
26,645
24,73
25,655
30,884999999999998
40,254999999999995
45,18000000000001
47,655
46,49
49,965
53,305
54,084999999999994
55,51
50,58
50,57
51,845
50,16
52,35
55,22
55,065
49,995000000000005
47,225
46,425
43,285
40,879999999999995
36,55500000000001
35,47
35,045
37,83
43,5
48,21
52,05
53,34
48,349999999999994
50,325
49,96
49,865
47,959999999999994
47,53
48,879999999999995
56,07
63,71
76,47999999999999
77,985
63,72
56,47
47,09
39,980000000000004
34,980000000000004
34,795
33,66
34,005
33,965
44,64
48,26
49,075
48,51
46,120000000000005
46,980000000000004
45,785
44,82
43,8
44,019999999999996
45,3
46,04
49,22
53,435
54,43
47,355
43,39
39,84
37,825
33,09
30,78
28,92
28,439999999999998
29,025
30,520000000000003
33,38
37,08
38,605
36,825
36,254999999999995
34,67
33,355
32,285
34,120000000000005
35,205
37,955
44,54
47,730000000000004
48,415
45,385000000000005
43,55
39,87
37,095
33,51
30,659999999999997
29,435000000000002
28,61
29,509999999999998
29,8
30,409999999999997
32,18
31,939999999999998
31,880000000000003
31,79
31,63
29,854999999999997
28,67
28,105
29,445
33,935
38,555
42,07
45,16
44,105000000000004
42,28
36,875
32,44
30,315
29,814999999999998
28,78
29,560000000000002
34,230000000000004
44,155
56,834999999999994
61,91
62,46
60,28
60,185
57,915
56,965
55,625
54,515
56,305
61,54
67,35
74,255
75,375
61,67
52,185
45,225
42,370000000000005
38,879999999999995
36,055
35,275
36,565
40,68
49,965
62,21
68,13
63,629999999999995
60,56
59,38
56,79
54,2
51,565
50,84
52,215
56,225
62,89
70,485
69,58000000000001
57,515
48,95
43,225
40,495000000000005
37,53
35,965
34,59
35,625
38,485
50,57
61,33
68,55
63,26
55,655
52,260000000000005
49,34
48,65
47,93
47,68000000000001
50,075
55,035
62,099999999999994
70,375
68,03999999999999
56,905
51,385000000000005
44,915
43,275
38,965
36,61
34,955
35,44
38,239999999999995
49,09
55,94
59,005
54,55
49,425
48,66
46,31
45,68
44,73
43,81
44,68
46,305
51,495
59,705
59,28
47,81
41,269999999999996
34,22
30,695
27,22
25,875
25,424999999999997
26,310000000000002
30,035
41,165
47,425
50,695
48,96
44,695
42,894999999999996
40,275000000000006
37,32
35,955
34,879999999999995
39,11
44,16
48,905
53,760000000000005
54,84
47,57
43,675
36,82
36,34
32,995000000000005
29,16
27,54
27,875
28,119999999999997
29,485
33,74
36,675
37,504999999999995
33,695
31,045
31,765
31,05
29,54
28,79
31,585
36,555
38,745
46,235
47,57
41,76
37,825
34,74
34,269999999999996
31,16
30,17
28,73
29,12
29,740000000000002
30,465
31,62
32,265
33,21
32,254999999999995
33,42
33,06
30,265
29,685000000000002
30,055
32,305
37,69
42,55
46,82
49,28
46,879999999999995
44,445
38,735
36,129999999999995
31,17
30,515
30,270000000000003
30,875
34,41
47,519999999999996
57,745
62,15
55,155
48,974999999999994
47,51
47,04
45,135
45,099999999999994
46,91
47,97
49,129999999999995
54,555
62,739999999999995
59,74
48,224999999999994
40,86
34,35
33,589999999999996
29,549999999999997
27,445
26,675
27,345
30,68
37,485
44,739999999999995
48,230000000000004
42,864999999999995
39,085
37,385
39,97
40,125
38,795
39,055
42,790000000000006
47,33
53,879999999999995
63,61
63,035000000000004
49,99
44,43
37,56
36,769999999999996
34,980000000000004
32,805
31,475
31,72
34,575
46,685
51,22
51,59
51,24
47,730000000000004
46,605000000000004
47,625
47,535
46,730000000000004
47,125
51,620000000000005
51,545
58,519999999999996
62,485
62,510000000000005
51,54
45,55
35,974999999999994
33,225
31,055
30,259999999999998
30,064999999999998
30,67
35,709999999999994
49,25
54,004999999999995
58,67
54,260000000000005
53,235
52,61
49,695
49,144999999999996
48,11
48,480000000000004
51,375
55,625
63,8
76,295
72,53
57,21
52,215
45,705
43,36
38,855000000000004
37,665000000000006
35,489999999999995
35,695
40,015
51,215
58,239999999999995
62,235
57,364999999999995
50,785
52,989999999999995
53,07
50,715
51,19
50,68
53,37
52,09
55,245000000000005
64,62
63,370000000000005
52,17
48,72
42,71
40,905
37,370000000000005
35,245000000000005
33,19
32,105
33,075
35,95
39,644999999999996
39,105000000000004
38,739999999999995
34,18
33,09
34,325
35,724999999999994
34,03
34,37
37,875
39,53
44,18
49,615
51,519999999999996
45,295
42,215
38,35
35,09
32,724999999999994
29,85
28,315
26,985
26,799999999999997
27,985
28,985
30,085
30,354999999999997
30,11
30,07
29,744999999999997
29,560000000000002
28,03
27,03
28,884999999999998
35,365
40,629999999999995
49,504999999999995
51,2
45,945
41,94
36,305
37,985
35,2
33,489999999999995
32,855000000000004
32,72
36,510000000000005
48,965
57,725
62,47
56,515
52,025000000000006
50,269999999999996
47,05
47,025
46,555
47,825
52,855000000000004
62,235
72,41499999999999
81,745
81,04499999999999
63,394999999999996
53,75
45,565
44,585
41,32
39,715
38,115
38,78
42,43
56,085
68,55
76,235
69,51
62,815000000000005
60,015
56,32
55,805
56,575
59,915
66,215
76,57
91,035
131,525
122,08500000000001
72,61000000000001
62,845
52,584999999999994
47,915
44,245
42,75
40,79
41,34
44,355000000000004
57,39
69,91499999999999
77,18
70,97
59,879999999999995
55,489999999999995
53,085
54,225
55,21
53,96
56,375
58,129999999999995
63,345
72,43
64,215
52,97
49,235
43,22
37,83
37,36
36,255
35,655
35,335
38,04
49,504999999999995
59,14
64,03999999999999
57,31
56,315
54,28
52,239999999999995
51,86
51,475
52,205
55,885000000000005
57,94
66,315
77,32
66,16
53,335
46,790000000000006
40,605
39,504999999999995
36,379999999999995
34,615
33,985
34,105000000000004
36,845
44,915000000000006
53,145
56,93
52,894999999999996
46,725
42,335
44,605000000000004
43,36
42,655
43,644999999999996
46,44
49,62
54,685
62,445
55,77
48,19
42,565
38,31
36,730000000000004
33,56
31,26
29,845
29,785
31,42
35,555
38,665000000000006
41,25
39,985
36,8
36,39
36,465
35,435
34,46
35,900000000000006
36,565
41,955
48,685
52,045
51,14
45,68
41,83
38,66
38,78
35,44
33,68
31,99
31,634999999999998
32,125
33,425
34,155
33,625
35,31
33,435
34,035
34,66
31,53
31,115000000000002
31,545
36,47
38,040000000000006
46,269999999999996
52,885000000000005
52,974999999999994
49,605000000000004
44,67
38,87
38,835
36,265
34,915
34,355000000000004
34,57
40,76
54,47
69,03
78,77
69,2
55,635
53,085
50,474999999999994
48,35
48,445
51,09
55,995000000000005
63,989999999999995
75,935
111,08500000000001
91,185
63,94500000000001
55,24
48,185
44,575
42,6
42,09
40,769999999999996
40,665
45,65
54,025
71,52000000000001
75,67
58,894999999999996
54,599999999999994
53,0
50,635
50,51
49,614999999999995
50,685
53,93
59,870000000000005
61,985
70,98
62,91
56,364999999999995
53,83
45,49
43,265
40,045
38,355000000000004
36,900000000000006
37,254999999999995
41,185
50,735
56,555
61,68000000000001
58,825
53,075
53,4
51,91
51,16
50,41
49,47
51,519999999999996
54,260000000000005
59,5
67,355
57,605
49,769999999999996
44,785
37,765
35,245000000000005
33,55
32,305
31,035
32,74
38,28
47,795
52,31
54,44
53,885
50,455
49,705
46,260000000000005
46,61
46,760000000000005
47,91
49,97
50,2
53,015
63,05499999999999
54,705
48,16
43,015
36,685
35,24
32,41
29,065
27,689999999999998
29,16
32,825
41,825
50,870000000000005
55,03
52,675
50,825
49,980000000000004
49,02
45,875
41,224999999999994
38,965
39,81
45,120000000000005
50,545
55,745000000000005
51,495000000000005
44,989999999999995
39,85
34,91
33,925
30,630000000000003
28,335
27,07
26,619999999999997
27,689999999999998
30,174999999999997
33,275
37,614999999999995
39,724999999999994
37,945
36,605000000000004
34,004999999999995
32,175
29,4
28,93
29,765
33,94
39,385000000000005
45,445
41,135000000000005
35,019999999999996
32,34
27,83
14,755
20,685000000000002
18,22
14,71
14,54
16,09
19,075
22,555
26,545
31,91
31,985
32,53
33,045
29,354999999999997
28,814999999999998
29,744999999999997
31,05
35,265
43,86
49,88
48,345
44,349999999999994
38,879999999999995
34,57
33,394999999999996
31,21
29,93
28,965
29,465
32,305
47,64
58,715
63,2
60,864999999999995
54,015
52,42
50,2
48,95
47,625
49,42
52,31
57,465
65,305
82,515
67,41
52,815
45,599999999999994
39,195
38,965
36,94
36,47
34,980000000000004
35,94
38,87
53,32
66,39500000000001
71,91
68,275
60,519999999999996
56,78
54,045
51,47
51,81
52,485
54,945
59,66
67,345
79,725
69,125
58,480000000000004
51,010000000000005
45,265
40,575
39,010000000000005
37,74
36,06
36,175
39,43
50,114999999999995
58,894999999999996
67,535
62,885000000000005
54,629999999999995
52,620000000000005
49,685
47,394999999999996
45,730000000000004
45,78
49,144999999999996
53,68
59,715
73,665
57,290000000000006
49,58
43,025000000000006
35,88
35,625
33,540000000000006
31,105
29,5
30,09
33,045
43,83
45,629999999999995
53,86
52,465
48,99
45,035
42,855000000000004
44,989999999999995
39,864999999999995
40,64
45,69
48,535
52,095
60,365
53,005
43,385000000000005
40,555
36,24
33,82
33,655
33,0
31,869999999999997
32,89
36,685
44,09
47,85
53,165
52,370000000000005
48,71
46,92
42,05
39,41
37,629999999999995
36,93
35,96
36,78
40,099999999999994
49,775000000000006
36,254999999999995
27,735
23,345
17,37
22,03
20,135
6,85
4,215
5,02
7,255000000000001
11,455
14,85
28,005000000000003
36,480000000000004
36,425
32,685
31,06
26,105
22,134999999999998
22,990000000000002
26,869999999999997
29,645000000000003
37,07
45,769999999999996
38,870000000000005
34,545
32,035000000000004
28,53
20,42
14,4
10,745
6,8
3,59
3,4
4,415
8,245000000000001
7,43
16,380000000000003
17,49
14,08
15,0
10,54
8,045
8,05
13,444999999999999
25,905
34,97
45,17
39,94499999999999
31,835
28,285
25,295
20,155
14,975000000000001
10,145
9,15
10,885
21,14
34,58
44,315
48,92
47,365
43,465
40,42
37,370000000000005
36,155
34,9
35,125
36,56
42,735
49,7
54,67
49,54
36,775
32,995
28,22
28,125
24,905
20,315
16,2
19,335
28,645000000000003
34,965
45,11
47,58
43,7
40,685
39,715
38,34
35,56
36,040000000000006
36,3
39,445
42,935
46,465
53,965
48,865
40,44
35,44
30,759999999999998
32,455
27,38
23,545
18,534999999999997
20,29
29,424999999999997
38,35
46,835
52,06
49,785
47,54
46,85
44,36
41,66
40,36
40,32
42,61
42,92
46,875
54,185
47,724999999999994
38,93
35,769999999999996
30,384999999999998
31,075000000000003
28,125
24,119999999999997
21,28
20,95
27,450000000000003
36,89
44,22
48,489999999999995
45,12
40,16
36,37
35,305
33,03
33,875
34,3
38,375
42,989999999999995
45,5
54,945
48,900000000000006
41,989999999999995
36,985
25,44
27,79
26,115000000000002
26,064999999999998
24,655
26,0
31,985
42,805
49,34
59,635
56,315
49,345
48,575
45,85
44,75
42,975
44,67
47,94
49,09
53,7
56,8
50,89
45,015
41,760000000000005
37,82
38,035
33,055
32,15
27,13
27,810000000000002
27,915
30,93
36,245000000000005
39,595
41,935
37,974999999999994
34,775
34,504999999999995
31,674999999999997
30,67
30,994999999999997
33,685
37,519999999999996
43,53
51,06
46,540000000000006
40,94
37,865
37,285
31,33
27,585
25,585
22,72
22,909999999999997
24,21
25,905
28,84
31,04
32,765
32,825
32,615
32,935
29,744999999999997
28,165
28,615000000000002
30,67
35,485
43,540000000000006
50,15
44,834999999999994
40,715
37,385000000000005
33,705
31,849999999999998
29,064999999999998
26,825000000000003
26,175
26,4
29,455
44,370000000000005
52,599999999999994
60,754999999999995
59,584999999999994
54,06
52,65
49,075
46,33
45,585
45,349999999999994
46,69
56,605000000000004
69,935
85,59
57,97
50,864999999999995
45,96
39,129999999999995
37,644999999999996
31,29
30,695
30,29
33,12
36,879999999999995
49,535
58,345
69,62
62,535
54,72
51,575
47,695
45,09
43,980000000000004
44,44
46,75
51,540000000000006
59,195
67,735
52,02
42,135000000000005
40,795
35,15
33,105000000000004
30,770000000000003
30,37
27,93
28,439999999999998
31,174999999999997
42,42
50,67
61,685
59,61
53,075
51,31
46,545
44,405
45,4
46,91
52,885000000000005
53,644999999999996
64,30499999999999
71,56
60,685
48,71
42,71
32,724999999999994
32,34
29,31
27,64
26,725
28,03
32,129999999999995
39,335
47,120000000000005
54,455
53,305
50,375
48,93
48,8
47,525000000000006
45,760000000000005
45,315
47,485
48,585
55,985
61,25
50,84
46,24
40,55
38,75
35,44
33,3
32,23
31,55
33,095
36,41
45,644999999999996
54,33
64,71
61,89
56,260000000000005
53,980000000000004
51,46
48,915
47,33
46,72
48,805
50,92
56,34
61,935
52,875
46,335
43,8
41,47
41,815
37,31999999999999
36,89
36,019999999999996
35,825
35,26
38,36
42,765
47,055
47,575
45,495000000000005
42,980000000000004
41,019999999999996
38,415000000000006
36,695
37,32
38,629999999999995
43,445
52,205
55,54
50,135
42,394999999999996
40,760000000000005
36,47
33,16
31,53
28,245
25,97
23,235
22,98
25,535
30,2
29,15
35,915
36,385000000000005
35,19
36,370000000000005
32,88
31,095
30,735
33,5
38,135
45,53
52,335
47,785
42,65
37,614999999999995
34,075
34,28
31,835
31,020000000000003
30,365
30,86
34,72
47,28
58,485
66,485
61,59
53,305
48,525000000000006
45,29
42,925
43,04
43,785
45,925
49,965
61,695
67,17500000000001
55,864999999999995
45,775
42,13
31,945
31,325000000000003
31,98
29,685000000000002
29,04
29,225
32,33
46,010000000000005
53,614999999999995
59,879999999999995
50,84
44,59
44,835
43,535
41,85
42,269999999999996
42,88
45,235
50,745
57,04
64,315
52,765
45,425
35,915000000000006
32,3
36,0
30,685000000000002
29,615000000000002
28,885
29,560000000000002
32,93
43,18
50,535
54,755
50,675
44,385
42,965
39,19
35,745000000000005
34,585
41,935
45,245000000000005
46,290000000000006
56,2
59,34
50,585
39,14
34,519999999999996
25,259999999999998
33,915
32,05
18,44
26,875
28,11
32,595
44,605000000000004
50,135000000000005
57,345
51,39
47,545
47,16
45,67
44,57
44,79
47,81
50,425
52,345
56,870000000000005
61,7
55,525
52,61
47,754999999999995
45,489999999999995
40,385000000000005
34,335
36,965
36,375
37,29
38,925
44,675
52,66
57,14
57,835
54,94
52,675
51,325
49,475
46,705
46,06
47,055
50,235
58,525
61,59
54,595
43,335
41,675
37,725
38,245
36,57
33,68
28,755000000000003
28,560000000000002
31,55
32,025000000000006
38,19
45,67
48,635000000000005
45,245000000000005
40,370000000000005
39,325
36,730000000000004
36,435
36,725
40,290000000000006
43,51
51,665000000000006
53,480000000000004
49,290000000000006
46,004999999999995
44,215
39,42
28,995
30,665
10,735000000000001
11,91
6,76
6,75
17,68
26,415
21,68
32,79
34,995000000000005
35,435
33,84
35,725
32,92
34,59
39,055
40,31
49,510000000000005
50,735
51,295
48,07
41,815
39,86
36,019999999999996
29,595
26,064999999999998
26,035
23,939999999999998
24,045
29,025
45,05
50,0
51,195
49,55
47,900000000000006
46,879999999999995
46,145
42,980000000000004
44,489999999999995
45,305
49,055
53,285
53,155
51,815
46,535
40,55
37,605000000000004
34,66
30,045
27,77
26,240000000000002
25,405
27,314999999999998
34,364999999999995
42,725
47,03
48,03
44,39
39,03
40,3
38,735
38,815
38,980000000000004
42,8
46,705
49,615
51,980000000000004
48,67
41,545
35,125
31,58
23,255
35,58
25,595
21,439999999999998
14,16
25,175
32,16
42,655
46,925
46,28
45,555
42,22
41,385000000000005
37,89
37,78
38,7
42,775
47,525000000000006
63,295
52,755
48,06
52,275000000000006
39,39
40,6
27,385
27,6
23,23
14,434999999999999
12,254999999999999
16,9
30,25
40,38
48,105000000000004
46,2
44,34
43,905
44,01
43,510000000000005
43,455
43,735
45,959999999999994
47,21
51,685
52,085
48,33
45,045
42,6
37,385000000000005
29,295
23,82
19,43
14,91
11,795
13,58
22,335
33,66
45,06
42,91
41,345
40,14
41,18
41,010000000000005
39,26
39,58
41,57
45,195
47,815
46,66
46,004999999999995
42,685
37,04
32,34
29,415
32,69
30,09
28,91
27,9
26,98
29,075000000000003
30,995
35,035
38,09
39,144999999999996
37,425
35,89
33,879999999999995
32,095
31,865
34,995000000000005
39,335
40,9
41,16
36,6
31,295
27,14
25,875
22,034999999999997
19,165
17,15
14,535
10,785
8,76
9,555
10,615
10,025
13,485
18,76
23,439999999999998
24,425
22,7
17,255000000000003
14,315
31,64
35,120000000000005
40,075
36,849999999999994
38,790000000000006
32,595
27,595
25,744999999999997
14,765
7,835
7,51
8,879999999999999
10,785
16,52
30,045
42,260000000000005
45,665
47,120000000000005
46,114999999999995
45,14
45,144999999999996
43,515
44,19
47,955
49,85
54,235
61,144999999999996
64,06
61,09
52,4
48,815
42,55500000000001
29,89
32,375
27,255
23,14
23,215
26,635
32,035000000000004
44,41
44,815
47,165000000000006
43,254999999999995
44,995000000000005
45,14
43,64
44,379999999999995
47,265
49,705
52,93
66,49000000000001
56,285000000000004
50,379999999999995
46,3
46,725
42,095
33,65
30,37
29,92
27,015
23,950000000000003
27,585
31,695
41,980000000000004
46,65
48,599999999999994
47,815
46,394999999999996
45,905
44,605
44,795
46,81
48,515
49,85
55,83
56,894999999999996
48,79
43,31
36,98
35,205
31,85
32,56
31,125
30,36
28,915
29,78
32,985
38,955
45,71
49,93
47,215
43,525000000000006
40,315
38,415
38,375
39,24
41,81
44,84
49,695
52,265
47,54
43,8
38,785
37,2
33,485
33,385000000000005
31,475
30,189999999999998
29,095
30,91
33,305
43,575
47,62
50,54
47,46
44,58
42,185
39,95
39,980000000000004
42,79
44,55
48,335
51,71
51,41
47,555
43,06
38,7
36,79
33,150000000000006
34,285
31,13
29,865000000000002
28,590000000000003
28,284999999999997
28,775
31,575000000000003
36,05
35,275000000000006
36,32
33,735
34,135
34,67
33,805
34,715
39,84
45,56999999999999
50,92
49,445
47,31
45,44
41,44
39,86
36,78
35,03
31,37
29,975
29,92
29,61
29,2
29,66
31,240000000000002
30,84
35,21
35,49
36,14
34,995000000000005
32,705
35,385000000000005
37,980000000000004
41,370000000000005
48,255
47,515
46,629999999999995
43,93
41,695
39,565
35,96
33,31
31,725
30,98
30,515
31,175
34,364999999999995
45,185
48,86
50,370000000000005
48,21
46,43
46,785
45,67
45,935
47,115
50,525
51,86
64,86
59,730000000000004
54,504999999999995
47,5
44,88
41,185
37,43
35,16
36,4
35,35
34,44
35,004999999999995
36,545
46,135
50,76
53,879999999999995
52,195
51,004999999999995
50,74
49,94
49,67
50,905
53,88
56,144999999999996
73,32
66,235
58,17
49,425
46,230000000000004
43,599999999999994
38,085
38,495000000000005
36,480000000000004
34,105000000000004
33,555
34,370000000000005
37,53
45,55
51,99
53,125
51,795
49,965
50,54
49,504999999999995
49,91
49,275
52,004999999999995
59,93
72,175
65,75
56,620000000000005
51,285
47,14
43,2
37,815
39,675
38,265
37,019999999999996
36,775
38,150000000000006
42,69
59,33
61,635
64,14
60,39
56,510000000000005
58,83
54,15
54,525
63,635000000000005
66,38
71,015
78,295
73,07
68,86
55,1
50,004999999999995
45,519999999999996
41,7
38,345
36,54
34,71
34,745000000000005
36,605
42,575
49,8
61,71
63,349999999999994
60,754999999999995
57,385000000000005
61,415
62,72
55,2
56,3
63,515
70,10499999999999
77,1
69,36500000000001
61,055
53,055
50,45
45,465
40,95
48,455
38,655
39,620000000000005
38,155
37,315
41,915
46,03
45,379999999999995
48,364999999999995
49,53
49,41
50,285
50,155
49,519999999999996
49,265
50,785
54,085
60,04
53,980000000000004
52,97
47,519999999999996
47,035
45,135
41,025
38,54
35,2
33,87
35,519999999999996
35,010000000000005
35,65
38,495000000000005
41,075
42,58
49,35
48,805
48,974999999999994
45,155
42,82
43,754999999999995
44,07
52,05
54,735
55,075
50,019999999999996
46,82
40,565
37,34
29,73
29,825
32,325
33,894999999999996
31,955000000000002
33,17
41,004999999999995
49,519999999999996
57,03
62,559999999999995
65,28
61,629999999999995
64,97
60,625
60,89
68,935
69,485
69,64500000000001
74,17
65,28
63,525
58,620000000000005
52,18
48,44
44,004999999999995
40,945
38,695
37,775
35,305
35,735
42,605000000000004
49,995000000000005
54,72
57,620000000000005
56,015
51,754999999999995
51,29
52,01
51,025
51,415
53,375
56,875
62,72
56,935
55,715
52,935
46,215
45,94
41,355000000000004
38,3
36,269999999999996
32,685
32,205
32,04
37,769999999999996
46,885000000000005
52,045
54,59
50,675
48,72
48,0
50,32
48,644999999999996
49,0
53,045
59,015
67,99000000000001
67,50999999999999
64,92500000000001
55,510000000000005
49,56
46,595
46,095
43,285
38,16
37,3
34,745
35,16
41,58
48,03
51,74
53,61
50,425
50,55
54,165
56,815
53,25
49,755
51,144999999999996
57,135000000000005
64,475
60,635
56,83
54,85
51,265
50,620000000000005
43,239999999999995
38,965
36,435
33,265
32,085
33,275
41,495000000000005
52,36
57,345
61,370000000000005
59,44
55,695
54,894999999999996
51,64
51,64
54,375
55,555
60,245000000000005
63,105000000000004
58,425
51,53
50,57
47,025
43,79
38,425
36,89
33,28
31,47
29,939999999999998
28,604999999999997
31,54
35,69
42,3
42,345
42,32
41,095
41,405
40,515
39,865
41,385
43,015
46,185
48,375
49,825
49,879999999999995
45,845
42,44
41,66
34,685
35,739999999999995
33,489999999999995
31,545
28,795
28,865000000000002
31,29
35,099999999999994
36,96
38,735
40,48
40,61
41,97
42,66
40,595
42,445
46,875
48,45
55,455
56,120000000000005
50,82
47,040000000000006
43,66
42,230000000000004
40,504999999999995
38,739999999999995
35,480000000000004
34,43
33,25
34,115
43,495000000000005
53,260000000000005
61,015
69,61
66,25999999999999
62,33
64,665
68,97
63,545
63,17999999999999
63,585
78,95
76,57
76,155
73,53
63,31
60,315
50,065
47,7
45,215
40,07
37,815
36,28
36,769999999999996
42,53
53,010000000000005
65,645
69,985
64,445
53,89
52,47
50,489999999999995
50,739999999999995
54,495
63,415
72,575
75,72999999999999
73,25
69,955
60,05
52,765
48,519999999999996
47,075
41,065
38,215
34,980000000000004
33,995
37,349999999999994
41,73
54,26
67,03999999999999
71,465
65,36500000000001
56,44
56,120000000000005
54,18
54,165
58,28
69,745
77,25999999999999
81,485
75,155
70,89
60,825
54,785
51,519999999999996
45,215
48,754999999999995
41,07
39,245000000000005
38,71
41,79
50,08
57,480000000000004
68,045
72,375
67,75
60,915000000000006
61,58
61,11
58,504999999999995
63,21000000000001
70,57499999999999
78,16499999999999
97,11
82,485
73,195
64,68
56,315
52,465
48,09
49,39
46,900000000000006
44,345
43,7
44,19
54,980000000000004
67,685
77,375
98,5
86,34
74,53
72,075
70,43
67,545
72,465
83,56
92,65
100,88499999999999
94,53
78,00999999999999
66,045
58,92
54,065
50,06
60,44
51,2
44,45
43,974999999999994
44,769999999999996
46,08
51,595
62,305
70,505
70,76
68,45
64,985
61,885000000000005
61,07
60,09
61,879999999999995
91,485
93,95500000000001
72,81
67,095
59,96
57,67
51,605000000000004
48,975
47,36
43,41
39,06
39,095
39,230000000000004
39,629999999999995
41,665
48,315
51,62
53,724999999999994
54,474999999999994
53,83
53,035
49,18
48,885000000000005
51,445
59,650000000000006
66,14
63,120000000000005
61,555
57,625
51,67
47,485
45,095
45,165
42,14
40,57
39,28
39,505
44,96
57,614999999999995
72,67500000000001
83,11500000000001
72,615
63,51
60,555
58,955
56,99
57,254999999999995
63,04
69,065
74,27000000000001
73,66
71,57
64,575
57,004999999999995
51,695
48,78
37,870000000000005
35,155
33,305
33,54
35,035
41,53
57,655
65,88499999999999
70,55
69,145
66,545
66,775
64,015
65,57
66,535
70,66499999999999
78,32
85,515
80,63499999999999
74,18
65,66
57,535
53,785
49,760000000000005
48,78
45,57
42,79
39,975
41,085
48,724999999999994
56,25
80,18
97,94999999999999
95,255
92,49000000000001
88,93
83,49000000000001
82,485
85,745
90,58
105,07
112,765
103,245
83,97
63,364999999999995
54,815
51,72
46,34
48,41
45,7
44,81
41,94
42,06
51,05
65,745
79,045
93,96
94,425
90,0
89,97
92,47
88,465
85,125
95,815
101,81
97,13499999999999
88,72
87,015
85,89
58,815
56,114999999999995
51,555
45,065
40,28
39,01
37,08
39,08
44,894999999999996
55,26
65,59
80,905
78,47
76,43
71,585
66,95
66,495
67,535
71,275
73,065
77,11
70,59
64,905
59,11
53,415
49,41
44,545
44,54
41,19
40,245000000000005
37,855000000000004
37,95
38,765
43,275000000000006
49,53
49,85
54,735
54,25
54,265
54,93
52,8
51,335
53,9
58,254999999999995
64,475
63,905
60,965
53,93
44,885000000000005
44,615
39,864999999999995
40,095
37,239999999999995
35,75
33,575
33,195
32,765
34,95
38,74
41,055
45,114999999999995
47,845
51,834999999999994
51,474999999999994
48,575
46,400000000000006
50,175
54,224999999999994
58,63
59,980000000000004
55,425
49,739999999999995
45,08
43,0
38,849999999999994
37,295
33,7
21,380000000000003
20,44
27,365000000000002
34,445
50,55
62,120000000000005
69,94
70,115
67,38499999999999
69,1
64,97999999999999
65,545
65,965
66,69
70,685
76,68
74,065
71,065
63,88
54,849999999999994
50,515
47,105000000000004
43,295
40,705
39,885000000000005
37,795
38,16
42,370000000000005
52,45
68,68
79,235
80,555
78,91999999999999
78,4
77,26
77,18
76,88
80,485
87,125
97,755
88,63
80,39500000000001
64,555
56,39
50,935
49,235
42,39
43,39
40,269999999999996
38,675
39,445
42,425
54,400000000000006
76,38499999999999
102,03999999999999
108,53999999999999
106,18
104,08500000000001
102,89500000000001
102,075
101,5
104,125
108,71000000000001
121,695
107,905
92,42
67,465
56,575
52,955
43,59
41,21
38,35
36,33
34,555
34,54
40,04
52,515
72,77000000000001
97,39
98,69999999999999
95,57
98,02
94,03999999999999
96,50999999999999
93,485
97,125
105,06
109,21000000000001
100,125
82,635
63,26
51,925
48,510000000000005
45,56
41,504999999999995
37,275
37,19
35,51
34,68
39,55
54,975
60,985
71,16499999999999
69,63
68,645
66,25
64,04
64,75999999999999
63,955
66,61500000000001
72,7
75,02000000000001
68,715
64,39500000000001
58,385
53,71
51,81999999999999
48,255
40,18
38,96
36,235
35,775000000000006
35,5
37,644999999999996
40,665
55,625
60,59
59,765
58,394999999999996
57,215
56,955
54,305
52,875
55,715
58,03
60,620000000000005
59,28
57,135000000000005
50,474999999999994
50,39
48,26
44,125
43,525000000000006
39,43
37,47
35,435
34,485
35,365
37,905
40,599999999999994
46,7
47,64
51,17
53,010000000000005
53,415
48,540000000000006
45,44
46,855000000000004
50,435
55,385
54,945
54,25
49,085
44,519999999999996
42,87
37,2
34,275
32,004999999999995
29,235
25,615000000000002
26,975
36,625
51,135
60,78
63,504999999999995
65,02000000000001
60,16
57,71
57,485
56,995000000000005
56,495
60,72
69,75
71,125
66,27000000000001
60,54
56,54
50,8
47,519999999999996
40,2
37,584999999999994
35,3
33,3
32,035
33,675
41,33
52,785
64,53999999999999
71,24000000000001
67,88499999999999
66,765
65,96000000000001
62,905
61,19
63,83
69,33500000000001
83,99000000000001
81,21000000000001
73,47
70,35
73,28
56,7
53,834999999999994
48,375
48,9
44,835
43,515
41,735
41,785
52,1
68,64
83,445
95,015
92,25999999999999
87,755
88,29499999999999
92,44
85,72
87,205
89,705
103,54499999999999
105,725
91,13
86,16
79,905
70,42
62,07000000000001
54,235
55,3
51,855
51,125
49,715
51,129999999999995
58,18
100,005
126,33000000000001
167,755
166,675
136,81
166,49
167,28
140,01500000000001
130,86
137,48
168,625
168,8
125,045
104,235
77,51
65,655
70,505
60,400000000000006
53,575
51,864999999999995
47,015
44,945
46,14
52,37
65,44
81,935
93,375
92,065
87,33000000000001
90,925
94,08
84,15
83,38499999999999
83,34
91,36
94,2
86,695
81,555
67,85499999999999
59,275
55,9
51,4
50,31
45,175
43,535
42,245000000000005
41,83
45,425
50,91
55,379999999999995
60,03
65,875
78,535
80,435
80,97
59,45
66,365
82,445
71,025
71,595
64,08
64,42
60,06
53,91
49,215
45,620000000000005
46,85
43,595
40,315
35,765
35,985
37,025
41,504999999999995
44,63
45,665
50,14
54,92
54,900000000000006
51,585
48,575
48,125
49,72
57,615
55,31
56,504999999999995
55,935
53,22
48,769999999999996
47,54
45,39
42,19
38,235
35,114999999999995
33,535
34,855000000000004
40,54
54,5
68,36
89,565
96,435
96,74000000000001
105,545
117,08
116,025
104,55
73,265
82,83000000000001
80,665
69,025
68,39500000000001
64,93
55,915
54,315
46,97
45,760000000000005
40,165000000000006
36,185
33,785
37,17
43,52
56,135
68,225
79,845
80,615
79,69
79,72
84,595
81,09
76,6
76,685
84,25
78,18
73,275
68,80000000000001
69,92
102,06
55,51
45,485
43,045
37,72
35,025000000000006
34,085
35,510000000000005
41,175
53,95
61,785000000000004
67,845
65,445
61,055
59,56
58,215
57,44
59,95
67,425
71,08500000000001
71,775
65,305
57,5
56,165
52,519999999999996
45,790000000000006
39,3
38,295
30,130000000000003
19,335
17,9
19,38
25,4
42,245000000000005
48,65
48,364999999999995
49,125
46,435
46,625
43,055
39,655
42,29
43,58
45,754999999999995
49,605000000000004
47,07
45,01
39,36
37,93
37,510000000000005
33,52
31,45
25,4
18,08
15,24
15,495000000000001
18,05
21,259999999999998
31,125
32,945
36,650000000000006
39,815
42,555
42,84
38,765
39,49
38,894999999999996
43,08
47,47
46,225
49,215
47,349999999999994
46,724999999999994
46,004999999999995
42,055
39,935
30,35
27,34
21,095
18,630000000000003
19,46
23,975
29,16
33,099999999999994
37,215
31,635
33,285
31,545
29,544999999999998
29,69
36,005
39,125
43,03
42,099999999999994
44,81
43,475
39,775000000000006
37,260000000000005
28,535
18,185000000000002
5,975
12,56
9,25
9,015
9,14
14,185
21,52
26,075000000000003
31,79
36,790000000000006
40,065
40,34
38,379999999999995
36,775
32,01
39,53
44,42
43,195
43,7
42,1
38,004999999999995
36,44
23,72
18,405
14,265
11,455
9,02
10,765
18,825
32,265
42,78
47,495
49,45
49,05
49,235
50,400000000000006
49,985
50,93
51,305
53,754999999999995
57,66
57,41
56,425
49,945
46,215
44,97
40,32
40,53
38,05
34,665
27,375
29,095
34,32
40,56
47,2
51,61
53,475
52,03
52,375
52,54
50,22
50,81
52,019999999999996
54,535
56,650000000000006
56,565
53,58
48,195
45,36
41,34
34,195
32,325
29,715
27,53
24,915
26,79
31,595
37,135000000000005
46,055
51,015
52,864999999999995
52,775
52,115
52,78
51,04
50,515
51,835
54,705
57,754999999999995
55,83
54,120000000000005
50,455
46,315
42,91
36,555
38,575
34,364999999999995
31,169999999999998
29,235
29,535
32,86
36,239999999999995
42,84
48,495000000000005
51,864999999999995
50,03
49,795
52,35
51,725
52,165
55,105000000000004
57,94
60,635000000000005
60,335
58,120000000000005
54,185
49,519999999999996
48,989999999999995
47,16
