60,255
48,675
36,905
28,18
13,295
13,225
11,475000000000001
19,44
20,925
22,72
32,155
46,519999999999996
50,485
43,985
39,260000000000005
52,835
64,11
67,11
67,50999999999999
67,78999999999999
67,15
66,52
64,37
62,235
71,595
49,480000000000004
27,104999999999997
14,675
12,735000000000001
35,0
45,045
58,19
57,185
59,004999999999995
60,525
65,535
65,015
62,69
63,4
68,445
72,16
80,205
76,765
74,81
66,91999999999999
64,17
61,39
57,905
50,489999999999995
46,245
46,335
45,455
44,955
48,45
58,59
69,245
76,84
76,89500000000001
76,065
74,255
73,44999999999999
69,355
69,515
70,59
73,03
77,625
78,68
75,175
71,655
66,875
64,905
58,36
57,77
51,59
48,85
46,72
46,59
52,03
65,4
74,505
77,73500000000001
76,2
74,745
74,155
73,1
73,55000000000001
73,545
78,66
94,645
96,475
96,08500000000001
89,455
84,82
77,475
81,1
70,505
73,37
69,405
60,620000000000005
56,150000000000006
52,28
53,894999999999996
66,72
62,03
74,36500000000001
75,115
76,845
75,72999999999999
75,105
69,525
68,305
70,225
84,35
88,315
85,275
84,20500000000001
80,845
66,32000000000001
64,905
58,42
63,120000000000005
63,505
54,315
46,025000000000006
44,834999999999994
46,045
53,105000000000004
52,625
58,5
60,79
63,29
65,545
64,15
60,045
58,275
59,0
65,705
73,45
72,72
71,595
70,02000000000001
61,480000000000004
66,80000000000001
64,595
55,43000000000001
51,19
49,38
48,435
48,745
50,855000000000004
66,21000000000001
72,925
77,4
78,525
75,97
75,47
73,49000000000001
71,91
74,34
77,925
74,595
82,63499999999999
79,515
78,345
76,22
70,05
67,515
59,690000000000005
53,005
49,055
47,5
38,84
47,084999999999994
67,435
80,25
85,96000000000001
91,975
88,685
88,0
85,94
82,47999999999999
79,745
83,2
84,18
90,62
92,49
85,19
82,505
78,24000000000001
70,43
68,975
64,14500000000001
59,705
56,915
52,25
51,730000000000004
52,825
58,835
68,5
90,03
86,945
88,00999999999999
86,11
102,54499999999999
100,195
81,5
81,57
78,65
84,31
86,38499999999999
83,675
79,33
70,03
66,695
66,985
66,62
57,385000000000005
52,31
51,09
48,87
48,7
50,885
66,765
74,82499999999999
82,975
88,75
87,665
92,515
90,295
88,425
84,545
86,08500000000001
96,47999999999999
93,125
94,905
86,245
81,16
73,7
70,00999999999999
67,505
63,14
59,739999999999995
50,765
50,54
48,480000000000004
57,075
67,69
74,41499999999999
82,74000000000001
78,295
73,88499999999999
74,08500000000001
77,435
74,945
75,465
81,345
95,03
98,935
98,69
88,29499999999999
79,77
72,8
72,57499999999999
66,805
71,97999999999999
63,084999999999994
59,03
57,0
52,2
56,92
56,065
67,36500000000001
73,02000000000001
79,88
79,405
76,55
76,895
65,27000000000001
63,995000000000005
67,2
70,675
82,23
81,05
80,525
76,61
75,29
77,625
69,145
69,735
69,345
58,89
51,2
50,055
50,655
47,07
41,335
48,355000000000004
61,75
73,53
73,03999999999999
69,485
66,8
67,03
68,405
75,095
89,025
80,555
80,555
79,515
75,67500000000001
70,02000000000001
68,87
62,08
51,065
36,575
23,94
24,419999999999998
50,16
67,08
103,6
103,265
110,025
106,645
107,85
106,695
106,27
77,66499999999999
86,16
116,63
116,61500000000001
90,695
81,415
93,545
72,31
89,02000000000001
62,15
64,225
58,21
53,525000000000006
48,69
51,665
60,165
82,505
96,49000000000001
104,465
109,795
99,25999999999999
93,785
91,68
88,66999999999999
91,60499999999999
98,215
104,99
116,215
117,96000000000001
101,96000000000001
98,2
85,505
75,39500000000001
68,75
66,57
61,545
56,79
53,03
54,75
61,31
72,24000000000001
91,21000000000001
107,27000000000001
106,0
101,015
92,58500000000001
88,055
85,34
85,55000000000001
90,51499999999999
111,015
133,055
130,635
117,38
114,985
93,48
90,14
72,48
77,355
66,495
57,605000000000004
56,239999999999995
56,870000000000005
67,795
78,72
101,325
120,52
110,94
105,54
103,715
96,57
97,43
90,03999999999999
95,21000000000001
102,55000000000001
103,82
101,155
95,37
88,155
76,975
72,465
68,245
64,5
60,45
53,635000000000005
51,345
56,0
69,955
96,13
111,44999999999999
101,515
99,69
96,54499999999999
99,36500000000001
112,545
105,30000000000001
94,04499999999999
93,095
103,025
112,95500000000001
104,07
86,35
89,69
80,42500000000001
79,02
69,495
64,075
60,605
55,015
56,94
54,61
55,585
64,72999999999999
70,78999999999999
77,41499999999999
81,41
103,07499999999999
100,255
101,52
75,32
74,74000000000001
80,055
92,3
113,12
110,47
107,03
76,2
73,545
72,47
67,015
64,995
60,724999999999994
57,845
54,745000000000005
53,825
54,965
55,085
59,27
69,095
70,495
73,125
72,535
72,2
66,39
65,47
67,215
76,53
86,46000000000001
86,965
85,475
81,92
76,11500000000001
71,57499999999999
66,215
62,04
58,59
58,435
56,43
54,974999999999994
60,09
75,03999999999999
87,14500000000001
96,545
95,97
88,505
88,06
85,87
84,25
83,03999999999999
89,725
99,49000000000001
110,225
107,425
115,065
93,185
104,0
94,41
76,53
73,72
65,255
62,545
60,325
60,55
71,005
82,03999999999999
115,03
115,64
117,08
110,5
114,11
112,03
102,92
91,285
87,05000000000001
99,655
109,10499999999999
94,5
90,015
78,525
72,875
69,52
61,370000000000005
64,7
60,22
58,74
57,629999999999995
57,34
60,995000000000005
77,49000000000001
86,375
92,07
95,13
102,53
108,525
110,56
91,53
91,71000000000001
95,82
102,165
138,10000000000002
133,525
123,1
104,16499999999999
86,11
75,33000000000001
67,27000000000001
68,62
63,89
62,480000000000004
60,61
60,41
62,53
76,125
95,07
107,38999999999999
106,41
102,59
99,465
95,14
91,78
89,985
91,075
95,325
105,78
113,81
100,19
86,535
74,91
71,565
65,56
64,35499999999999
60,769999999999996
58,849999999999994
56,425
55,995000000000005
60,459999999999994
70,42
86,195
96,05
94,42
87,47
82,00999999999999
76,07
74,89500000000001
74,24000000000001
73,455
75,03
79,18
77,215
73,305
64,775
59,415
58,415
54,96
51,69
44,79
43,385000000000005
41,795
43,03
46,81
53,96
63,459999999999994
69,08000000000001
71,22999999999999
70,4
71,755
70,91499999999999
67,84
64,32
67,67
71,235
84,465
85,46
82,255
75,74
67,50999999999999
63,45
52,980000000000004
51,355000000000004
50,995
45,510000000000005
43,56
41,519999999999996
44,644999999999996
49,795
54,89
58,129999999999995
65,23500000000001
70,11
78,445
65,785
60,480000000000004
58,935
60,64
62,47
68,465
73,945
74,96000000000001
70,555
63,93
61,015
49,519999999999996
51,165000000000006
44,95
42,765
41,385
41,015
46,495
59,345
68,525
73,295
75,28
71,47
69,94
68,32499999999999
67,89
69,07
71,0
74,315
72,99000000000001
72,985
72,59
70,00999999999999
59,989999999999995
57,25
56,004999999999995
55,425
48,83
47,5
45,305
46,465
51,614999999999995
64,71000000000001
72,415
80,095
80,50999999999999
77,515
74,515
70,93
69,97
70,505
72,24
76,505
81,21000000000001
80,23
76,745
69,45
64,765
56,59
51,629999999999995
52,05
48,715
47,585
45,355000000000004
45,84
50,260000000000005
59,655
69,53
75,055
83,28
71,50999999999999
78,475
71,86
70,93
75,74000000000001
76,265
77,32
80,455
76,075
73,74
68,36000000000001
66,115
58,22
57,41
51,98
48,885
48,22
47,385000000000005
46,56
50,53
63,015
72,755
78,63499999999999
78,45
74,85
72,65
70,38
69,575
70,495
72,075
71,13499999999999
81,745
82,44
76,94
69,105
66,555
61,76
51,025
53,515
45,7
44,05
42,045
41,43
46,425
61,480000000000004
67,0
65,125
72,75999999999999
66,13
73,93
68,74
66,83000000000001
69,66
69,61500000000001
68,39500000000001
72,82
74,86500000000001
70,6
66,215
62,13
54,9
51,015
51,08
47,445
45,825
43,144999999999996
42,24
42,96
44,14
47,925
52,82
56,489999999999995
60,114999999999995
59,705
57,45
51,96
50,755
49,865
51,625
58,739999999999995
60,84
58,230000000000004
51,71
49,12
48,63
44,265
44,980000000000004
40,695
39,959999999999994
37,980000000000004
36,495000000000005
37,58
38,144999999999996
39,935
42,66
45,91
49,055
50,4
48,67
44,865
42,525
41,19
43,224999999999994
52,584999999999994
58,870000000000005
58,975
55,769999999999996
50,69
48,315
41,855000000000004
43,835
40,864999999999995
38,675
36,730000000000004
36,345
40,045
50,795
69,26
72,875
73,66499999999999
68,055
65,16
61,815
61,435
63,31
63,685
66,11
84,62
74,52
69,655
65,65
51,085
48,08
40,995000000000005
36,504999999999995
34,754999999999995
30,314999999999998
31,535
29,82
36,08
56,87
64,705
65,87
66,21000000000001
65,875
64,785
63,065
60,400000000000006
60,7
59,94
62,650000000000006
68,97
69,275
67,205
61,905
55,239999999999995
52,38
47,195
42,4
41,0
40,13
39,504999999999995
39,695
41,34
51,795
59,58
61,30500000000001
60,345
59,605000000000004
57,21
56,105000000000004
55,620000000000005
54,965
55,54
57,905
61,535
64,145
62,9
57,48
51,94
49,915
46,065
44,205
42,644999999999996
39,68
36,849999999999994
35,730000000000004
38,05
56,88
62,72
68,86500000000001
64,875
60,47
58,385
57,29
56,709999999999994
58,875
59,375
67,255
75,975
77,91
74,63499999999999
62,085
58,785
52,8
40,53
36,56
34,825
33,69
33,015
35,045
39,3
55,08
60,3
63,0
62,405
61,47
60,295
58,355
57,405
56,765
58,835
60,94
65,115
66,62
65,065
59,809999999999995
54,56
45,88
35,385000000000005
34,69
28,794999999999998
28,42
27,585
28,885
31,759999999999998
40,355000000000004
45,46
57,88
64,05
58,620000000000005
55,305
51,69
49,885
46,864999999999995
48,754999999999995
54,425
59,565
71,205
67,195
62,36
45,2
37,57
34,16
35,045
32,165
28,455
18,42
17,055
22,044999999999998
26,755000000000003
25,840000000000003
32,105000000000004
40,175
42,46
42,06
38,43
38,495
36,795
34,25
43,075
52,695
49,6
48,03
43,3
32,72
35,62
30,865000000000002
17,035
14,705
13,175
11,08
11,765
19,145
47,17
57,805
63,535000000000004
61,9
58,095
55,75
53,230000000000004
53,019999999999996
53,31
55,825
60,455
67,425
69,46000000000001
64,015
57,015
44,56
45,425
39,4
35,72
33,625
32,46
32,25
34,495000000000005
40,05
50,995000000000005
57,985
59,075
58,69
57,245000000000005
55,76
54,16
51,005
51,004999999999995
52,015
55,175
60,9
73,5
60,59
53,905
46,974999999999994
47,53
41,97
37,055
37,015
36,2
34,540000000000006
36,66
40,084999999999994
53,28
59,11
62,475
54,915
51,69
51,295
51,525000000000006
49,599999999999994
52,455
50,629999999999995
58,165
65,85499999999999
74,405
70,695
61,254999999999995
56,415
47,724999999999994
43,415
41,675
39,7
39,575
39,519999999999996
40,004999999999995
44,045
60,67
63,905
68,935
65,985
59,415
55,575
52,400000000000006
50,025000000000006
50,515
50,095
54,835
62,510000000000005
68,31
66,46
57,05
51,334999999999994
49,28
44,504999999999995
42,775000000000006
41,405
40,415
39,31
39,879999999999995
43,49
51,709999999999994
59,95
59,705
55,239999999999995
52,605
53,85
50,145
49,254999999999995
49,295
49,54
54,760000000000005
63,355000000000004
70,12
66,52000000000001
59,42
53,010000000000005
50,81999999999999
45,99
45,379999999999995
42,47
37,08
36,489999999999995
35,775000000000006
39,004999999999995
39,545
45,545
48,15
51,69
47,825
47,335
44,31
42,075
39,185
42,28
46,685
59,03
66,58
66,27
53,760000000000005
46,644999999999996
46,82
40,745000000000005
42,485
38,57
36,585
35,115
35,535
37,32
39,825
39,205
41,705
42,655
45,260000000000005
44,105000000000004
42,8
40,02
39,87
41,475
41,685
49,535
55,760000000000005
53,015
48,105000000000004
43,224999999999994
45,17
41,335
38,205
36,480000000000004
36,49
35,395
36,849999999999994
39,59
61,97
67,67
73,505
60,825
56,230000000000004
55,71
55,25
52,965
49,875
52,72
57,965
77,15
81,1
77,15
67,24000000000001
54,0
51,245000000000005
47,7
38,629999999999995
37,0
36,485
36,260000000000005
37,465
39,769999999999996
52,980000000000004
56,535
57,765
55,92
51,760000000000005
50,295
49,795
49,965
49,585
49,195
48,57
53,715
58,435
56,47
50,465
45,415
47,92
41,565
38,405
35,28
34,565
34,735
36,005
47,065
57,495000000000005
60,53
60,34
58,055
51,41
52,504999999999995
49,644999999999996
49,175
47,455
52,385
56,995000000000005
64,8
72,46000000000001
70,485
60,045
53,97
51,775
41,74
39,644999999999996
37,85
37,2
36,155
36,565
39,745000000000005
49,905
55,885
56,974999999999994
52,875
50,085
49,989999999999995
48,93
48,44
47,93
47,785
50,084999999999994
57,55
74,53999999999999
61,78
56,07
49,545
48,5
42,989999999999995
47,97
42,495000000000005
41,955
41,769999999999996
44,519999999999996
48,845
51,225
56,435
59,3
61,545
58,94
56,065
53,55
50,89
51,375
46,36
46,730000000000004
50,81
52,74
52,305
47,540000000000006
42,72
43,705
41,165
38,480000000000004
36,864999999999995
36,480000000000004
35,959999999999994
35,8
37,065
38,42
41,575
44,114999999999995
43,980000000000004
49,15
45,405
42,84
38,025000000000006
36,915
40,31
44,955
55,980000000000004
66,28999999999999
56,75
50,375
43,14
42,30500000000001
39,605000000000004
39,370000000000005
38,58
37,775
36,735
36,72
37,3
38,06
40,525
41,565
42,445
43,345
43,58
40,655
38,065
36,785
38,575
45,620000000000005
54,614999999999995
65,195
67,95
63,365
57,91
49,29
44,195
40,275000000000006
38,575
37,695
37,16
37,620000000000005
42,365
59,585
65,6
68,375
64,5
55,7
54,400000000000006
50,485
49,675
44,34
45,510000000000005
48,205
66,9
71,945
69,88
56,239999999999995
57,94
52,835
48,224999999999994
39,650000000000006
37,93
37,57
37,075
37,455
42,67
51,84
56,985
61,03999999999999
55,005
49,7
52,08
48,385
47,165
46,675
44,754999999999995
46,989999999999995
54,72
68,12
60,675
51,56
48,269999999999996
46,709999999999994
42,769999999999996
40,985
39,455
38,765
38,08
39,685
44,55
53,375
59,45
55,08
51,35
50,275
46,485
46,93000000000001
47,019999999999996
50,0
52,205
55,285
60,945
69,485
68,28
63,94
57,88
51,85
43,39
39,91
36,47
34,03
31,29
38,305
47,775
61,545
59,620000000000005
52,92
48,065
51,095
48,535
43,34
40,465
40,34
41,585
43,9
48,61
58,085
58,215
50,51
50,025
45,845
43,965
38,769999999999996
36,575
36,33
36,0
36,32
43,545
54,894999999999996
57,474999999999994
59,66
55,69
52,4
50,055
48,36
47,004999999999995
49,53
50,349999999999994
49,480000000000004
55,47
70,205
69,275
60,55
55,42
51,42
46,035
44,075
42,66
41,065
39,745000000000005
39,55500000000001
40,61
42,150000000000006
44,08
47,480000000000004
48,175
47,285
45,7
44,26
41,035
40,705
40,985
45,59
54,455
65,46000000000001
65,69
46,985
45,465
42,94
32,73
41,995
34,54
17,72
12,225000000000001
12,264999999999999
14,035
22,93
41,78
43,545
47,175
46,504999999999995
42,980000000000004
40,675
39,025
35,515
35,870000000000005
38,3
35,525
49,37
62,835
47,375
50,144999999999996
48,78
37,95
33,485
17,535
28,5
12,879999999999999
24,549999999999997
34,935
48,985
54,375
57,69
47,95
44,31
48,75
46,739999999999995
46,36
46,305
48,18
51,120000000000005
45,56
63,004999999999995
61,144999999999996
50,515
47,61
44,775
44,15
29,740000000000002
22,525
21,955
12,905000000000001
8,925
40,825
39,68
55,39
56,33
52,47
52,43
49,205
46,095
44,75
49,67
54,415
55,985
52,41
75,59
78,195
64,0
58,489999999999995
51,980000000000004
49,455
41,315
35,165
34,485
33,64
35,83
50,120000000000005
51,144999999999996
62,05
54,275
50,71
46,394999999999996
42,17
40,635
39,94
40,04
40,275
39,480000000000004
46,769999999999996
72,555
72,775
49,24
42,15
40,06
37,51
41,21
29,244999999999997
24,89
21,87
24,585
28,119999999999997
39,41
48,61
48,489999999999995
40,185
39,74
40,215
44,94
40,215
30,27
31,674999999999997
29,535
35,525000000000006
47,71
49,265
40,715
40,16
42,79
20,0
28,96
22,92
8,38
11,93
19,21
35,965
42,975
34,39
53,485
43,825
48,505
46,724999999999994
45,925
43,955
46,035
49,425
50,92
51,760000000000005
50,459999999999994
51,989999999999995
45,129999999999995
45,105000000000004
48,31
40,894999999999996
43,239999999999995
37,56
16,585
16,395
16,345
32,345
34,405
40,925
47,665
50,08
47,215
43,695
41,51
37,629999999999995
37,32
40,519999999999996
39,435
31,125
45,695
43,395
31,380000000000003
28,515
33,69
23,225
5,58
3,4299999999999997
5,58
4,705
5,315
9,18
11,835
21,175
25,58
28,405
28,23
30,785
29,825000000000003
27,015
23,994999999999997
24,13
23,869999999999997
26,564999999999998
35,33
43,28
36,08
33,519999999999996
26,405
22,335
20,924999999999997
16,125
18,16
14,09
15,8
23,345
36,015
32,285
40,144999999999996
36,205
43,805
43,095
46,735
44,725
47,815
49,965
51,945
53,545
61,845
60,825
52,21
46,415
48,84
42,36
41,65
38,565
36,879999999999995
35,894999999999996
35,730000000000004
38,86
43,73
38,925
50,635
47,05500000000001
42,94
39,51
37,91
35,455
33,26
35,71
37,635
46,129999999999995
57,175
58,37
46,865
38,8
36,44
20,97
25,060000000000002
12,495000000000001
10,99
9,305
13,795
39,46
46,620000000000005
57,614999999999995
48,53
45,845
44,065
44,1
47,495000000000005
47,335
45,879999999999995
44,205
42,66
44,45
54,400000000000006
48,975
45,545
38,47
37,485
26,759999999999998
29,53
23,439999999999998
19,125
16,75
24,064999999999998
35,85
39,605000000000004
45,325
46,29
43,715
42,695
45,834999999999994
43,83
42,655
43,495
39,730000000000004
39,57
43,695
53,22
54,16
56,265
50,135
44,8
33,295
36,379999999999995
30,235
26,415
11,895
30,85
37,8
38,495
45,125
44,260000000000005
43,495000000000005
42,394999999999996
45,08
43,86
39,805
38,815
33,06
40,79
45,644999999999996
57,02
56,25
52,555
47,515
37,87
17,375
27,155
23,015
8,855
6,529999999999999
8,565
11,34
19,105
29,75
28,685000000000002
35,68
36,370000000000005
36,07
31,035
27,68
22,635
19,13
23,155
24,66
49,18
53,095
46,480000000000004
35,120000000000005
35,36
14,215
17,895
20,41
11,21
4,68
1,3850000000000002
1,755
5,970000000000001
21,22
13,695
14,094999999999999
13,695
16,08
11,98
6,775
2,210000000000001
0,8499999999999996
9,815000000000001
21,02
50,815
55,385
45,0
31,349999999999998
30,15
22,314999999999998
22,475
15,254999999999999
14,265
13,62
12,415
26,384999999999998
39,55
43,785
44,565
41,415
39,335
41,525000000000006
43,785
41,545
39,045
40,535
35,895
40,135
47,205
48,3
42,315
31,61
36,875
35,379999999999995
38,239999999999995
37,55
36,24
35,51
36,3
38,66
40,965
35,67
49,165000000000006
47,614999999999995
45,165000000000006
43,739999999999995
46,565
46,504999999999995
42,44499999999999
42,64
44,51
48,495000000000005
56,585
60,37
52,754999999999995
47,44
43,349999999999994
41,525
40,955
38,445
36,995
36,254999999999995
36,519999999999996
37,74
42,39
45,735
45,42
40,53
39,33
38,925
36,260000000000005
35,17
35,055
35,65
35,82
40,705
50,235
53,25
46,925
41,38
39,995000000000005
38,245000000000005
36,31
35,22
34,12
33,67
33,855000000000004
35,754999999999995
43,495000000000005
46,980000000000004
46,11
43,44
39,504999999999995
37,29
38,269999999999996
36,46
35,955
38,120000000000005
39,315
43,215
50,06
55,61
47,065
43,055
41,435
38,43
38,475
36,480000000000004
36,375
36,16
37,760000000000005
40,055
45,855000000000004
50,425
49,260000000000005
45,44
41,055
37,635000000000005
40,269999999999996
38,385000000000005
35,055
38,21
38,010000000000005
43,15
59,625
62,17
45,370000000000005
40,17
39,485
36,114999999999995
35,25
34,04
33,175
32,405
32,65
34,245000000000005
34,695
36,415
37,144999999999996
35,67
29,770000000000003
29,505
29,955
27,880000000000003
25,785
27,2
30,715
36,5
45,575
49,525000000000006
44,405
37,57
37,53
35,315
35,92
33,489999999999995
32,07
30,990000000000002
31,275
31,745
31,845
32,18
33,685
33,805
31,315
30,509999999999998
29,78
25,59
23,625
23,119999999999997
25,475
33,975
44,644999999999996
47,269999999999996
44,34
35,35
33,485
29,285
34,105000000000004
33,125
24,88
22,48
31,36
36,235
45,735
49,595
52,015
50,095
46,39
45,3
41,7
42,035
45,065
46,519999999999996
47,965
51,040000000000006
57,735
63,45
53,605000000000004
48,255
46,14
40,765
37,015
35,675
31,525000000000002
30,95
31,509999999999998
39,815
44,394999999999996
47,975
48,285
44,905
41,755
47,644999999999996
44,144999999999996
41,535
38,2
40,275
43,32
48,375
67,4
71,32
59,775
49,269999999999996
44,565
39,68
37,84
35,415000000000006
34,115
33,33
36,004999999999995
37,455
41,515
46,47
48,035
44,955
41,015
39,84
41,144999999999996
38,650000000000006
37,34
38,004999999999995
39,215
42,755
57,2
62,25
48,375
43,629999999999995
41,925
38,505
35,33
34,400000000000006
33,69
33,375
34,364999999999995
42,845
49,8
54,3
50,39
48,400000000000006
44,959999999999994
43,614999999999995
42,75
43,235
45,095
43,685
45,135
49,275
64,39
67,925
59,575
51,675
49,400000000000006
39,515
39,04
35,03
34,504999999999995
34,265
39,915
45,84
52,2
49,1
48,945
45,215
49,97
46,25
44,365
42,114999999999995
42,215
37,285
41,09
47,045
65,795
69,745
49,465
43,36
42,085
39,129999999999995
39,25
36,825
34,72
34,355000000000004
35,19
36,495000000000005
34,989999999999995
36,15
37,955
35,585
39,165
36,084999999999994
31,755000000000003
28,674999999999997
27,525
30,18
34,3
39,485
58,985
66,87
49,35
42,769999999999996
39,97
36,955
36,56
32,58
28,955
29,13
28,79
28,9
31,020000000000003
31,085
31,450000000000003
29,97
25,93
25,354999999999997
17,075
11,540000000000001
11,11
16,68
27,715
32,975
41,825
46,85
39,08
36,349999999999994
33,0
30,485
29,905
29,195
27,335
29,035
35,095
47,05
64,865
66,4
62,43
52,52
50,265
46,74
45,045
46,15
47,27
49,035
52,925
63,065
65,87
66,16
57,375
49,475
38,055
31,59
29,53
27,46
26,015
28,105
33,349999999999994
49,765
52,645
59,099999999999994
54,504999999999995
44,93
45,53
47,56
47,535
49,66
52,3
47,489999999999995
44,03
51,385
72,015
73,63499999999999
61,17
52,845
47,480000000000004
45,0
33,3
30,975
30,1
32,35
40,545
51,525
54,120000000000005
61,725
59,46
54,5
51,855000000000004
49,08
47,585
46,67
46,01
46,245
45,995000000000005
47,245
64,795
69,12
50,5
50,709999999999994
45,78
46,040000000000006
39,565
33,105000000000004
33,18
34,275000000000006
45,8
54,97
64,855
72,57000000000001
52,52
50,05
46,475
50,19
49,125
44,615
40,58
57,93
51,435
53,475
62,295
61,39
52,79
44,065
38,39
39,275000000000006
35,39
33,68
33,254999999999995
34,815
37,86
43,260000000000005
51,379999999999995
55,97
51,974999999999994
47,36
46,24
43,42
42,135000000000005
41,375
41,335
41,870000000000005
44,89
47,915
52,364999999999995
53,42
45,58
49,405
43,12
42,81
39,585
38,435
36,805
36,61
38,09
39,84
47,06
52,715
52,575
45,905
41,11
41,585
38,995000000000005
37,665000000000006
36,989999999999995
40,945
43,825
45,595
58,81
63,155
54,38
43,065
37,975
37,135
36,099999999999994
34,58
33,38
33,41
34,55
35,685
38,59
41,14
40,355
38,32
38,525000000000006
38,345
34,535
31,55
32,965
34,715
38,945
44,480000000000004
55,955
62,645
55,510000000000005
49,47
43,31
38,885
36,765
35,785
34,785
35,91
40,39
52,019999999999996
64,28
69,435
63,9
61,295
59,605000000000004
66,23
51,825
55,44
56,33
58,095
57,275
59,705
83,065
85,32
64,195
54,39
48,515
46,925
42,629999999999995
38,305
37,355000000000004
38,525
44,39
54,47
65,67500000000001
73,5
72,44
66,075
64,045
56,155
55,3
59,815
61,25
63,55
61,91
64,15
74,935
75,83500000000001
64,82
55,519999999999996
50,675
48,135
46,045
38,230000000000004
36,93
41,745000000000005
47,705
59,215
70,86500000000001
77,16
75,61
67,87
67,65
59,635
56,835
63,545
63,53
65,195
63,519999999999996
66,465
75,16
76,975
69,535
57,875
46,155
42,08
38,53
37,015
36,19
37,765
42,519999999999996
54,025
63,235
76,065
74,515
58,65
54,78
59,425
58,965
49,985
49,79
50,5
52,91
56,839999999999996
73,11
74,775
57,254999999999995
53,620000000000005
48,53
39,065
38,64
37,58
36,86
37,364999999999995
41,44
52,485
68,525
73,88
73,7
70,16
66,955
59,07
58,025
58,629999999999995
58,375
57,585
60,025
60,34
71,39
72,25
61,099999999999994
55,62
45,165000000000006
43,769999999999996
42,235
41,205
39,595
39,33
40,69
43,54
47,08
51,315
52,08
48,3
46,475
45,69
43,595
42,095
41,515
41,045
43,56
47,295
60,875
66,195
51,295
43,915
39,075
39,98
37,120000000000005
35,99
35,769999999999996
35,39
35,78
37,045
39,730000000000004
43,644999999999996
44,864999999999995
44,59
42,195
41,245000000000005
38,555
35,91
35,575
36,045
37,565
43,925
51,845
53,83
49,75
46,099999999999994
39,955
39,325
36,67
36,269999999999996
36,76
36,82
41,485
51,425
58,655
65,035
60,135000000000005
52,769999999999996
55,805
49,775
49,94
50,625
50,78
52,325
45,625
49,25
54,93000000000001
56,63
49,765
45,69
38,825
37,504999999999995
35,605000000000004
35,415
34,625
35,085
38,22
46,805
60,64
58,879999999999995
58,91
54,769999999999996
51,68
48,965
49,7
45,92
45,995000000000005
46,455
47,66
52,405
66,425
69,495
59,795
56,765
43,510000000000005
50,535
44,75
36,53
36,230000000000004
36,394999999999996
49,28
59,845
67,015
67,21000000000001
64,97
61,805
59,54
55,72
55,25
56,53
57,595
59,614999999999995
59,93
60,405
68,745
72,38499999999999
61,705
58,565
46,935
42,56
37,54
36,09
34,725
35,260000000000005
40,215
54,489999999999995
61,995000000000005
61,985
60,05
56,26
53,665
49,144999999999996
49,474999999999994
53,379999999999995
54,175
56,84
57,085
58,400000000000006
67,025
69,495
60,52
56,22
50,004999999999995
45,695
42,5
31,130000000000003
30,025
31,145
38,16
40,370000000000005
52,004999999999995
54,205
49,905
45,18
46,675
41,55
40,755
40,55500000000001
41,955
42,275000000000006
44,41
44,5
54,795
64,52
56,05
47,795
41,385
38,724999999999994
34,480000000000004
33,144999999999996
32,745
33,379999999999995
36,37
39,315
40,75
40,46
40,2
34,86
32,8
31,75
29,924999999999997
28,665
30,985
33,505
40,995000000000005
45,095
50,99
67,66999999999999
51,025
49,46
42,635
37,5
33,1
32,480000000000004
32,375
33,480000000000004
34,41
35,78
38,575
37,325
37,834999999999994
35,865
30,905
27,78
20,795
16,435000000000002
19,09
26,299999999999997
32,23
39,295
49,105000000000004
52,05
48,629999999999995
47,19
38,495000000000005
27,61
20,634999999999998
17,17
15,29
13,924999999999999
17,925
19,74
30,130000000000003
32,51
35,2
32,615
32,39
29,009999999999998
12,525
14,155000000000001
19,060000000000002
17,865000000000002
22,790000000000003
24,835
33,6
47,405
33,945
13,34
9,82
9,5
4,074999999999999
1,71
0,015000000000000568
2,705
13,91
35,004999999999995
57,725
64,74000000000001
63,075
66,295
74,035
59,949999999999996
61,675
71,045
71,715
73,46000000000001
61,295
57,03
65,015
69,215
61,49
54,879999999999995
50,019999999999996
32,480000000000004
28,255000000000003
25,615000000000002
23,46
27,77
33,41
55,105000000000004
64,02
67,625
51,965
51,315
48,260000000000005
43,425
44,625
44,815
44,629999999999995
47,03
48,61
51,34
67,28999999999999
71,975
62,260000000000005
55,864999999999995
47,285
33,68
30,595
28,845
28,02
30,715
39,17
50,075
51,32
51,425
48,709999999999994
46,085
42,4
39,79
38,065
36,915
37,54
39,84
44,58
51,475
58,650000000000006
65,955
56,135
47,6
46,95
41,59
39,565
36,305
36,235
36,785
37,9
44,93
52,879999999999995
54,59
52,11
48,525
47,515
44,695
42,474999999999994
40,7
40,59
41,045
45,055
46,305
50,540000000000006
53,91
47,275000000000006
43,315
39,445
35,445
32,705
30,895000000000003
29,45
29,27
29,545
30,505000000000003
33,88
44,965
45,4
42,760000000000005
36,86
31,83
28,52
25,965
27,555
30,185000000000002
32,905
37,525000000000006
42,475
51,905
42,375
38,135
34,614999999999995
33,14
30,755000000000003
29,475
27,685000000000002
28,3
29,174999999999997
29,545
31,255000000000003
32,855
34,745000000000005
34,705
35,715
33,644999999999996
31,275
29,490000000000002
29,345
30,975
35,364999999999995
41,74
45,43
49,185
47,489999999999995
47,675
43,269999999999996
38,495000000000005
36,155
35,3
33,925
33,925
37,545
45,455
53,075
56,36
51,84
49,17
47,004999999999995
45,09
44,015
41,555
41,019999999999996
41,19
43,625
45,004999999999995
49,36
58,0
48,394999999999996
44,935
39,515
35,85
35,58
35,04
35,14
34,76
37,465
46,41
58,46
59,45
54,125
52,67
50,504999999999995
46,405
45,129999999999995
45,195
45,07
39,120000000000005
46,489999999999995
47,05500000000001
54,235
55,985
49,33
46,120000000000005
42,355
37,34
34,400000000000006
32,065
31,035
29,369999999999997
29,66
27,79
28,005000000000003
29,475
29,494999999999997
29,255000000000003
29,009999999999998
24,46
13,510000000000002
7,434999999999999
8,145
11,955
22,945
29,1
34,855000000000004
38,015
35,725
35,57
31,9
33,3
30,515
29,84
28,549999999999997
29,305
33,965
44,415
51,730000000000004
52,995000000000005
49,62
46,620000000000005
47,519999999999996
48,84
45,245000000000005
42,35
43,265
44,239999999999995
46,215
50,955
62,075
80,25
60,980000000000004
55,71
44,72
36,18
34,495000000000005
32,894999999999996
31,72
32,525
37,275000000000006
45,480000000000004
53,010000000000005
56,620000000000005
54,44
52,485
52,155
54,2
48,96
46,465
45,230000000000004
46,34
47,04
48,53
59,81
68,5
52,615
50,17
44,474999999999994
38,504999999999995
35,915
33,905
32,985
33,004999999999995
33,285
34,77
41,345
44,655
45,93
45,795
43,065
41,835
36,98
34,485
33,025
33,335
35,004999999999995
40,81
44,974999999999994
47,805
45,165
44,94
42,769999999999996
36,215
32,545
29,52
27,77
28,14
26,09
27,509999999999998
30,814999999999998
32,39
32,57
31,61
30,405
28,84
25,335
19,52
21,075000000000003
25,634999999999998
29,895
34,12
39,015
43,120000000000005
43,870000000000005
44,13
41,75
35,92
33,165
32,77
31,270000000000003
31,595
35,144999999999996
43,19
55,95
59,07
58,480000000000004
56,11
54,475
50,864999999999995
48,965
48,825
43,644999999999996
43,2
45,41
47,555
52,739999999999995
55,71
53,21
51,085
44,305
41,685
39,235
38,935
37,875
38,065
40,894999999999996
48,370000000000005
57,205
60,585
57,28
52,3
53,325
49,95
50,385
50,105000000000004
49,30500000000001
49,535
51,105000000000004
54,915
62,31
68,78
57,46
53,44
47,1
42,565
38,06
35,465
34,57
33,644999999999996
35,644999999999996
43,305
52,81
52,870000000000005
47,71
45,2
44,17
48,56
48,084999999999994
46,055
45,745000000000005
46,525000000000006
48,075
53,175
61,975
70,72
56,06
52,695
40,515
34,465
30,799999999999997
28,255000000000003
29,185000000000002
31,295
35,769999999999996
45,015
61,72
69,07499999999999
65,805
61,370000000000005
57,879999999999995
62,595
62,489999999999995
65,615
53,03
53,405
53,025
54,59
58,57
63,075
53,59
49,805
44,565
41,74
39,7
38,19
37,405
38,045
44,05
54,61
62,67
64,905
61,54
57,245000000000005
51,175
48,68
48,17
50,065
46,15
48,36
50,36
57,45
66,095
70,0
66,535
56,955
50,04
44,0
40,525
38,44
37,235
37,575
37,545
39,5
42,120000000000005
45,370000000000005
44,489999999999995
42,41
41,11
39,42
38,730000000000004
36,61
36,765
35,69
39,025000000000006
41,175
45,93
53,114999999999995
47,015
45,04
39,805
36,68
29,015
25,485
23,215
21,975
21,945
22,945
24,54
27,509999999999998
24,795
18,875
24,585
30,41
28,515
27,15
26,8
11,785
17,215
29,92
35,39
41,545
40,754999999999995
39,81
35,620000000000005
34,614999999999995
30,485
29,560000000000002
29,265
30,685000000000002
35,114999999999995
45,54
52,019999999999996
52,925
48,025
42,53
41,735
45,795
42,56
43,31
43,265
44,91
40,515
45,05
49,455
52,855000000000004
48,095
46,44
40,705
39,575
36,675
35,595
34,975
35,510000000000005
38,974999999999994
47,155
53,364999999999995
54,865
48,97
44,730000000000004
43,82
44,32
42,519999999999996
40,045
39,879999999999995
41,519999999999996
39,695
44,215
49,114999999999995
51,44
48,72
46,15
41,735
38,22
36,09
35,575
35,2
34,71
37,17
45,91
50,905
54,5
48,925
46,195
46,735
50,695
49,894999999999996
45,375
44,785
44,785
42,585
45,205
47,769999999999996
48,805
45,78
43,845
40,474999999999994
36,475
34,995000000000005
34,135
32,845
33,260000000000005
35,54
43,985
56,835
59,275
55,96
53,760000000000005
52,95
50,510000000000005
51,435
51,28
51,07
51,01
50,94
51,095
56,43
62,69
52,465
49,55
44,540000000000006
43,18
39,225
33,59
32,91
33,004999999999995
39,805
50,93
57,489999999999995
58,78
56,595
54,095
51,519999999999996
50,595
50,945
52,51
52,1
52,565
52,255
52,745000000000005
54,5
55,805
51,46
48,260000000000005
43,91
38,504999999999995
35,7
35,230000000000004
34,1
34,364999999999995
34,644999999999996
35,5
38,045
40,97
41,25
40,065
39,335
39,495000000000005
37,56
36,225
37,355000000000004
38,650000000000006
39,455
43,74
47,485
49,905
47,33
44,754999999999995
41,379999999999995
38,3
35,05500000000001
33,535
32,29
32,045
32,005
31,13
33,94
34,16
33,385000000000005
32,019999999999996
32,02
31,58
29,814999999999998
27,705
28,11
30,105
34,575
38,605000000000004
43,11
46,28
43,375
42,585
38,584999999999994
37,19
35,065
34,39
33,785
33,75
36,5
45,405
57,93
61,125
55,845
53,505
51,835
49,995000000000005
49,120000000000005
47,295
45,945
45,955
46,010000000000005
48,144999999999996
50,595
53,099999999999994
48,235
46,504999999999995
42,5
35,785
34,465
33,099999999999994
31,67
32,64
35,105000000000004
42,135
51,765
56,305
53,835
51,575
50,465
48,95
47,945
49,795
50,260000000000005
51,254999999999995
50,81
50,8
53,584999999999994
69,995
54,019999999999996
50,585
43,894999999999996
38,455
33,504999999999995
30,854999999999997
29,965
30,345
33,5
40,254999999999995
49,29
53,25
50,205
47,92
45,48
45,245
42,375
41,03
41,06
42,025000000000006
43,53
46,035
50,3
54,945
50,795
48,41
41,864999999999995
37,29
34,86
33,785
33,015
33,92
36,485
42,295
47,84
49,46
44,45
39,935
39,260000000000005
40,8
38,495000000000005
37,91
38,209999999999994
39,465
43,075
48,315
52,905
55,605000000000004
51,75
48,935
44,41
40,21
36,405
34,79
34,68
34,114999999999995
35,565
42,345
47,42
49,2
47,6
44,94499999999999
42,62
40,515
38,72
38,66
39,665000000000006
40,725
42,215
41,665
45,17
49,065
47,185
45,015
41,09
41,46
37,46
35,42
34,565
34,225
33,900000000000006
35,004999999999995
36,07
37,88
38,275000000000006
37,175
36,34
36,120000000000005
34,28
32,595
31,94
33,34
35,459999999999994
38,61
42,7
46,120000000000005
45,265
44,625
40,825
36,165
32,565
29,975
29,255000000000003
25,92
22,33
20,830000000000002
22,845
25,814999999999998
24,795
21,35
20,310000000000002
17,32
7,71
7,67
4,8
10,875
23,205
32,629999999999995
36,865
39,095
38,34
37,834999999999994
33,99
25,545
20,555
18,92
19,4
22,33
29,05
36,55
46,105
51,05
51,129999999999995
47,43
47,17
44,349999999999994
43,825
44,96
44,46
39,815
39,575
43,865
47,96
51,39
48,254999999999995
44,555
39,705
34,45
33,11
32,295
32,34
32,165
33,85
42,345
50,51
54,855000000000004
53,995000000000005
50,04
47,735
44,99
44,8
41,8
41,075
40,465
42,08
43,485
44,015
45,64
43,019999999999996
40,49
36,835
35,17
33,035
31,145
30,925
31,03
33,620000000000005
42,3
48,485
51,980000000000004
50,485
46,985
45,915
42,97
43,245000000000005
43,97
43,28
43,775
45,35
48,019999999999996
50,925
50,965
47,625
41,93000000000001
36,515
32,42
26,725
22,0
15,790000000000001
12,245000000000001
12,045
29,700000000000003
45,474999999999994
52,22
49,545
46,58
44,260000000000005
40,2
38,760000000000005
41,85
42,72
44,65
45,13
46,37
47,93
50,86
45,629999999999995
40,175
32,43
32,6
28,909999999999997
27,6
26,585
26,695
29,55
35,489999999999995
49,68
53,09
52,6
47,765
47,57
43,585
42,085
42,56
42,34
43,055
38,870000000000005
40,379999999999995
45,635000000000005
49,225
46,345
43,215
38,785
36,405
33,11
30,155
28,244999999999997
26,549999999999997
26,189999999999998
27,89
29,509999999999998
30,815
29,89
27,405
26,4
26,560000000000002
23,295
20,48
23,505000000000003
26,295
29,89
36,78
41,525
43,46
42,69
41,695
38,010000000000005
31,415
28,759999999999998
27,119999999999997
22,965
22,270000000000003
19,09
19,95
21,06
23,604999999999997
20,52
16,39
18,465
14,995
11,19
8,965
10,265
12,495
26,845
31,119999999999997
36,735
37,760000000000005
36,1
35,575
30,435000000000002
23,505
18,695
17,29
16,86
18,845
24,56
38,08
44,035
44,025000000000006
41,81
39,695
38,86
37,415
39,55
36,43
40,400000000000006
36,965
42,095
45,730000000000004
49,04
53,72
47,465
44,91
39,894999999999996
35,905
34,08
32,565
31,42
31,564999999999998
33,584999999999994
42,19
48,875
52,65
47,305
43,0
41,629999999999995
39,33
38,56
38,295
38,105000000000004
38,465
43,735
46,629999999999995
48,2
49,8
44,35
39,45
32,12
28,095
25,795
24,17
23,935
24,64
27,67
39,34
45,995000000000005
59,760000000000005
52,39
47,385
46,08
40,895
38,489999999999995
36,614999999999995
37,519999999999996
38,5
42,165000000000006
45,995000000000005
50,769999999999996
48,03
43,03
38,905
32,385000000000005
28,994999999999997
26,18
23,865000000000002
22,975
23,165
26,055
32,93
43,04
46,435
43,629999999999995
38,53
38,835
39,64
38,69
36,975
36,66
36,425
37,9
43,394999999999996
48,785
53,599999999999994
49,08
44,084999999999994
39,095
37,995
33,085
31,5
31,105
31,330000000000002
34,33
44,879999999999995
57,875
61,955
53,91
48,87
48,605000000000004
45,504999999999995
44,79
45,425
45,08
46,34
46,34
46,97
47,975
49,9
47,8
36,510000000000005
35,145
37,33
30,405
26,145
24,1
23,654999999999998
21,02
27,65
36,19
41,295
42,129999999999995
40,54
39,015
36,81
33,535
31,195
34,595
35,905
39,16
40,835
42,83
46,879999999999995
46,58
39,08
35,519999999999996
26,134999999999998
18,715
16,7
10,870000000000001
11,19
12,375
14,92
17,655
21,325000000000003
17,815
15,095
19,375
20,095
17,87
17,740000000000002
21,995
27,25
31,044999999999998
39,855000000000004
43,474999999999994
44,515
42,37
40,11
35,269999999999996
31,235
28,265
26,425
25,05
24,505000000000003
24,509999999999998
25,630000000000003
28,525
33,46
33,645
33,035
34,02
36,075
36,275000000000006
34,085
34,55
34,095
34,975
35,565
38,095
41,019999999999996
40,08
38,89
34,64
32,665
29,465
28,545
27,15
27,16
30,485
40,14
46,010000000000005
52,385
51,18
50,510000000000005
51,05
47,245000000000005
46,06
46,76
47,935
49,475
51,965
53,25
54,095
52,51
50,635000000000005
46,635000000000005
41,989999999999995
38,675
35,815
33,989999999999995
32,68
32,405
33,975
46,205
53,980000000000004
58,43
55,18
51,935
53,65
48,61
47,88
51,185
53,565
53,32
53,155
48,745
51,885
53,39
50,385000000000005
45,730000000000004
40,35
32,405
30,225
28,83
28,72
28,814999999999998
30,759999999999998
39,475
49,705
49,715
44,75
46,075
51,825
48,004999999999995
47,51
51,89
53,085
54,59
46,64
53,64
60,864999999999995
66,96000000000001
58,47
47,28
41,010000000000005
35,66
31,745
29,325
28,490000000000002
28,05
30,605
40,335
50,76
55,97
49,545
45,465
48,870000000000005
45,015
44,205
47,845
48,995000000000005
48,010000000000005
49,215
55,265
57,695
55,870000000000005
50,77
44,724999999999994
38,22
33,855000000000004
31,064999999999998
28,435000000000002
26,765
25,555
24,875
27,165
30,185
34,16
36,965
36,455
37,805
34,28
31,534999999999997
30,81
33,12
34,19
36,739999999999995
40,849999999999994
42,655
44,835
44,87
40,38
35,49
30,355
26,96
25,16
23,89
23,82
22,175
22,95
26,725
29,145000000000003
28,965
28,740000000000002
29,905
28,545
25,270000000000003
25,595
25,415
26,435000000000002
31,85
38,85
43,795
46,63
48,015
45,769999999999996
40,394999999999996
33,06
29,490000000000002
27,104999999999997
25,560000000000002
25,745
28,33
42,345
50,765
50,715
43,195
38,78
39,455
41,97
41,019999999999996
40,625
39,655
42,790000000000006
48,05
56,205
64,155
63,875
55,965
47,105000000000004
40,28
34,364999999999995
32,685
30,810000000000002
29,975
30,495
31,86
43,29
52,015
60,955
55,129999999999995
53,135
51,47
48,620000000000005
46,980000000000004
53,175
55,1
57,165
56,31
53,595
64,625
65,15
59,55
50,935
42,42
37,11
34,894999999999996
33,135000000000005
32,345
32,629999999999995
33,730000000000004
44,67
55,345
60,075
59,010000000000005
56,165
57,07
55,67
57,09
58,04
58,3
55,885000000000005
49,775
53,14
54,84
62,545
60,185
50,925
41,375
34,4
32,07
30,545
28,29
28,11
29,884999999999998
37,17
44,08
47,805
47,504999999999995
57,655
59,445
59,3
58,795
59,65
59,635000000000005
60,065
59,825
57,14
58,775
63,26
59,16
50,885000000000005
42,45
36,915000000000006
31,93
30,8
29,805
30,92
31,955000000000002
41,730000000000004
50,375
56,32
56,620000000000005
56,58
56,53
64,565
63,05499999999999
57,905
63,745
60,985
64,78
52,915
52,32
53,735
65,485
48,44
42,56
42,474999999999994
34,985
34,325
34,01
32,89
30,525
32,02
37,555
40,230000000000004
44,58
44,945
43,099999999999994
43,73
45,21
35,464999999999996
37,695
37,43
38,545
42,915
45,83
47,78
47,775
43,92
34,835
33,77
29,47
23,884999999999998
21,68
19,564999999999998
18,195
19,585
22,55
25,939999999999998
30,075
28,065
35,97
35,35
36,035
32,025
29,02
21,09
31,415
32,91
38,22
44,64
47,675
38,215
33,955
28,54
25,355
23,384999999999998
22,985
22,305
26,11
37,57
52,754999999999995
54,620000000000005
56,355000000000004
59,125
65,69
68,655
63,68
52,19499999999999
53,31
54,730000000000004
53,695
53,295
57,355000000000004
56,94
56,545
44,175
34,475
31,585
25,810000000000002
24,765
23,865
23,605
27,244999999999997
35,805
48,31999999999999
52,114999999999995
51,095
51,07
50,525
49,96
50,71
52,480000000000004
53,61
56,42
57,105000000000004
59,075
69,2
69,565
59,965
56,72
39,335
38,105000000000004
34,004999999999995
32,505
30,990000000000002
31,009999999999998
31,965000000000003
46,035
58,525000000000006
65,705
55,065
59,91
60,355000000000004
58,989999999999995
59,745000000000005
63,535
62,51
64,42
66,08
66,35
73,75
74,525
70,955
59,64
51,53
48,65
48,099999999999994
31,07
30,06
29,665
31,85
60,84
63,01
70,675
72,41
71,945
69,655
67,815
68,58500000000001
73,97999999999999
70,58
73,66
72,215
65,815
65,47
69,535
67,675
70,97999999999999
49,195
38,01
33,379999999999995
31,89
30,884999999999998
30,57
32,435
45,855000000000004
58,39
60,345
62,254999999999995
64,625
59,78
58,155
57,325
49,42
46,965
47,224999999999994
49,36
56,7
64,21000000000001
64,825
57,685
50,83
41,41
36,155
32,6
30,71
29,57
28,97
28,740000000000002
30,59
33,805
33,41
34,015
33,565
36,14
38,045
36,015
33,885000000000005
29,165
30,945
36,805
41,075
48,975
52,760000000000005
51,765
43,17
36,35
29,895
24,674999999999997
20,235
16,92
14,684999999999999
10,15
11,965
23,310000000000002
26,64
32,879999999999995
34,675
37,03
37,33
35,555
33,64
33,305
36,0
39,775
44,255
45,765
62,489999999999995
65,53999999999999
50,47
42,03
43,045
37,114999999999995
33,35
33,120000000000005
33,135
34,83
50,175
76,52
78,27
78,47
64,525
64,11
74,55
61,504999999999995
63,82
69,655
77,27
80,5
80,19
72,14
70,6
69,815
60,56999999999999
52,455
41,99
37,480000000000004
28,235
27,259999999999998
26,485
34,8
59,870000000000005
67,535
71,38
72,57
71,98
71,61
64,38499999999999
64,035
64,85499999999999
69,525
75,575
75,28
74,845
72,085
71,665
71,38
62,23
58,504999999999995
49,085
36,89
30,945
29,12
29,62
31,855
52,754999999999995
58,225
63,42
66,735
65,965
65,56
78,55000000000001
74,07
68,25
72,35
70,87
70,405
69,855
73,02000000000001
73,1
71,45
62,735
52,959999999999994
48,0
40,870000000000005
36,995
36,52
36,345
38,84
52,5
71,155
65,05
72,885
72,515
76,525
77,075
68,52
66,935
65,995
84,01
76,81
84,125
84,885
81,82
74,285
71,23
53,69
52,235
47,925
42,795
39,61
37,74
41,31
49,475
58,715
61,565
62,135
61,91
61,099999999999994
59,095
59,06
60,06999999999999
61,584999999999994
63,03
63,405
64,435
66,625
69,225
67,715
60,815
52,805
51,845
47,105000000000004
41,575
40,09
38,295
39,08
41,08
47,875
49,79
50,585
51,879999999999995
49,3
49,57
50,144999999999996
49,864999999999995
48,515
48,22
52,39
55,89
58,68
58,93
60,114999999999995
53,57
44,625
48,675
40,644999999999996
36,04
35,114999999999995
31,95
28,18
32,59
38,915
40,62
42,269999999999996
44,32
45,855000000000004
45,22
43,265
42,14
41,345
40,935
41,04
42,46
44,985
50,475
52,715
42,06
42,67
44,55500000000001
39,16
37,14
33,6
31,9
37,9
46,405
53,97
59,585
59,96
57,555
55,715
56,3
55,08
57,754999999999995
60,0
60,629999999999995
61,26
60,22
63,89
63,235
60,1
55,46
48,885
49,66
46,89
42,3
41,685
41,605
41,025
48,754999999999995
72,635
60,334999999999994
61,46
60,05500000000001
60,02
67,80499999999999
56,400000000000006
58,475
59,760000000000005
60,505
61,435
61,63
64,025
62,51
59,574999999999996
54,955
48,05
47,795
47,135000000000005
42,47
40,68
40,14
43,71
52,09
56,614999999999995
60,16
60,565
58,285
56,235
54,42
53,955
55,015
54,19
54,9
54,730000000000004
54,465
57,605000000000004
55,33
53,62
50,225
44,7
44,545
39,58
37,1
36,085
36,085
38,97
46,015
53,33
56,260000000000005
55,875
53,475
54,120000000000005
52,24
51,370000000000005
54,6
54,545
55,54
57,79
58,31
59,68
59,515
58,555
54,495000000000005
48,79
47,010000000000005
43,845
38,379999999999995
37,47
37,91
42,235
50,394999999999996
56,585
59,05
58,599999999999994
57,595
58,175
59,015
58,555
55,125
56,58
59,57
57,504999999999995
58,03
59,025000000000006
58,735
57,465
53,555
46,8
48,84
46,165
40,989999999999995
41,370000000000005
39,0
37,585
42,879999999999995
46,955
51,709999999999994
54,805
54,845
53,94
53,025000000000006
53,07
43,905
40,224999999999994
40,605
42,620000000000005
44,865
48,775
49,04
50,53
46,18
41,489999999999995
41,995000000000005
38,415000000000006
34,47
32,525
31,605
30,665
32,120000000000005
32,935
34,335
36,455
36,489999999999995
37,06
36,785
35,06
34,855000000000004
37,025
38,39
40,8
43,035
47,175
51,165
60,265
47,965
43,605000000000004
43,955
37,82
35,485
34,504999999999995
34,53
36,415
46,585
54,585
58,125
60,5
58,96
59,495000000000005
58,379999999999995
57,32
58,92
57,51
59,14
59,275
57,69
59,25
58,69
58,04
51,825
47,61
46,510000000000005
40,125
37,84
36,46
35,955
39,16
47,96
53,475
54,465
54,135000000000005
52,945
53,435
53,195
53,56
53,165
53,235
53,85
53,935
54,175
57,585
57,475
55,0
58,725
47,165
43,870000000000005
40,405
41,995
42,474999999999994
40,815
39,91
45,805
55,975
55,644999999999996
58,540000000000006
63,605000000000004
65,86
66,015
65,185
61,285000000000004
59,05
59,035
54,85
55,489999999999995
57,55
60,415
58,34
54,81
50,055
42,69
40,16
38,375
38,525
38,875
39,584999999999994
44,92
63,540000000000006
62,645
64,0
59,58
67,51
67,68
68,175
66,005
67,645
67,84
59,345
59,56
58,035
66,485
66,11
65,83500000000001
47,989999999999995
48,02
43,754999999999995
43,595
42,265
41,715
43,4
53,79
60,28
60,57
59,975
57,19
57,775
55,25
53,64
56,125
57,3
57,35
57,945
56,519999999999996
57,975
56,635000000000005
59,504999999999995
54,295
48,16
47,785
43,0
42,07
41,425
39,980000000000004
37,415
40,795
46,485
46,25
46,84
46,555
46,055
45,765
45,545
44,575
45,834999999999994
46,93
48,01
48,41
49,775
50,94
57,825
47,06
44,5
43,54
40,135
37,445
36,015
33,93
32,04
33,955
37,51
39,345
40,31999999999999
41,36
42,43
41,79
42,269999999999996
41,11
41,785
43,745000000000005
46,555
47,010000000000005
48,575
53,595
63,519999999999996
50,935
44,095
44,72
41,745000000000005
37,025
36,269999999999996
36,31
38,125
45,995
53,2
57,195
57,614999999999995
56,045
55,120000000000005
54,09
56,62
58,5
59,68
60,885000000000005
61,41
60,07
58,51
63,97
63,545
62,975
54,67
50,175
41,515
38,04
38,09
36,99
38,365
45,65
55,905
57,14
57,629999999999995
56,400000000000006
54,425
58,19
68,055
68,495
58,21
59,925
61,71
64,50999999999999
65,255
68,36
65,225
58,144999999999996
51,175
55,010000000000005
47,335
41,19
39,14
38,36
39,54
49,605000000000004
61,035
61,815
61,005
59,905
63,16
62,7
63,364999999999995
66,275
66,38
65,81
67,91999999999999
68,56
71,305
72,98500000000001
71,575
64,66499999999999
55,47
57,0
51,855000000000004
41,605000000000004
40,995000000000005
40,195
42,870000000000005
55,135000000000005
60,3
61,885
63,155
63,92
64,57499999999999
67,07499999999999
67,475
68,365
66,53
62,29
64,935
66,88499999999999
71,83
73,36
71,375
68,625
62,225
58,82
53,245000000000005
51,94
48,045
46,815
48,215
56,019999999999996
62,515
66,265
67,22999999999999
66,86
68,00999999999999
78,00999999999999
75,75
69,765
67,36
69,62
69,82
67,06
66,56
70,19
69,93
61,405
57,025000000000006
55,385000000000005
46,025
46,155
45,730000000000004
44,045
43,89
42,650000000000006
48,864999999999995
52,89
69,925
65,005
71,58
51,985
50,94
49,46
50,13
51,04
54,99
56,4
57,57
60,825
61,910000000000004
54,135000000000005
45,33
46,83
40,165
36,925
34,935
33,675
32,445
32,775
34,9
36,91
39,06
39,325
38,695
38,695
37,29
34,93
34,93
36,644999999999996
41,14
45,775
47,64
53,925
60,86
48,095
43,545
41,650000000000006
37,01
34,3
34,235
33,695
36,655
43,95
70,265
72,06
75,69
72,07499999999999
75,47
77,055
72,93
71,925
70,44
63,385000000000005
60,1
58,425
60,605000000000004
63,135
62,905
57,19
50,185
46,105000000000004
41,510000000000005
38,730000000000004
37,89
37,72
39,47
48,56
59,265
60,46000000000001
60,66
59,41
60,900000000000006
58,31
58,965
61,205
61,455
61,845
65,275
63,3
67,615
64,095
63,01
57,855
49,22
49,425
44,519999999999996
37,86
37,39
38,14
40,185
48,775
68,00999999999999
63,53
78,13499999999999
78,52
81,495
86,54499999999999
81,33
78,66499999999999
64,83500000000001
65,13
84,47
82,03999999999999
79,13
84,82
77,145
61,425
50,04
54,004999999999995
46,405
40,635000000000005
39,835
39,58
41,405
45,849999999999994
57,0
59,525000000000006
83,175
84,61
85,775
87,025
87,545
86,50999999999999
87,015
85,71000000000001
86,10499999999999
85,97
86,0
87,32499999999999
84,59
81,055
64,525
49,724999999999994
43,894999999999996
40,36
39,64
39,925
44,41
51,36
59,475
60,01
65,565
65,035
65,87
66,63
63,955
64,8
62,91
62,555
63,825
63,23
64,16499999999999
64,38
62,54
58,269999999999996
48,715
54,035
45,94
43,230000000000004
40,230000000000004
38,375
38,879999999999995
42,224999999999994
48,185
52,915
54,155
53,275
50,47
50,239999999999995
48,795
46,725
49,295
49,385
50,4
52,855000000000004
56,035
57,765
55,870000000000005
48,14
41,629999999999995
38,004999999999995
35,67
35,04
34,55
34,035
32,685
34,705
35,58
34,065
33,53
32,665
32,72
36,85
36,54
36,445
36,07
38,66
39,79
45,5
47,78
101,03
100,05499999999999
47,905
42,415000000000006
43,44
40,78
39,33
36,91
38,269999999999996
39,91
48,035
57,56
59,65
61,11
60,825
60,035
56,72
58,22
55,985
56,17
57,39
57,55
61,5
62,43
67,53999999999999
66,235
61,155
54,5
50,485
46,519999999999996
40,015
38,375
38,08
43,04
50,644999999999996
57,3
87,21000000000001
92,82
75,81
90,405
63,96000000000001
65,475
62,15
61,61
62,68
65,695
66,87
65,785
71,7
85,05
63,59
51,019999999999996
51,495
42,015
40,144999999999996
38,510000000000005
38,985
45,019999999999996
54,39
62,06
68,24000000000001
74,14
60,754999999999995
62,25
60,51
57,345
57,72
56,39
78,065
58,185
59,16
59,480000000000004
61,495
60,06
51,81
46,855000000000004
38,905
33,69
31,145
30,28
30,97
33,595
42,125
51,55
56,44
59,035
53,175
57,885000000000005
61,540000000000006
60,025000000000006
55,635000000000005
53,6
55,195
56,265
56,96
58,64
66,535
61,515
53,845
48,66
48,11
39,31
36,055
35,295
35,72
40,035
49,595
61,3
62,525
69,085
68,58
73,005
71,09
71,1
71,065
60,63
61,17
61,415
61,2
61,815
65,00999999999999
56,805
61,015
46,08
44,635
35,495000000000005
29,405
27,625
26,895
24,265
34,55
45,045
43,295
43,855000000000004
43,86
45,43
47,65
53,53
47,57
49,625
48,245000000000005
51,004999999999995
52,83
54,644999999999996
80,255
65,17
53,525
46,95
46,05
39,349999999999994
36,019999999999996
18,39
18,54
19,849999999999998
22,845
36,629999999999995
35,56
42,06
45,47
46,465
46,66
43,65
43,785
45,78
48,905
49,855000000000004
54,730000000000004
48,269999999999996
53,769999999999996
53,57
48,025
42,65
34,41
31,105000000000004
29,66
29,395000000000003
29,384999999999998
31,82
44,525
73,35
69,345
72,41499999999999
72,465
79,72999999999999
80,97
78,1
74,06
72,18
74,77000000000001
72,47
69,445
79,66499999999999
94,32
75,28
65,675
51,28
50,31
41,095
37,150000000000006
35,980000000000004
34,985
37,325
52,815
84,75999999999999
87,55000000000001
84,0
78,125
84,53
80,47
79,97
79,53999999999999
78,50999999999999
84,465
83,525
73,68
73,10499999999999
89,485
83,555
82,48
52,69
42,415
34,405
31,05
30,005000000000003
29,83
33,005
42,82
60,31
56,825
57,510000000000005
57,525
58,275
63,525000000000006
58,730000000000004
57,94
57,945
56,09
56,08
55,38
63,12
71,025
56,91
47,96
42,269999999999996
41,225
37,245000000000005
31,735
29,74
31,285
35,0
31,295
38,995000000000005
43,465
51,0
52,305
51,785
52,08
52,51
51,815
50,66
50,665
53,345
42,004999999999995
43,504999999999995
51,815
45,525
43,5
39,635000000000005
35,129999999999995
32,045
26,83
25,85
25,975
29,604999999999997
38,83
50,56
55,36
58,06
57,075
56,575
57,555
58,065
57,565
57,78
57,575
57,629999999999995
48,665
52,97
59,03
52,59
51,705
39,495000000000005
39,79
32,1
28,455000000000002
27,865000000000002
27,355
28,98
34,879999999999995
51,105000000000004
51,035
54,495
51,015
51,55
51,195
49,489999999999995
49,519999999999996
48,34
49,53
49,36
46,519999999999996
50,510000000000005
70,32
60,345
45,905
41,0
47,425
37,05
31,5
28,66
27,800000000000004
28,67
30,675
35,07
37,33
41,879999999999995
47,51
51,025
49,765
43,68
42,955
42,47
43,485
44,504999999999995
43,94
48,099999999999994
70,77000000000001
64,25999999999999
48,11
44,475
38,335
29,115000000000002
27,75
30,47
27,549999999999997
34,06
42,34
47,735
52,165
56,870000000000005
56,85
57,980000000000004
58,935
57,97
58,025
58,269999999999996
58,0
54,775
58,85
62,54
68,23
61,655
52,375
47,275
45,364999999999995
36,355000000000004
30,509999999999998
29,885
31,294999999999998
34,575
42,79
60,045
57,53
56,42
56,29
62,525000000000006
65,57
65,545
65,575
62,955
64,515
70,25
69,475
71,91499999999999
63,599999999999994
54,805
50,400000000000006
45,265
45,510000000000005
37,64
33,04
32,12
32,735
38,43
46,06
59,224999999999994
58,86
54,65
54,115
56,285
63,64
63,94
63,76
64,055
64,145
65,185
59,265
65,245
71,685
58,025000000000006
61,114999999999995
47,644999999999996
44,53
35,915000000000006
31,625
30,405
30,845
33,825
51,595
61,769999999999996
59,285
62,54
62,96
64,045
64,255
65,95
65,045
60,08
61,480000000000004
62,255
57,195
60,415
64,28999999999999
55,14
44,925
38,870000000000005
40,04
36,315
31,495
34,15
35,15
36,125
41,47
60,715
56,59
56,105000000000004
58,760000000000005
62,57
64,63499999999999
64,63499999999999
60,225
54,18
56,120000000000005
58,28
61,01
61,56999999999999
80,97
56,11
55,4
44,765
44,46
38,739999999999995
34,125
32,505
33,405
34,39
38,085
40,114999999999995
42,03
44,504999999999995
45,004999999999995
45,59
47,515
48,004999999999995
46,0
47,739999999999995
49,35
48,975
52,54
57,08
62,06
56,375
49,025
41,769999999999996
45,394999999999996
40,515
32,36
28,005
26,68
27,515
29,235
32,410000000000004
32,97
34,18
40,86
41,78
41,835
41,47
40,97
42,685
45,5
44,82
46,28
53,97
75,375
59,045
46,019999999999996
43,53
42,71
38,900000000000006
34,23
33,485
33,53
39,535
48,769999999999996
69,965
75,55000000000001
74,515
75,025
73,77000000000001
73,175
76,25
75,0
78,215
78,405
77,065
83,005
86,78999999999999
110,045
72,1
76,53
52,370000000000005
53,615
43,584999999999994
40,7
40,565
39,82
44,5
76,565
67,53
72,255
85,775
85,775
89,08
100,89500000000001
100,66
98,345
91,935
101,015
103,995
86,46000000000001
93,72
110,47
97,53
78,115
62,65
58,629999999999995
53,7
46,97
47,129999999999995
47,06
52,71
67,475
81,005
92,535
93,97
91,975
94,55
103,935
96,5
91,645
103,555
104,85499999999999
92,215
92,085
111,275
116,08500000000001
88,66
84,78
68,975
69,09
61,325
55,16
53,815
53,685
62,54
81,94
85,52000000000001
104,055
107,195
127,255
134,31
162,78
162,53
148,51999999999998
148,555
130,97
128,625
127,51
146,36
166,755
116,04
118,015
84,425
64,96000000000001
55,510000000000005
48,019999999999996
46,5
47,005
62,555
71,49000000000001
70,78999999999999
94,39500000000001
98,345
111,59
123,56
127,51
112,55
104,955
103,15
104,5
102,535
102,52000000000001
109,92
121,995
76,27000000000001
72,53
64,025
60,965
53,545
47,335
45,735
44,25
46,43
48,53
57,025000000000006
59,14
55,17
61,05500000000001
63,54
75,045
62,575
61,584999999999994
62,584999999999994
64,51
65,6
65,875
67,475
94,525
65,09
57,995
51,85
61,925
49,275
45,095
40,025
41,519999999999996
40,635000000000005
46,285
52,095
52,03
54,760000000000005
70,005
69,745
69,57499999999999
55,29
55,205
54,54
56,295
57,675
60,045
80,05
102,55000000000001
68,58
56,004999999999995
58,785
50,045
43,58
39,1
38,345
39,97
53,665
103,535
130,14499999999998
138,035
138,075
138,345
154,98
155,64000000000001
154,8
135,215
128,795
139,05
150,015
147,525
122,52000000000001
140,515
100,425
90,38499999999999
57,004999999999995
52,010000000000005
47,4
43,205
40,83
41,245
52,1
63,97
67,37
78,78
81,315
74,00999999999999
72,85
73,415
69,005
70,42
73,5
71,515
69,32
69,615
84,02000000000001
82,535
66,995
55,905
48,32
52,325
41,15
35,3
34,035000000000004
34,13
40,14
47,620000000000005
52,019999999999996
59,03
55,980000000000004
51,97
51,989999999999995
57,19
55,315
54,355000000000004
57,16
58,595
61,005
63,55
75,70500000000001
76,42500000000001
63,975
52,035
53,455
52,59
42,44
38,675
38,195
45,89
61,015
66,505
72,275
67,675
67,46000000000001
62,58
60,515
61,465
61,045
62,019999999999996
70,97
67,5
73,505
78,05000000000001
102,5
111,0
64,71
63,010000000000005
51,915
49,43
44,075
41,099999999999994
40,345
40,585
45,010000000000005
55,44
61,230000000000004
65,965
67,63499999999999
62,675000000000004
60,905
59,52
57,235
59,025
60,19
60,675
62,425
58,47
69,245
68,865
55,57
52,14
45,78
50,59
48,099999999999994
39,34
38,585
38,14
38,31
41,5
45,870000000000005
50,025
49,980000000000004
50,015
52,510000000000005
50,185
47,025
45,730000000000004
43,585
48,965
48,8
49,485
54,379999999999995
60,629999999999995
48,614999999999995
47,5
41,425
44,305
37,32
31,47
31,784999999999997
31,049999999999997
32,989999999999995
36,32
37,045
37,8
40,06
39,96
39,33
46,975
43,54
37,15
39,035
41,92
41,614999999999995
45,525
54,355000000000004
58,995
49,785
47,004999999999995
41,09
41,46
35,275
33,225
33,489999999999995
33,349999999999994
41,17
51,95
62,535
63,75
57,65
52,370000000000005
52,055
50,85
50,629999999999995
50,18
50,504999999999995
51,735
52,115
55,045
68,125
69,69
57,705
51,08
47,565
49,185
44,525
42,620000000000005
41,66
42,015
45,125
56,485
58,39
58,925
58,465
58,165000000000006
59,010000000000005
66,115
66,03999999999999
54,295
56,269999999999996
57,495000000000005
58,415
58,58
64,07
67,3
55,655
50,09
44,995000000000005
45,165
43,285
42,08
41,55
42,405
44,105000000000004
54,235
55,254999999999995
56,465
54,64
51,405
50,665
56,195
52,805
55,445
54,195
56,815
56,955
57,495000000000005
61,045
61,52
68,11
59,495000000000005
50,345
50,315
45,955
46,114999999999995
43,980000000000004
44,315
50,51
58,66
58,519999999999996
57,535
55,254999999999995
55,285
55,120000000000005
55,995000000000005
56,03
52,53
53,55500000000001
56,035
55,985
55,980000000000004
61,315
62,55
56,54
55,980000000000004
46,510000000000005
41,835
40,295
36,825
35,805
35,46
40,395
49,510000000000005
51,53
53,09
52,519999999999996
50,735
49,915
51,695
51,81
52,275
52,239999999999995
53,010000000000005
53,14
54,995000000000005
59,485
58,815
56,605000000000004
51,525
46,260000000000005
48,265
43,11
38,475
35,565
34,76
35,61
41,45
43,230000000000004
44,475
44,35
42,114999999999995
40,385
41,19
41,56
41,585
41,705
42,86
45,769999999999996
46,085
51,489999999999995
50,519999999999996
44,705
41,7
40,755
40,56
33,93
25,675
30,8
20,119999999999997
31,97
33,58
29,125
38,875
40,51
40,445
41,185
39,004999999999995
39,35
38,885000000000005
40,9
43,260000000000005
49,285
53,035
58,545
61,36
53,455
54,07
47,81
46,295
38,34
35,894999999999996
30,965
35,55
41,905
54,26
61,92
64,81
66,28999999999999
67,13
67,465
62,63
62,18000000000001
61,775000000000006
62,045
77,31
72,995
75,08
110,555
72,99
57,25
53,989999999999995
46,66
50,55
40,195
38,535
38,379999999999995
38,39
43,34
56,75
63,655
64,775
64,465
61,73
60,92999999999999
59,55500000000001
59,010000000000005
60,025
62,415
63,629999999999995
64,185
66,485
77,44
70,78999999999999
58,79
53,455
49,620000000000005
46,475
38,66
32,425
32,455
35,325
44,97
54,5
60,465
64,025
63,575
59,25
58,5
54,75
54,235
55,84
58,41
63,35
63,084999999999994
63,82
71,59
65,85499999999999
58,5
52,85
48,355000000000004
46,69
40,435
34,155
33,77
37,12
45,91
57,33
69,93
64,03999999999999
60,515
62,955
61,995
65,625
64,60499999999999
64,33
65,775
60,004999999999995
57,209999999999994
60,495
70,325
64,72999999999999
63,69500000000001
51,96
48,19
49,245
43,09
40,325
38,510000000000005
39,78
46,015
57,035
63,955
67,045
64,775
54,989999999999995
52,685
51,265
52,510000000000005
56,015
55,025
56,965
58,39
64,08
71,025
70,03
56,760000000000005
49,535
49,254999999999995
46,614999999999995
42,695
37,375
36,805
36,620000000000005
39,065
45,295
50,89
50,45
50,44
48,625
46,605000000000004
46,97
41,209999999999994
40,48
42,93
42,32
52,33
55,82
61,97
59,535
54,61
48,845
47,07
48,754999999999995
42,57
38,78
37,195
36,41
37,040000000000006
41,57
46,345
46,67
51,285
51,355000000000004
51,46
49,325
45,04
46,03
47,16
50,545
51,305
55,485
65,145
66,0
56,505
51,025000000000006
45,019999999999996
41,485
36,730000000000004
31,575000000000003
31,025
33,644999999999996
42,165000000000006
56,29
62,815
65,99000000000001
68,225
61,385000000000005
73,205
74,295
73,995
70,155
61,239999999999995
61,36
60,269999999999996
61,41
73,28999999999999
65,485
55,295
55,425
46,725
49,675
45,735
40,985
40,035
40,620000000000005
49,445
61,3
69,655
71,5
70,86500000000001
68,64500000000001
67,35
59,555
58,635000000000005
62,835
68,995
65,38499999999999
68,245
73,58500000000001
80,80000000000001
77,38
63,505
58,17
50,895
47,92
44,345
40,415
39,644999999999996
40,985
50,870000000000005
104,48
78,59
71,935
70,54
71,055
68,87
76,555
76,525
67,57
68,66499999999999
75,03999999999999
75,53
69,53999999999999
87,09
70,895
71,94
52,144999999999996
44,195
46,56
42,19
40,894999999999996
40,405
40,785
53,260000000000005
60,51
69,825
69,035
71,795
68,78
66,955
66,91499999999999
59,760000000000005
58,115
60,67
66,53999999999999
68,60499999999999
71,88
79,245
73,28999999999999
67,14500000000001
56,815
49,845
49,620000000000005
44,18
41,14
40,504999999999995
41,004999999999995
49,6
65,115
70,7
70,975
69,93
66,905
64,595
59,015
58,37
62,905
67,825
70,66999999999999
72,735
76,55
89,88499999999999
76,595
71,77000000000001
63,465
56,205
59,03
53,519999999999996
47,91
44,52
44,12
48,06
55,400000000000006
59,900000000000006
62,505
61,425
58,17
56,82
54,55
53,945
53,15
52,82
55,739999999999995
57,15
65,965
75,565
71,7
61,04
56,040000000000006
47,53
45,785
38,015
34,01
33,045
32,7
33,97
37,515
46,019999999999996
49,94
51,2
53,035
50,34
48,835
45,165
44,555
45,72
49,3
50,645
58,195
92,505
67,225
59,72
55,004999999999995
43,45
42,535
36,495000000000005
30,53
30,3
30,545
40,435
64,33
66,50999999999999
68,85
66,815
63,415000000000006
63,980000000000004
57,9
59,49
60,89
64,97
67,445
69,645
71,855
84,53
74,22999999999999
65,96000000000001
63,870000000000005
52,754999999999995
50,355
47,005
43,735
43,585
44,3
54,379999999999995
67,535
73,005
73,985
74,03
73,03
70,375
62,65
64,415
70,015
70,00999999999999
72,6
76,985
83,225
89,25
80,505
73,24000000000001
63,685
54,04
51,015
47,115
36,29
38,945
39,185
44,425
65,39
70,25
67,045
63,175
61,434999999999995
83,31
69,57
69,505
61,565
68,24000000000001
69,56
76,25
71,57
79,41499999999999
80,0
67,62
63,975
50,46
44,9
41,230000000000004
39,825
39,400000000000006
40,595
50,575
61,215
70,24000000000001
72,21000000000001
70,62
66,28999999999999
65,035
69,545
67,73
64,525
64,36
65,43
67,425
70,89500000000001
74,025
68,445
61,97
52,02
46,07
42,364999999999995
39,535
37,075
36,265
37,195
42,51
57,540000000000006
74,66
79,88999999999999
75,91
73,515
71,625
69,16
69,505
72,97999999999999
72,38
73,595
72,78
74,62
79,175
73,89500000000001
68,99
60,650000000000006
49,864999999999995
54,675
50,695
44,775000000000006
44,185
43,019999999999996
47,415000000000006
53,375
59,644999999999996
60,34
60,17
63,175
62,885000000000005
61,44
57,510000000000005
56,004999999999995
54,655
56,575
58,745
66,69500000000001
77,02
70,06
61,79
56,94
50,84
50,894999999999996
45,61
39,775
37,75
37,735
37,2
39,715
45,415000000000006
45,25
50,915
52,004999999999995
50,895
50,730000000000004
46,474999999999994
46,790000000000006
47,5
50,955
53,5
61,295
73,525
66,00999999999999
60,11
56,690000000000005
51,71
51,885
48,370000000000005
40,394999999999996
39,76
40,905
51,885
67,175
79,015
82,435
80,44
79,07
77,245
72,52
67,225
69,39
69,635
71,485
73,06
75,405
80,495
74,765
60,975
56,435
52,84
46,15
41,095
34,8
30,665
31,665
45,265
57,995000000000005
68,935
73,5
72,02000000000001
68,965
71,065
72,58
78,53999999999999
71,525
69,78
72,39500000000001
74,28
79,635
92,815
81,785
74,525
70,53999999999999
56,18
49,125
46,58
37,815
36,985
37,485
47,665000000000006
60,269999999999996
71,87
73,71000000000001
71,66
69,995
64,63
55,9
56,41
66,34
67,71000000000001
70,27000000000001
70,31
71,4
76,57
69,565
63,67
52,28
47,175
45,285
43,084999999999994
40,77
41,22
43,195
52,745
63,265
80,575
79,095
73,715
89,03
97,14
113,96000000000001
86,05
79,09
72,725
82,45
88,14
89,245
117,435
96,72
68,95
88,28999999999999
68,35
49,385000000000005
45,010000000000005
43,525
42,754999999999995
42,965
47,7
65,855
71,965
74,195
70,47
68,25
64,42
55,065
52,95
60,955
68,005
70,005
72,89
75,46000000000001
82,58
75,85
67,99000000000001
57,99
53,78
55,974999999999994
50,89
45,010000000000005
42,56
41,215
44,745000000000005
55,620000000000005
61,175
55,47
53,755
46,965
43,81
42,265
40,885
40,435
42,175
46,010000000000005
49,05
62,655
69,22
60,835
53,575
46,78
43,985
39,64
36,599999999999994
33,754999999999995
33,015
33,495
35,47
37,545
40,465
39,480000000000004
40,125
39,730000000000004
38,44
37,405
35,114999999999995
35,3
36,685
41,230000000000004
47,695
63,160000000000004
71,18
66,89500000000001
56,53
48,19499999999999
38,629999999999995
39,504999999999995
35,945
32,08
31,78
33,605000000000004
41,605000000000004
64,755
85,28999999999999
76,4
71,205
65,33500000000001
62,97
56,905
56,31
62,025000000000006
67,81
70,185
71,935
75,44999999999999
79,565
74,19999999999999
67,25
51,245000000000005
47,245000000000005
45,105000000000004
42,129999999999995
40,510000000000005
39,004999999999995
39,74
45,17
64,22
80,75999999999999
79,24
72,86
69,81
67,715
55,730000000000004
55,375
66,41
69,025
72,06
76,03999999999999
83,905
85,65
74,525
66,11500000000001
54,364999999999995
44,995000000000005
42,980000000000004
40,19
37,05
36,53
37,025
41,980000000000004
60,195
74,715
73,62
70,255
62,195
59,49
67,52000000000001
60,040000000000006
61,845
68,39500000000001
68,525
73,60499999999999
92,06
79,99000000000001
74,535
68,41
54,86
46,535
45,035
42,805
40,34
39,91
41,2
47,725
65,56
83,50999999999999
80,325
72,25
65,375
66,315
61,4
60,615
58,285
64,2
70,055
74,50999999999999
87,525
83,53999999999999
75,975
71,02
64,235
48,3
47,59
43,72
41,18
39,855000000000004
41,385000000000005
47,864999999999995
67,14
77,02000000000001
75,42
71,68
66,515
62,51
56,82
57,19
60,755
66,62
70,96000000000001
72,475
81,68
80,47
73,63
70,12
59,44
46,295
53,565
46,705
42,02
40,325
40,254999999999995
44,005
52,17
60,834999999999994
64,495
63,93
66,39500000000001
62,425
57,035
46,75
45,845
50,480000000000004
56,205
59,785000000000004
72,15
71,505
66,705
61,685
44,33
40,370000000000005
40,97
36,14
34,185
27,9
27,615000000000002
28,130000000000003
36,215
42,66
43,114999999999995
43,54
43,525000000000006
43,519999999999996
42,015
38,489999999999995
37,535
38,7
45,254999999999995
53,84
62,474999999999994
69,18
67,055
56,519999999999996
43,315
40,425
35,875
30,685000000000002
28,335
27,84
28,02
36,345
55,95
74,99000000000001
65,68
62,68
57,385
55,82
51,905
58,605000000000004
53,905
57,125
63,185
65,465
78,64500000000001
73,03
67,995
58,47
53,480000000000004
45,165000000000006
44,855000000000004
41,915
38,29
37,19
38,42
45,57
55,495000000000005
62,474999999999994
64,175
61,010000000000005
55,790000000000006
53,095
48,14
48,03
48,2
52,71
55,735
58,92
67,41
70,25
61,9
55,66
50,085
43,53
43,155
40,974999999999994
37,195
35,49
36,455
40,58
48,805
59,370000000000005
63,144999999999996
59,36
53,480000000000004
51,05
46,565
45,155
45,435
46,735
49,95
54,545
64,545
66,95
57,035
52,59
45,775
42,42
39,445
37,235
31,125
30,345
32,41
40,504999999999995
65,2
68,235
70,52000000000001
63,94
63,125
62,215
60,41
59,87
59,94500000000001
59,885
63,074999999999996
65,515
67,275
70,61500000000001
73,96000000000001
64,44500000000001
55,115
42,39
42,39
38,06
31,964999999999996
31,515
33,58
42,525
53,480000000000004
68,57
65,755
62,535
58,754999999999995
57,769999999999996
58,745000000000005
57,075
49,650000000000006
51,894999999999996
59,05
63,209999999999994
70,11
72,095
63,254999999999995
57,1
45,815
40,44499999999999
39,62
37,125
31,925
30,765
33,045
36,45
42,9
52,894999999999996
59,11
56,175
47,11
42,519999999999996
41,69
39,035
34,505
40,510000000000005
45,5
57,47
71,345
73,63
63,625
51,5
41,605000000000004
38,65
40,755
36,3
26,985
26,745
23,535000000000004
22,96
23,545
36,68
39,53
40,97
39,605000000000004
39,495000000000005
41,489999999999995
41,485
39,239999999999995
34,68
34,3
42,425
56,504999999999995
60,375
65,16
58,62
44,335
41,985
37,16
36,445
32,925
30,009999999999998
28,43
32,25
39,345
55,394999999999996
75,25
72,58500000000001
67,695
64,97
66,7
71,42500000000001
72,32
70,02000000000001
70,55
77,545
98,12
112,75
94,475
77,28
68,0
63,03
44,254999999999995
41,575
39,61
35,815
35,735
37,66
44,010000000000005
65,295
72,515
74,18
70,305
63,97
63,98
62,54
62,040000000000006
64,125
68,55
76,79499999999999
87,575
85,125
81,485
66,42
56,97
47,3
41,739999999999995
39,69
37,25
35,585
34,845
36,03
39,655
48,379999999999995
57,425
60,870000000000005
57,94
64,11
64,76
67,805
66,56
64,05
62,25
65,75999999999999
76,02
73,50999999999999
68,845
61,575
48,83
45,985
41,980000000000004
39,724999999999994
35,58
33,94
33,56999999999999
34,545
37,575
43,405
50,655
61,375
60,584999999999994
53,015
50,72
49,224999999999994
49,36
50,885000000000005
54,475
68,42500000000001
85,15
66,57
60,864999999999995
56,135000000000005
46,379999999999995
42,46
39,480000000000004
39,585
37,504999999999995
35,2
33,23
34,41
36,175
37,81
41,265
51,625
65,05
80,635
81,96
84,52
77,285
78,475
80,455
85,47999999999999
94,05000000000001
76,125
94,02
97,28999999999999
89,93
66,985
38,905
35,88
26,634999999999998
24,759999999999998
20,505
19,52
23,88
29,3
44,205
49,97
50,475
49,535
52,86
46,53
43,185
44,41
47,230000000000004
52,53
63,135
59,755
58,09
50,85
42,795
34,945
30,990000000000002
23,330000000000002
15,395
11,145
8,12
9,695
13,64
17,395
24,490000000000002
27,810000000000002
32,055
33,575
36,224999999999994
38,349999999999994
36,120000000000005
34,065
35,05
36,69
44,175
44,815
44,129999999999995
40,165
36,644999999999996
32,715
26,715
24,005
21,105
19,045
19,095
19,65
23,53
34,870000000000005
45,31
48,64
47,555
45,935
45,83
43,82
44,72
46,535
48,19
50,724999999999994
57,605000000000004
57,75
53,455
47,09
38,775
35,370000000000005
29,41
29,47
26,43
24,35
22,36
23,985
26,945
37,64
46,965
49,114999999999995
48,625
48,045
47,379999999999995
46,504999999999995
47,21
49,004999999999995
51,010000000000005
52,565
61,16
62,97
55,58
49,16
43,584999999999994
40,620000000000005
37,375
28,725
28,119999999999997
27,39
27,145
27,475
29,12
33,065
38,135000000000005
39,135000000000005
38,71
38,655
38,475
37,46
38,155
38,89
38,95
40,6
48,29
53,815000000000005
42,75
37,49
34,005
32,54
30,405
38,05
35,45
33,185
32,3
32,015
35,114999999999995
42,34
49,57
51,64
48,92
47,769999999999996
46,644999999999996
44,885
45,59
46,325
47,535
50,825
57,905
57,485
52,065
44,989999999999995
39,18
37,370000000000005
34,415
33,9
32,64
30,825
30,43
31,57
34,53
44,015
52,230000000000004
54,730000000000004
53,955
54,08
53,625
51,215
51,955
51,95
52,28
55,959999999999994
65,53
62,97
54,995000000000005
48,629999999999995
43,675
41,425
36,965
40,665000000000006
36,11
35,165
34,79
34,185
35,144999999999996
37,355000000000004
40,61
42,05500000000001
44,035
43,129999999999995
41,959999999999994
40,24
38,7
38,7
40,370000000000005
43,755
50,25
52,019999999999996
48,91
42,625
39,69
38,45
35,165
35,785
32,925
32,975
32,129999999999995
31,945
32,364999999999995
33,84
35,82
36,14
37,76
37,61
37,80500000000001
38,565
36,78
38,04
39,82
44,25
51,04
52,465
51,655
49,43
45,15
43,260000000000005
39,165
35,845
34,635000000000005
33,370000000000005
32,355000000000004
32,805
35,055
43,465
49,315
51,275
49,32
47,855000000000004
46,370000000000005
45,87
46,150000000000006
47,835
48,715
53,49
57,03
56,48
52,120000000000005
48,239999999999995
37,175
33,91
29,490000000000002
32,864999999999995
33,06
30,759999999999998
29,509999999999998
30,895
34,545
44,545
51,709999999999994
54,035
53,41
51,730000000000004
50,965
50,445
50,92
51,405
50,989999999999995
52,43
58,09
58,455
53,25
49,66
44,195
43,765
38,06
36,25
35,86
35,34
33,635000000000005
33,585
36,05500000000001
45,545
52,255
57,57
57,5
55,385
54,285
51,865
53,765
55,455
56,995000000000005
60,230000000000004
66,17
61,39
56,965
50,754999999999995
46,72
43,265
39,69
39,555
37,485
36,239999999999995
35,07
36,38
39,08
46,825
54,94
55,67
53,16
51,900000000000006
51,815
50,875
52,44
55,05
56,125
58,94
62,085
58,725
53,305
49,36
44,47
42,375
37,97
32,54
30,884999999999998
28,955
26,92
27,445
31,44
38,769999999999996
45,975
47,510000000000005
48,965
45,03
47,385
46,385
45,525
45,525
47,599999999999994
50,974999999999994
58,57
53,394999999999996
51,55
47,34
45,24
41,485
38,47
37,73
35,565
35,31
34,835
36,095
36,22
38,19
39,459999999999994
41,235
42,995000000000005
42,355
42,61
39,760000000000005
37,675
37,25
39,665
43,06
47,495000000000005
47,12
43,995000000000005
39,86
38,25
37,5
34,085
29,43
27,325
28,72
27,29
28,075
29,185000000000002
27,71
30,48
33,445
37,255
39,175
39,89
38,54
36,17
34,735
37,46
40,120000000000005
45,14
46,34
44,83
40,415000000000006
37,775000000000006
35,394999999999996
30,724999999999998
28,835
28,479999999999997
26,915
27,845
29,055
34,68
44,2
57,45
60,045
59,269999999999996
56,685
55,105
54,66
54,93
56,275000000000006
57,535
65,03999999999999
69,555
71,635
63,325
46,230000000000004
41,125
39,8
35,59
32,28
30,42
28,91
28,395
29,990000000000002
34,15
41,415000000000006
52,935
54,269999999999996
51,89
49,510000000000005
49,385000000000005
49,035
52,515
55,515
59,900000000000006
66,14500000000001
76,57499999999999
75,155
67,92500000000001
58,825
53,205
44,425
40,535
38,91
39,72
38,785
38,94499999999999
39,185
43,385
51,67
63,239999999999995
68,96000000000001
64,47
60,105000000000004
60,144999999999996
57,905
59,565
60,92
62,644999999999996
67,17
74,905
67,975
60,42999999999999
53,71
47,129999999999995
41,97
38,845
38,32
37,18000000000001
35,06
35,405
36,195
38,985
46,315
58,245
60,295
59,230000000000004
58,239999999999995
57,735
55,385000000000005
56,185
55,655
56,225
59,21
63,790000000000006
57,26
53,79
49,12
43,155
40,285
37,1
35,425
33,9
33,739999999999995
33,46
34,30500000000001
37,125
42,82
52,019999999999996
52,82
51,575
50,215
48,975
47,61
47,89
48,05
49,495000000000005
51,05
54,69499999999999
48,93
44,61
42,379999999999995
38,835
37,370000000000005
34,455
32,045
25,39
24,549999999999997
24,04
24,05
24,73
26,915
30,5
33,739999999999995
34,540000000000006
33,885000000000005
33,730000000000004
33,155
32,935
32,07
33,975
39,06
42,95
43,34
39,86
36,675
34,405
34,285
30,53
22,92
23,86
21,11
18,255000000000003
16,134999999999998
19,29
23,86
29,99
32,945
35,004999999999995
37,16
38,45
38,625
37,58
38,06
39,675
43,515
48,965
50,68000000000001
50,005
47,68
42,93
42,075
38,33
35,665
33,875
33,02
32,215
32,515
35,52
46,97
57,235
57,655
57,38
56,3
55,75
52,745000000000005
52,79
54,425
56,135
56,885
62,16
59,165
56,0
51,47
46,85
44,2
40,055
38,06
37,260000000000005
36,11
35,465
35,745
37,535
45,775000000000006
53,955
55,575
54,730000000000004
54,224999999999994
53,54
52,4
51,795
52,3
52,64
63,025
66,265
61,285
54,375
50,53
44,335
42,515
37,935
35,760000000000005
34,235
32,155
30,490000000000002
31,0
33,995
42,095
51,625
55,075
51,02
46,875
46,785
46,91
47,71
49,055
50,475
56,59
61,295
54,94
52,08
48,525
40,805
35,665
30,08
28,435000000000002
24,645
16,67
14,09
18,189999999999998
32,53
42,44
52,97
56,36
53,66
51,965
51,035
49,785
49,375
52,325
54,769999999999996
61,85
67,11
62,61
54,245000000000005
49,725
40,05
35,095
31,605
27,869999999999997
24,785
18,205
18,674999999999997
25,9
30,525
42,41
46,965
49,215
47,745
46,84
45,805
44,790000000000006
45,15
46,75
49,95
52,760000000000005
55,705
55,21
53,025
51,08
45,105000000000004
42,565
39,095
37,77
36,405
33,595
32,685
33,215
33,81
36,7
39,805
42,605000000000004
45,155
44,0
42,86
42,075
41,735
42,07
44,235
49,815
53,845
53,485
50,599999999999994
48,335
43,6
42,485
39,269999999999996
35,785
33,54
32,1
30,765
31,95
32,805
33,595
35,06
37,900000000000006
41,345
43,41
46,425
46,585
44,82
43,730000000000004
45,12
50,114999999999995
52,565
53,26
52,33
50,075
45,415
41,739999999999995
38,480000000000004
36,205
35,05
33,3
32,415
33,34
35,675
44,97
54,92
56,49
55,334999999999994
51,575
49,51
48,144999999999996
48,66
50,769999999999996
52,935
56,55
60,629999999999995
57,72
55,695
53,605000000000004
47,7
44,54
39,754999999999995
41,39
39,675
38,894999999999996
38,095
39,254999999999995
43,43
53,405
64,76
69,865
66,4
59,510000000000005
58,480000000000004
55,29
54,695
55,94
57,364999999999995
59,375
65,475
62,155
55,075
52,365
48,394999999999996
43,495000000000005
40,769999999999996
43,425
42,394999999999996
39,68
37,695
38,65
43,69
50,285
59,265
66,68
62,135
57,45
59,36
56,03
57,03
59,12
60,989999999999995
66,85499999999999
76,54
74,485
64,99000000000001
58,22
52,394999999999996
47,315
43,015
44,12
40,68
39,525
38,175
38,394999999999996
42,4
49,73
64,6
70,705
62,325
58,405
59,53
56,790000000000006
56,45
58,255
60,91
65,735
75,53
66,43
64,75999999999999
58,155
52,22
41,965
35,84
35,25
34,235
30,805
28,77
31,025
35,745
47,9
56,455
61,275
57,955
54,68
53,67
52,125
51,4
52,34
53,615
65,86500000000001
61,845
58,620000000000005
55,115
52,78
46,17
39,695
32,3
43,315
40,71
32,525
32,28
36,435
40,995000000000005
44,295
48,66
58,94
64,44
63,585
61,015
60,075
59,14
60,485
62,02499999999999
87,5
93,725
79,355
67,935
63,05499999999999
52,614999999999995
44,75
40,519999999999996
49,275
37,165
31,564999999999998
32,03
25,82
33,575
44,08
46,49
39,905
45,540000000000006
50,995
51,010000000000005
50,86
46,260000000000005
43,795
36,0
51,54
56,205
56,875
54,69
53,015
38,25
46,905
35,845
30,380000000000003
31,7
28,515
23,96
25,5
36,675
45,915
54,459999999999994
58,550000000000004
58,480000000000004
56,425
55,665
56,395
55,53
55,545
56,545
61,57
65,52
59,34
57,644999999999996
53,595
49,59
45,6
38,18
36,540000000000006
34,019999999999996
32,035
30,235
33,605000000000004
38,425
47,4
56,17
59,74
57,435
53,685
53,41
52,685
52,945
53,46
56,545
63,735
63,915
61,89999999999999
58,81
53,790000000000006
49,364999999999995
46,224999999999994
40,474999999999994
37,5
34,59
32,739999999999995
31,975
32,69
39,455
47,585
55,425
59,485
57,144999999999996
56,035
55,245000000000005
53,515
54,055
55,004999999999995
55,805
62,085
68,315
64,1
60,255
56,67
51,045
46,150000000000006
42,58
38,165
35,305
34,405
33,82
34,894999999999996
38,56999999999999
48,67
58,095
62,785
61,760000000000005
59,295
58,489999999999995
56,455
56,8
58,015
61,105
64,78999999999999
68,82
61,785
58,75
52,63
48,265
45,394999999999996
43,099999999999994
41,525
37,175
34,239999999999995
34,0
34,004999999999995
42,565
47,09
54,785
58,985
60,315
58,71
59,275
55,15
55,515
55,155
55,275
58,54
59,865
55,504999999999995
52,015
49,07
41,334999999999994
38,86
35,475
35,335
32,435
29,494999999999997
27,6
25,045
28,119999999999997
34,335
39,135
45,31
47,795
46,68
46,59
45,465
43,72
45,955
48,44499999999999
51,495000000000005
56,230000000000004
52,254999999999995
45,935
44,535
42,02
40,1
25,255000000000003
21,505
21,72
19,884999999999998
14,15
18,36
26,53
27,835
31,14
33,62
34,86
39,230000000000004
39,59
36,565
38,510000000000005
39,09
42,685
48,58
51,125
51,900000000000006
50,495000000000005
48,81
36,69
35,9
31,45
33,459999999999994
30,795
29,67
27,025
28,475
33,650000000000006
46,745000000000005
52,185
56,74
56,075
52,269999999999996
52,065
50,655
50,555
52,394999999999996
56,29
60,290000000000006
65,775
59,56
56,695
50,379999999999995
45,474999999999994
41,769999999999996
36,745000000000005
35,8
33,955
31,54
30,009999999999998
30,064999999999998
34,145
45,43000000000001
50,224999999999994
52,16
51,68
50,495000000000005
50,45
50,025
49,74
50,66
51,895
54,29
55,230000000000004
51,445
49,965
47,425
42,599999999999994
36,06
31,744999999999997
33,010000000000005
30,215
28,71
27,65
29,16
33,459999999999994
41,739999999999995
49,584999999999994
50,92
50,015
49,91
49,155
47,86
48,085
49,185
50,525000000000006
53,25
56,625
52,42
48,235
45,945
41,144999999999996
37,57
35,075
35,285
32,18
30,82
27,4
29,700000000000003
36,945
38,45
50,475
53,775000000000006
48,575
45,525
47,08
47,58
46,655
44,47
45,215
49,175
55,265
47,795
44,709999999999994
40,955
37,75
34,47
29,46
28,83
28,165
24,5
20,43
24,310000000000002
27,064999999999998
30,939999999999998
37,305
39,215
37,760000000000005
36,06
35,6
33,725
33,42
32,245
34,504999999999995
36,92
39,585
38,56999999999999
38,04
35,11
30,765
29,685000000000002
28,57
24,32
19,975
15,53
15,005
15,055
17,425
23,35
29,43
33,815
36,215
35,905
35,625
34,93
34,58
34,585
35,21
38,24
41,504999999999995
40,655
40,85
33,53
30,055
27,854999999999997
23,65
18,875
11,08
10,635
7,82
7,38
8,025
10,2
18,23
25,61
32,05
33,5
35,415
34,915
33,575
33,2
33,175000000000004
35,75
39,035
38,39
37,39
35,510000000000005
31,6
27,700000000000003
20,615000000000002
9,29
2,65
0,30999999999999994
-1,9450000000000003
-1,3650000000000002
3,365
19,24
31,45
34,93000000000001
36,515
36,11
34,995000000000005
33,230000000000004
31,725
33,394999999999996
36,2
42,475
46,47
43,42
39,644999999999996
36,85
29,5
27,255000000000003
17,43
7,51
1,605
-0,6349999999999999
-1,8049999999999997
-1,085
1,045
7,495
19,244999999999997
27,884999999999998
31,865000000000002
32,364999999999995
31,565
31,565
31,155
34,515
34,894999999999996
35,895
37,04
35,545
33,855000000000004
31,5
27,67
26,759999999999998
20,064999999999998
16,02
12,785
8,815
6,305000000000001
5,36
9,425
8,36
15,02
22,615000000000002
27,5
28,55
28,755000000000003
27,619999999999997
25,005
24,855
29,355
32,575
34,519999999999996
33,51
33,995000000000005
33,035
33,405
31,79
27,525000000000002
26,275
23,08
21,049999999999997
18,355
18,794999999999998
20,645000000000003
22,884999999999998
25,1
29,465
33,224999999999994
33,49
32,28
32,215
30,43
32,15
36,41
38,58
41,565
41,705
39,935
37,644999999999996
35,965
35,05
32,91
32,105000000000004
30,509999999999998
29,315
28,895
29,625
31,585
34,055
39,275
41,295
42,53
42,525
42,730000000000004
41,695
41,45
41,49
43,03
45,61
49,15
46,68
44,760000000000005
39,78
36,995000000000005
35,185
33,325
33,34
31,575
29,520000000000003
26,865
26,700000000000003
26,895
27,189999999999998
31,765
35,56
37,66
37,035
36,495
35,86
34,815
34,94499999999999
36,26
41,25
44,995000000000005
44,885000000000005
43,575
39,235
35,325
34,870000000000005
32,125
30,66
27,425
25,525
21,755000000000003
20,945
21,7
21,895
25,51
27,799999999999997
30,6
31,82
31,32
31,66
30,060000000000002
29,810000000000002
31,965
34,435
39,655
40,989999999999995
40,06
36,879999999999995
31,535000000000004
29,585
24,85
18,82
17,130000000000003
13,975
9,68
11,2
18,41
25,965
33,09
35,19
36,245000000000005
35,57
36,035
36,595
34,185
38,105
36,575
44,849999999999994
47,275000000000006
47,5
46,93
43,09
39,525
37,965
31,065
35,019999999999996
26,915
22,725
19,625
21,4
25,625
23,72
30,39
35,315
37,215
34,155
35,595
35,075
34,595
36,129999999999995
37,135
42,185
47,355000000000004
47,644999999999996
44,025
40,64
38,150000000000006
37,5
35,79
0,0
0,0
0,0
0,0
0,0
0,0
0,0
0,0
0,0
0,0
0,0
0,0
0,0
0,0
0,0
0,0
0,0
0,0
0,0
0,0
0,0
0,0
0,0
0,0
