1944,647
1760,023
1566,13
1406,6599999999999
1610,039
1509,512
1308,803
1166,683
1247,079
1367,057
1438,961
1485,387
1473,221
1495,702
1515,665
1593,244
1688,391
1748,558
1678,07
1667,829
1669,085
1630,336
1718,768
1679,133
1436,373
1422,292
1376,792
1425,922
1464,854
1526,8
1489,74
1432,265
1482,746
1560,221
1650,5
1721,08
1716,289
1702,748
1700,449
1706,517
1719,944
1749,53
1709,009
1727,817
1799,299
1749,1
1741,836
1717,35
1672,693
1540,805
1553,76
1493,944
1491,588
1597,861
1496,405
1467,69
1648,283
1655,371
1741,411
1796,649
1640,145
1660,52
1731,977
1698,944
1647,12
1726,535
1753,815
1718,611
1825,865
1803,554
1763,27
1873,054
1825,436
1797,008
1841,49
1905,344
1900,892
1878,978
1739,895
1994,133
2071,683
2225,853
2267,2709999999997
2327,725
2215,185
2184,859
2176,114
2124,4480000000003
2035,475
2079,8320000000003
2008,957
1997,106
2043,661
1988,223
1947,162
1968,986
2007,882
1848,048
1710,783
1602,147
1607,783
1608,5549999999998
1768,433
1958,134
2187,563
2244,764
2277,239
2169,191
2101,687
2181,81
2192,534
2256,535
2221,408
2201,2070000000003
2031,645
1910,331
1814,115
1780,296
1797,256
1673,124
1188,808
1111,212
1019,431
978,627
997,537
1110,177
1249,594
1451,398
1565,028
1606,558
1593,993
1584,018
1568,367
1608,199
1606,421
1596,957
1647,462
1723,33
1668,683
1623,823
1613,635
1562,049
1496,57
1390,239
1423,513
1196,087
1187,899
1146,841
1153,936
1537,457
1451,013
1531,502
1585,729
1584,99
1581,832
1523,046
1495,777
1526,061
1516,117
1510,478
1586,231
1673,966
1647,284
1616,568
1650,693
1802,513
1762,496
1685,123
1460,723
1283,821
1258,292
1212,687
1292,0929999999998
1439,732
1312,254
1462,608
1601,539
1657,662
1659,095
1661,39
1629,701
1661,867
1643,382
1648,267
1681,429
1732,256
1684,364
1642,981
1611,55
1544,471
1537,938
1513,137
1526,86
1639,148
1523,524
1508,022
1486,659
1362,241
1248,657
1403,912
1550,497
1610,275
1602,726
1589,438
1531,811
1548,133
1535,777
1534,843
1588,607
1685,18
1649,186
1611,398
1567,049
1519,804
1464,341
1424,594
1559,422
1586,882
1612,712
1586,817
1543,88
1562,666
1321,92
1511,486
1673,778
1717,607
1695,902
1679,66
1627,963
1655,312
1644,81
1635,147
1678,602
1737,729
1687,604
1645,613
1591,106
1521,403
1460,053
1411,097
1633,723
1593,304
1545,358
1529,4360000000001
1538,167
1590,472
1593,344
1624,755
1732,121
1834,957
1835,965
1884,149
1922,936
2027,684
2050,321
2082,409
1912,119
1850,058
1803,125
1782,146
1894,145
1790,645
1757,276
1577,373
1540,118
1464,609
1466,411
1479,315
1442,225
1459,365
1643,12
1527,029
1726,715
1829,489
1869,525
1755,215
1758,207
1804,116
1762,669
1870,175
1806,131
1744,545
1756,193
1738,944
1721,68
1721,063
1829,71
1832,847
1307,005
1110,097
1038,943
1069,8600000000001
1150,375
1209,472
1269,164
1466,332
1636,762
1696,603
1685,018
1675,529
1638,89
1659,727
1648,301
1636,693
1676,469
1754,676
1711,969
1658,16
1603,645
1604,053
1465,719
1297,376
1363,582
1452,842
1354,512
1327,909
1334,109
1322,22
1276,281
1449,65
1603,046
1650,998
1638,365
1590,319
1576,679
1608,857
1593,434
1570,792
1604,399
1687,341
1659,373
1616,675
1587,847
1520,31
1460,448
1397,846
1181,74
1217,626
1283,108
1187,7640000000001
1168,024
1097,382
1283,037
1513,092
1660,567
1709,96
1686,348
1656,737
1625,832
1649,252
1629,225
1610,648
1655,691
1742,883
1703,437
1654,488
1594,952
1552,1
1469,038
1324,38
1380,36
1342,647
1263,414
1273,534
1304,659
1304,981
1293,777
1503,493
1642,827
1706,13
1690,679
1672,856
1636,417
1661,447
1649,799
1638,857
1676,053
1767,36
1718,933
1666,217
1606,86
1563,652
1529,039
1489,329
1238,867
1210,839
1201,104
1155,6019999999999
1235,624
1340,89
1280,817
1491,843
1639,741
1695,741
1694,059
1692,885
1666,535
1700,327
1688,087
1667,496
1696,268
1774,798
1729,896
1675,261
1658,782
1590,868
1516,951
1589,713
1610,657
1471,776
1543,365
1332,039
1255,839
1499,062
1442,206
1611,558
1772,037
1760,245
1830,899
1884,378
1878,955
1957,777
2007,834
1983,437
1773,616
1858,308
1778,91
1789,576
1882,566
1909,634
2018,624
2002,964
1723,262
1752,872
1581,5839999999998
1446,375
1507,941
1638,654
1849,077
1879,475
1944,189
2075,376
2201,943
2230,437
2363,419
2348,395
2274,058
2235,788
2129,451
2063,818
2047,288
2077,991
2043,209
2067,3199999999997
2003,851
1992,213
1520,259
1396,2359999999999
1215,2179999999998
1210,5
1177,336
1447,671
1359,838
1488,848
1653,622
1704,181
1698,322
1683,201
1647,89
1658,655
1684,414
1730,966
1624,263
1688,733
1640,365
1606,361
1571,398
1523,221
1457,142
1358,339
1569,762
1391,726
1328,969
1368,821
1395,904
1477,815
1333,174
1518,764
1670,531
1716,162
1695,506
1664,976
1633,597
1654,402
1622,81
1591,937
1628,872
1743,48
1710,217
1667,814
1634,297
1710,534
1520,336
1544,848
1318,166
1221,359
1205,944
1199,749
1363,406
1615,831
1483,717
1575,414
1676,938
1719,779
1685,121
1683,521
1647,723
1674,836
1649,431
1620,672
1647,742
1751,489
1727,058
1685,468
1797,635
1712,288
1673,378
1612,581
1367,457
1276,929
1158,138
1210,711
1252,0030000000002
1323,812
1362,3
1588,394
1683,719
1723,999
1699,3
1686,47
1640,171
1647,365
1633,456
1612,009
1651,751
1766,584
1743,388
1694,174
1656,172
1578,854
1480,286
1326,754
1194,937
1142,375
1101,3690000000001
1078,5610000000001
1095,0259999999998
1175,832
1370,928
1542,502
1677,284
1716,213
1693,538
1673,486
1617,359
1637,586
1625,378
1602,581
1629,292
1753,626
1718,905
1657,798
1609,745
1531,97
1467,03
1417,722
1442,786
1275,193
1171,5720000000001
1183,3609999999999
1268,684
1349,153
1331,143
1540,05
1660,176
1903,99
1904,468
1889,191
1984,073
1928,365
1896,454
1793,042
1732,01
1749,398
1709,074
1825,209
1859,991
1515,846
1573,401
1562,935
1733,155
1626,733
1531,962
1354,54
1327,441
1445,76
1586,599
1581,229
1607,416
1686,805
1693,797
1717,949
1792,432
1983,167
1918,566
1925,9
1806,905
1845,568
1765,795
1778,564
1809,582
1827,218
1833,475
1648,269
1425,171
1227,52
1249,665
1068,5520000000001
1179,6970000000001
1355,7910000000002
1269,146
1449,352
1594,742
1626,527
1619,826
1764,21
1601,777
1646,083
1632,789
1597,156
1541,502
1677,208
1642,517
1596,718
1590,649
1697,33
1758,087
1605,844
1517,478
1492,396
1227,502
1089,1509999999998
1187,0439999999999
1390,638
1311,8
1467,393
1615,173
1653,128
1636,621
1609,462
1590,856
1614,355
1593,012
1545,116
1574,627
1674,049
1659,207
1584,263
1705,327
1605,152
1593,678
1381,185
1412,787
1104,467
1009,936
968,866
996,566
1198,527
1271,092
1408,53
1510,876
1546,475
1522,914
1490,299
1472,244
1546,693
1569,974
1548,112
1541,222
1634,955
1732,489
1624,314
1541,162
1557,19
1690,907
1531,467
1341,597
1217,0030000000002
1245,156
1202,012
1231,632
1213,133
1323,804
1464,218
1572,362
1603,067
1586,309
1544,131
1501,515
1520,733
1505,815
1467,458
1498,537
1650,588
1644,097
1608,618
1591,355
1659,472
1872,587
1742,08
1486,019
1403,46
1385,466
1388,923
1357,182
1433,386
1347,582
1499,832
1611,499
1629,811
1630,665
1585,261
1528,466
1545,017
1522,973
1493,943
1482,126
1603,641
1598,645
1545,324
1490,89
1473,401
1469,792
1463,312
1221,012
1144,274
1174,066
1099,382
1210,855
1304,993
1311,43
1388,236
1581,382
1644,767
1755,869
1672,875
1669,461
1581,706
1609,693
1665,007
1750,347
1599,504
1600,639
1541,355
1572,954
1443,455
1509,725
1508,206
1516,144
1480,9009999999998
1365,426
1238,405
1210,508
1318,454
1428,26
1448,903
1589,7
1600,471
1645,215
1852,043
1802,049
1732,539
1719,819
1759,622
1766,959
1766,212
1797,077
1731,497
1793,004
1851,479
1730,517
1690,686
1800,279
1644,5700000000002
1546,8890000000001
1516,429
1531,702
1548,607
1265,808
1390,041
1502,431
1525,24
1532,925
1541,297
1451,426
1482,564
1480,251
1471,669
1580,241
1599,227
1530,399
1490,084
1565,166
1634,855
1702,414
1688,24
1590,476
1504,6309999999999
1551,658
1423,011
1419,671
1359,4859999999999
1270,361
1399,147
1477,216
1500,764
1471,796
1482,835
1563,84
1592,589
1539,77
1518,739
1490,653
1559,282
1563,691
1571,255
1558,198
1539,971
1391,656
1388,743
1228,325
1064,9
1039,091
917,696
1043,3110000000001
1312,499
1300,055
1628,856
1817,797
2054,202
2130,871
2116,955
1998,214
1963,202
1873,377
1692,832
1704,439
1637,607
1632,878
1559,003
1581,506
1499,646
1470,838
1294,614
1147,233
1058,8890000000001
975,162
964,252
985,436
1163,673
1286,818
1448,481
1541,853
1665,908
1868,563
1977,957
1800,162
1743,181
1664,299
1621,671
1528,305
1647,143
1672,54
1634,765
1628,047
1880,059
1899,515
1744,354
1623,418
1394,683
1232,49
1238,844
1225,152
1352,738
1401,496
1498,392
1628,38
1719,038
1702,093
1627,799
1648,292
1712,437
1728,866
1695,631
1677,952
1685,144
1666,406
1726,699
1725,153
1690,332
1802,272
1776,591
1340,625
1332,509
1173,801
1057,395
1118,4479999999999
1192,8220000000001
1347,821
1407,802
1585,082
1645,765
1668,744
1655,986
1609,553
1674,516
1561,562
1522,67
1597,911
1586,008
1635,107
1698,718
1640,883
1662,15
1614,733
1598,867
1494,917
1380,164
1381,512
1312,126
1335,3139999999999
1461,175
1499,654
1613,292
1759,094
1922,629
1893,04
1718,965
1706,411
1776,349
1766,042
1696,323
1721,236
1714,816
1729,888
1757,087
1803,505
1890,674
1922,623
1761,756
1770,751
1710,954
1431,8029999999999
1332,638
1390,567
1598,739
1381,199
1439,448
1558,251
1598,077
1572,458
1616,8
1561,59
1583,378
1574,653
1485,175
1496,605
1575,121
1581,165
1536,712
1559,237
1593,958
1660,166
1483,422
1319,405
1199,075
1040,944
1053,545
1090,263
1206,201
1271,274
1409,397
1467,255
1484,106
1480,14
1476,783
1477,587
1507,169
1616,552
1478,032
1436,664
1544,024
1569,635
1538,763
1501,45
1516,814
1637,477
1534,552
1338,934
1202,35
1124,903
1155,164
1199,329
1242,0059999999999
1257,566
1377,355
1487,771
1507,079
1482,948
1473,617
1440,594
1518,237
1480,139
1419,078
1409,566
1524,018
1568,085
1532,405
1480,935
1501,212
1550,752
1556,122
1513,894
1403,423
1196,83
1160,313
1264,6979999999999
1335,8319999999999
1230,83
1431,495
1540,899
1561,246
1528,672
1501,486
1488,334
1554,31
1480,663
1441,433
1464,172
1798,28
1811,18
1816,416
1958,656
1744,705
1842,493
1680,7
1606,012
1412,966
1368,98
1394,679
1402,536
1493,348
1445,142
1378,121
1510,305
1541,791
1532,042
1564,819
1667,074
1624,465
1678,426
1619,795
1496,284
1534,57
1577,227
1531,609
1539,277
1675,746
1826,775
1874,611
1663,678
1510,6950000000002
1395,4389999999999
1232,228
1212,534
1297,511
1299,609
1394,602
1617,665
1811,314
1815,913
1788,639
1721,838
1815,385
1826,482
1836,881
1728,524
1766,53
1818,739
1748,654
1783,097
1854,82
1995,055
1717,873
1920,2
1687,53
1488,479
1413,684
1617,46
1763,645
1837,08
1914,911
1935,956
1997,63
2024,087
2083,459
2085,375
1980,071
1940,48
2000,79
1962,381
1896,148
1958,254
1947,505
2040,992
2084,9139999999998
2087,054
2171,9139999999998
1643,022
1476,1779999999999
1395,26
1375,76
1476,392
1515,635
1569,597
1455,603
1562,796
1624,767
1625,812
1690,246
1733,838
1684,824
1496,963
1347,745
1370,757
1682,831
1836,415
1776,866
1878,428
1637,021
1489,672
1537,907
1299,415
1071,191
969,211
1040,505
1109,203
1269,8339999999998
1294,93
1421,004
1517,78
1549,36
1544,837
1536,184
1502,229
1539,416
1617,591
1600,924
1463,326
1776,224
1860,213
1717,951
1676,298
1657,326
1657,373
1602,501
1240,502
1114,232
1116,659
1090,434
1159,752
1147,04
1254,418
1418,908
1473,161
1467,941
1438,177
1447,002
1415,168
1435,159
1434,63
1413,339
1397,272
1511,909
1583,549
1551,494
1573,403
1556,16
1864,379
1761,902
1580,839
1404,9070000000002
1260,659
1136,755
1205,7060000000001
1395,799
1537,869
1503,184
1687,642
1715,337
1813,97
1997,943
1981,698
1933,519
1861,531
1825,812
1477,172
1541,249
1612,96
1593,072
1599,918
1774,779
1807,473
1688,055
1528,531
1479,929
1314,7930000000001
1162,796
1316,673
1452,703
1514,947
1446,291
1531,357
1546,913
1485,429
1463,967
1428,034
1454,671
1468,101
1454,327
1465,398
1551,734
1781,921
1723,479
1764,733
1767,892
1695,155
1655,063
1465,226
1268,888
1065,762
1077,5810000000001
1131,637
1278,8200000000002
1413,662
1535,928
1794,048
1879,717
1808,996
1731,422
1705,998
1749,73
1734,931
1735,932
1709,395
1613,053
1733,962
1747,789
1709,323
1669,524
1750,065
1651,811
1302,292
1168,433
1080,446
1003,112
1049,397
1115,6860000000001
1176,248
1502,82
1760,909
1899,615
1908,486
1838,029
1738,223
1755,734
1766,396
1789,097
1791,759
1847,585
1941,119
1696,31
1737,024
1756,902
1569,078
1458,853
1194,679
1002,541
824,591
908,014
927,899
1165,675
1385,075
1457,776
1476,509
1568,345
1595,526
1574,01
1524,517
1567,235
1532,429
1436,403
1366,577
1436,834
1565,885
1533,271
1553,04
1616,305
1602,503
1545,824
1232,223
1198,767
1245,6680000000001
1218,846
1253,3339999999998
1335,348
1452,789
1409,924
1490,794
1491,755
1441,043
1474,749
1478,875
1448,48
1398,539
1390,699
1358,26
1439,629
1534,893
1504,496
1455,408
1411,647
1619,582
1388,317
1072,48
995,049
902,703
890,421
985,708
1138,664
1209,644
1330,26
1426,239
1424,121
1390,115
1373,728
1358,878
1417,359
1505,779
1407,79
1521,339
1522,954
1555,052
1508,222
1454,383
1400,294
1342,736
1265,989
1017,093
920,506
867,554
850,547
864,946
962,327
1166,333
1319,119
1426,657
1465,054
1451,857
1489,507
1516,463
1491,734
1459,963
1410,617
1384,528
1479,793
1578,248
1544,321
1498,544
1409,117
1572,687
1427,188
1210,345
1094,161
1073,471
960,217
1101,2649999999999
1413,079
1566,453
1594,801
1776,525
1855,024
1973,144
1846,828
2010,459
1986,569
1834,54
1697,467
1629,317
1567,869
1592,154
1559,868
1515,942
1616,611
1631,33
1539,745
1347,654
1281,75
1156,296
1099,7440000000001
1091,496
1282,804
1184,634
1384,832
1573,93
1753,113
1794,273
1817,067
1755,328
1786,195
1923,705
1955,115
1731,181
1685,258
1624,274
1584,803
1652,439
1592,776
1857,356
1665,61
1524,74
1586,176
1519,146
1541,295
1523,0030000000002
1461,9679999999998
1405,721
1444,046
1495,401
1543,116
1528,382
1570,65
1597,54
1640,104
1756,517
1905,69
1837,549
1786,292
1646,312
1561,016
1596,784
1679,509
1595,071
1498,429
1029,03
1027,181
843,93
856,216
950,114
1059,871
1005,255
1155,426
1295,734
1397,688
1391,984
1390,95
1347,066
1373,885
1324,612
1305,082
1289,514
1366,149
1457,396
1463,263
1393,217
1289,025
1205,461
1056,462
955,602
848,509
805,139
793,274
838,327
1038,286
1071,152
1262,79
1429,197
1486,732
1539,664
1535,341
1500,658
1543,271
1443,106
1355,27
1318,85
1349,77
1453,812
1429,944
1388,291
1319,764
1235,363
1091,43
1005,137
944,293
910,108
889,557
890,0
964,744
1100,295
1295,601
1404,987
1437,325
1430,492
1432,085
1413,294
1441,805
1434,911
1401,439
1374,369
1434,536
1517,983
1484,674
1445,141
1390,801
1292,091
1137,09
1033,2240000000002
940,73
893,618
879,427
913,088
1018,354
1126,086
1337,062
1435,038
1437,729
1402,094
1370,398
1338,545
1368,673
1352,028
1321,828
1303,254
1364,208
1508,24
1490,476
1443,075
1368,597
1291,763
1153,687
1042,2530000000002
961,807
917,142
894,715
921,676
1068,866
1141,254
1322,501
1424,051
1446,308
1419,442
1406,043
1383,327
1428,78
1428,736
1409,654
1386,852
1416,32
1486,535
1454,23
1432,274
1377,699
1293,08
1159,097
1053,732
991,327
960,539
924,779
928,388
965,762
1039,943
1190,017
1347,042
1458,806
1486,038
1440,675
1434,074
1469,169
1655,439
1663,969
1512,35
1391,047
1469,372
1439,615
1379,513
1325,224
1262,502
1128,355
1032,774
969,248
915,185
884,336
897,961
933,069
977,814
1109,796
1272,037
1524,488
1583,966
1713,66
1766,825
1692,333
1728,626
1830,643
1623,874
1585,111
1727,215
1649,358
1524,646
1411,62
1308,244
1236,991
999,357
914,579
985,879
839,696
883,069
978,455
1122,367
1346,641
1467,074
1496,44
1493,173
1461,738
1406,753
1434,953
1423,298
1398,208
1363,472
1420,345
1514,089
1502,445
1444,533
1375,333
1299,005
1137,623
1019,762
928,815
882,715
870,254
895,324
1001,867
1157,124
1347,443
1459,932
1478,184
1445,605
1424,424
1393,597
1426,453
1417,122
1395,66
1374,362
1417,137
1532,522
1516,564
1471,051
1426,585
1345,193
1184,547
1079,034
996,02
922,623
913,683
1007,704
1014,249
1191,422
1339,145
1449,243
1467,446
1441,146
1440,307
1425,2
1475,805
1455,045
1384,892
1373,749
1341,118
1502,665
1503,643
1449,019
1387,702
1304,716
1176,305
1018,349
929,423
879,265
861,056
881,705
971,475
1079,092
1294,943
1402,057
1437,14
1431,263
1412,695
1344,779
1422,137
1386,829
1341,417
1257,596
1289,479
1458,898
1462,273
1398,633
1309,35
1228,287
1096,172
960,296
899,029
848,183
820,656
849,564
929,909
1026,823
1239,581
1348,089
1359,522
1383,054
1347,108
1299,746
1392,212
1422,173
1396,742
1379,682
1357,862
1438,211
1416,629
1400,898
1311,859
1161,484
1062,979
942,978
907,409
869,426
847,539
817,954
893,745
974,652
1289,347
1338,485
1609,699
1578,057
1527,403
1461,375
1578,36
1585,599
1746,468
1577,134
1668,656
1663,135
1519,046
1588,826
1580,442
1432,655
1311,2069999999999
1122,615
967,066
963,11
922,654
833,74
868,346
965,63
1114,6190000000001
1282,091
1482,647
1553,745
1715,636
1630,861
1642,329
1679,563
1609,905
1489,848
1509,822
1530,719
1490,096
1500,709
1417,71
1301,807
1166,551
951,175
859,63
890,906
802,268
833,376
935,827
1068,863
1297,209
1402,126
1485,847
1467,162
1459,173
1388,332
1395,531
1393,869
1319,589
1285,707
1303,096
1468,874
1477,76
1413,557
1315,724
1244,665
1122,128
988,995
924,109
866,161
849,501
882,719
947,677
1048,247
1250,973
1372,549
1396,594
1366,1
1354,887
1333,753
1367,21
1341,832
1301,167
1251,501
1274,154
1444,712
1466,613
1420,468
1370,043
1238,097
1069,855
996,648
905,418
869,054
868,716
945,093
960,289
1103,9740000000002
1261,293
1348,298
1386,437
1361,188
1353,622
1340,412
1425,975
1411,732
1337,82
1267,47
1296,157
1440,931
1443,634
1660,437
1589,214
1260,695
1159,636
1025,913
874,824
815,069
808,545
872,095
909,091
1016,104
1201,876
1299,71
1342,913
1327,816
1340,782
1303,288
1370,776
1343,781
1287,144
1208,862
1280,173
1417,613
1446,119
1367,784
1282,01
1196,828
1068,399
960,446
866,992
834,094
814,636
843,711
914,635
1015,417
1175,428
1285,037
1322,237
1300,461
1285,491
1273,008
1315,376
1299,464
1246,281
1198,024
1217,795
1391,752
1405,973
1364,278
1254,995
1152,842
1033,6190000000001
1263,257
1192,7359999999999
1120,005
1096,4650000000001
1126,112
1162,114
1212,425
1353,442
1465,497
1510,154
1530,119
1488,052
1391,708
1414,906
1480,348
1532,867
1460,463
1393,241
1449,233
1386,349
1342,184
1228,89
1166,29
1138,728
1167,7849999999999
1155,027
1167,999
1142,8029999999999
1163,79
1204,034
1277,94
1580,738
1587,786
1634,524
1730,192
1759,085
1798,387
1828,637
1867,348
1879,637
1942,415
1917,285
1919,658
1815,168
1737,563
1639,832
1491,222
1334,53
1222,466
1045,434
942,246
935,453
962,285
1227,199
1224,217
1528,89
1616,006
1666,512
1619,657
1686,121
1736,149
1662,826
1621,469
1474,471
1498,349
1506,366
1460,659
1458,898
1428,616
1348,45
1262,157
1167,399
1020,244
992,285
950,511
921,135
909,767
949,083
1058,191
1323,239
1427,711
1528,516
1525,054
1558,58
1642,414
1701,369
1606,454
1506,285
1422,947
1400,061
1479,153
1486,439
1596,64
1367,127
1373,557
1214,251
1091,591
1043,132
992,797
962,274
969,184
989,943
1083,391
1325,725
1439,597
1526,013
1548,761
1564,022
1552,167
1615,284
1590,138
1525,079
1449,118
1443,41
1499,454
1489,309
1439,801
1358,48
1433,093
1243,971
1049,732
1010,551
1009,79
942,678
942,061
965,366
1074,03
1365,008
1442,139
1525,642
1547,746
1580,235
1601,531
1686,729
1641,913
1523,735
1433,346
1413,237
1476,025
1466,572
1431,92
1336,464
1281,195
1170,818
1060,411
977,186
901,709
886,698
892,048
931,022
1030,4470000000001
1237,788
1360,826
1434,902
1437,781
1459,005
1461,189
1509,806
1467,052
1395,377
1342,517
1351,03
1405,04
1409,548
1363,943
1304,78
1405,331
1223,122
1162,1660000000002
1030,0059999999999
1120,1109999999999
1115,934
1122,873
1014,195
1295,982
1550,55
1541,51
1616,16
1532,099
1465,198
1530,503
1698,773
1683,589
1593,098
1609,623
1596,848
1579,957
1544,871
1590,332
1568,368
1504,318
1394,976
1477,9389999999999
1288,9009999999998
765,337
1272,3890000000001
1236,364
1220,62
1269,725
1597,185
1606,864
1649,205
1575,377
1433,723
1483,912
1523,59
1592,793
1687,313
1653,395
1738,28
1784,863
1685,626
1592,035
1539,735
1439,267
1440,342
1218,152
1168,201
1286,862
1111,42
1171,048
1397,659
1371,1
1572,468
1510,256
1564,831
1512,45
1440,703
1394,911
1408,704
1364,639
1304,349
1348,273
1536,213
1686,839
1593,867
1585,559
1715,196
1521,663
1246,7820000000002
977,429
877,081
843,77
819,242
868,127
1085,3429999999998
1173,938
1303,268
1406,236
1475,618
1474,236
1460,926
1473,065
1581,424
1547,91
1494,46
1416,551
1286,387
1442,27
1404,606
1565,277
1593,393
1209,029
1246,146
952,435
875,486
854,017
843,419
903,412
1002,326
1213,734
1451,745
1514,517
1683,411
1703,158
1624,364
1656,555
1750,515
1757,776
1670,103
1534,102
1534,348
1612,883
1452,871
1365,048
1243,791
1187,273
1082,779
1117,663
989,424
902,359
883,945
1085,615
1230,51
1245,827
1414,754
1492,596
1536,289
1494,257
1480,961
1434,031
1472,169
1535,139
1461,297
1310,704
1420,786
1549,027
1539,816
1403,409
1316,933
1227,119
1180,895
1042,088
1038,2240000000002
940,616
911,507
991,64
1205,171
1253,213
1357,475
1409,568
1396,386
1392,225
1357,025
1345,98
1382,892
1348,299
1276,736
1242,374
1318,307
1454,724
1430,175
1336,43
1308,317
1357,814
1171,7069999999999
1209,105
1063,246
951,916
1022,787
1099,558
1144,5639999999999
1343,663
1708,839
1752,242
1857,451
1935,923
1911,563
1897,479
1886,142
1870,525
1839,234
1764,144
1735,621
1688,794
1550,469
1372,277
1345,874
1297,457
1180,406
1001,597
829,02
822,899
812,283
816,784
828,6
977,409
1179,179
1289,014
1324,541
1415,545
1474,409
1504,501
1622,427
1629,868
1599,876
1741,235
1721,513
1596,398
1573,312
1377,691
1166,086
1038,154
941,647
909,857
936,746
1232,1770000000001
977,081
1043,3429999999998
1089,214
1180,127
1303,317
1339,189
1380,861
1443,849
1446,1
1466,52
1518,295
1487,603
1407,412
1315,802
1275,432
1385,763
1447,617
1321,624
1160,804
1100,552
1048,402
974,875
917,746
902,448
904,144
959,572
1026,621
1194,08
1267,533
1307,58
1292,828
1275,741
1260,924
1297,446
1334,352
1300,668
1190,424
1117,354
1141,883
1291,096
1361,349
1252,947
1122,106
1068,4099999999999
969,029
883,57
860,298
852,198
868,125
920,036
964,999
1162,868
1286,262
1306,61
1302,461
1287,201
1261,454
1302,061
1342,383
1309,023
1214,097
1150,822
1158,565
1320,452
1385,714
1272,203
1136,791
1068,435
952,691
917,891
876,464
856,386
859,753
907,214
997,235
1197,367
1315,474
1374,236
1323,891
1298,359
1323,05
1334,402
1400,012
1330,06
1248,642
1163,299
1161,128
1330,519
1404,566
1276,363
1148,958
1065,807
951,079
1056,1599999999999
945,328
817,04
825,596
881,731
1041,147
1343,666
1592,133
1643,458
1582,209
1481,035
1603,334
1644,35
1599,417
1575,381
1480,698
1439,476
1410,376
1472,037
1635,837
1489,664
1418,225
1297,693
1162,935
866,335
805,659
789,924
784,008
834,006
933,839
1148,9099999999999
1477,02
1599,393
1675,269
1720,863
1605,854
1434,376
1524,282
1582,552
1577,684
1617,927
1673,021
1700,021
1712,011
1571,026
1570,486
1531,8600000000001
1219,964
1086,104
999,545
1001,061
986,054
1023,242
1080,771
1291,859
1499,577
1494,048
1444,74
1645,612
1642,118
1555,547
1634,671
1619,958
1629,062
1624,259
1557,921
1488,615
1587,073
1407,047
1250,275
1137,277
948,862
940,643
1058,568
999,812
960,357
1097,746
1157,376
1359,64
1557,311
1612,77
1629,102
1769,523
1711,37
1730,01
1897,858
1907,678
1880,415
1792,284
1523,941
1581,153
1683,485
1579,836
1474,91
1400,359
1204,741
977,48
845,097
771,429
852,902
950,29
984,734
1236,352
1326,564
1486,991
1506,46
1528,736
1631,069
1681,298
1780,486
1801,646
1653,196
1608,402
1372,791
1458,392
1343,992
1232,414
1260,104
1161,216
1023,653
954,64
917,042
879,891
867,457
865,498
958,283
1196,311
1401,4
1380,126
1354,778
1450,732
1428,967
1447,247
1489,196
1475,77
1368,523
1231,479
1209,108
1271,845
1385,127
1291,692
1176,904
1176,609
1004,809
967,013
874,65
851,136
859,559
899,834
998,92
1193,17
1294,834
1333,322
1315,865
1293,296
1296,146
1330,613
1366,181
1370,49
1306,076
1302,006
1168,086
1317,5
1394,992
1287,137
1143,019
1091,778
1025,5140000000001
909,763
846,95
790,468
786,265
808,671
872,76
1037,3110000000001
1207,395
1198,436
1199,633
1203,054
1234,465
1268,29
1300,021
1255,052
1160,381
1093,203
1241,396
1293,442
1272,86
1180,226
1237,385
1180,807
1038,478
1245,0700000000002
1141,509
1029,2179999999998
980,47
962,396
1056,9279999999999
1266,762
1639,133
1739,363
1696,362
1670,896
1647,791
1686,123
1783,282
1719,414
1637,03
1622,586
1544,367
1677,538
1703,259
1470,586
1334,906
1425,626
1389,6019999999999
1342,946
1179,281
1145,646
1146,033
1175,0230000000001
1132,949
1236,038
1490,623
1622,473
1613,564
1516,469
1616,513
1596,05
1579,408
1435,647
1568,464
1509,0140000000001
1427,525
1551,766
1629,278
1441,388
1462,0149999999999
1453,7910000000002
1304,222
1121,507
1081,508
996,806
949,157
974,896
1005,607
1058,33
1282,399
1384,339
1389,705
1445,023
1367,181
1483,603
1567,006
1644,763
1605,572
1435,67
1318,356
1356,256
1367,524
1270,975
1219,3200000000002
1094,954
1002,878
805,189
796,8
795,264
826,73
822,418
868,877
1072,649
1226,258
1274,703
1310,021
1363,946
1316,329
1413,951
1432,538
1371,682
1262,565
1204,966
1179,808
1216,637
1281,435
1198,786
1077,202
1094,478
958,508
1042,8890000000001
863,623
849,903
882,416
886,581
1021,935
1154,212
1358,68
1288,328
1270,995
1259,178
1238,488
1242,218
1339,424
1362,001
1251,941
1115,512
1119,868
1190,178
1345,626
1259,253
1111,784
1017,26
971,031
830,376
782,779
765,755
783,421
829,33
933,779
1135,415
1327,643
1343,067
1325,676
1300,771
1238,719
1274,794
1348,516
1307,423
1229,612
1165,739
1181,262
1277,527
1432,607
1387,19
1226,232
1088,239
935,467
942,647
881,164
906,942
872,346
830,892
928,547
1078,125
1234,731
1233,858
1213,699
1232,149
1263,129
1278,001
1237,747
1200,649
1147,619
1116,737
1256,138
1328,194
1319,893
1236,9
1093,762
1025,094
964,163
1200,4
1213,777
1258,159
1231,53
1164,239
1159,233
1319,124
1386,51
1398,763
1262,424
1262,837
1274,77
1368,657
1441,499
1453,446
1395,454
1257,15
1304,827
1492,688
1518,014
1355,057
1236,908
1228,115
1111,6219999999998
1038,4099999999999
987,183
1005,584
962,219
829,963
768,97
896,803
1029,933
1172,626
1207,675
1292,187
1204,395
1438,865
1528,66
1637,44
1679,301
1672,979
1585,504
1600,041
1440,741
1237,134
1235,23
1293,9189999999999
1140,5030000000002
1204,212
1195,463
1149,7730000000001
1166,8310000000001
1073,78
1102,4650000000001
1256,993
1153,298
1199,488
1189,344
1320,889
1287,47
1328,514
1437,929
1477,631
1373,748
1308,277
1315,486
1272,524
1295,629
1222,878
1072,71
1074,3890000000001
933,006
1039,513
978,189
953,266
918,74
880,504
907,803
1106,067
1177,026
1211,489
1209,656
1240,873
1274,706
1250,688
1298,724
1246,478
1180,43
1132,05
1189,375
1280,228
1288,44
1213,023
1074,079
1000,614
899,963
865,502
837,122
854,545
822,452
823,633
909,024
1102,676
1190,199
1240,537
1253,38
1374,791
1338,651
1377,53
1421,864
1356,733
1352,858
1305,228
1340,871
1366,922
1352,09
1243,857
1186,406
1080,342
1029,249
1051,612
974,339
1013,578
1006,105
946,038
1073,671
1077,096
1160,144
1198,991
1250,057
1276,707
1229,005
1245,036
1260,527
1242,034
1168,212
1132,378
1200,041
1248,6
1289,331
1214,496
1111,011
1099,8890000000001
1261,846
1204,483
1270,8809999999999
1277,876
1265,366
1132,528
1104,216
1204,2640000000001
1348,973
1466,438
1425,338
1487,805
1494,016
1410,27
1574,9679999999998
1517,5610000000001
1454,1309999999999
1395,536
1465,123
1674,131
1661,527
1517,688
1533,882
1592,315
1445,304
1220,252
1114,406
1127,199
1015,66
950,457
941,173
1045,317
1230,8310000000001
1279,9189999999999
1285,383
1342,639
1490,043
1488,781
1700,48
1805,325
1553,455
1569,745
1577,144
1618,95
1477,787
1354,856
1331,031
1247,062
1165,883
1286,018
1222,233
1269,5140000000001
1235,518
1104,909
993,119
1011,469
1346,8200000000002
1578,958
1544,299
1548,616
1604,394
1724,818
1669,251
1657,019
1650,381
1708,337
1703,191
1809,276
1806,32
1616,036
1588,516
1474,4650000000001
1420,9589999999998
1296,0839999999998
1191,905
1199,046
1082,271
949,074
1069,644
1263,331
1256,992
1405,251
1662,868
1712,075
1532,551
1556,638
1474,031
1425,224
1405,057
1317,84
1374,881
1452,541
1440,892
1256,489
1182,671
1155,728
1056,829
1115,223
975,611
1012,48
1049,091
972,279
1001,272
1069,552
1169,221
1204,811
1247,906
1205,806
1284,762
1246,914
1278,455
1229,505
1206,414
1124,594
1185,32
1411,475
1316,186
1218,809
1074,64
1144,7
923,98
985,733
896,68
832,61
824,177
815,292
921,578
1074,551
1170,997
1306,219
1373,392
1372,613
1298,869
1268,724
1317,547
1243,082
1157,15
1118,276
1156,447
1333,803
1227,275
1202,88
1082,884
1119,5030000000002
911,587
858,996
860,192
841,77
807,352
804,653
926,49
1080,749
1186,078
1223,983
1205,738
1221,41
1224,894
1223,845
1227,181
1187,285
1161,156
1096,649
1135,813
1392,146
1275,705
1257,942
1129,608
1092,263
917,427
1133,6660000000002
1059,558
1011,782
932,332
819,717
909,991
1072,085
1150,331
1167,736
1155,904
1152,731
1159,084
1178,535
1224,714
1203,294
1144,605
1125,325
1153,081
1274,599
1228,9
1214,592
1092,624
1070,444
1020,568
1170,404
1327,6109999999999
1259,921
1181,1219999999998
1032,176
1088,33
1206,136
1305,067
1334,786
1316,296
1299,626
1301,615
1286,947
1323,787
1309,673
1323,177
1314,466
1350,678
1437,491
1407,01
1311,447
1203,318
1137,406
1040,513
1377,596
1463,0529999999999
1419,281
1224,438
1126,058
1123,2150000000001
1193,179
1353,754
1464,598
1505,762
1499,773
1473,859
1615,921
1641,616
1602,533
1638,879
1694,21
1710,566
1812,318
1677,253
1530,908
1469,412
1377,817
1341,935
1406,991
1412,231
1351,644
1319,238
1259,387
1333,7
1423,79
1143,126
1174,608
1188,549
1195,653
1190,656
1267,649
1227,0
1208,298
1181,482
1124,686
1138,7
1248,157
1311,69
1241,379
1318,144
1234,808
1202,3339999999998
870,748
866,434
912,868
900,235
784,698
871,624
1042,0410000000002
1170,117
1251,345
1218,414
1235,65
1307,351
1356,264
1360,03
1356,206
1325,288
1386,826
1385,373
1308,927
1234,974
1175,024
1082,115
1149,316
1073,726
988,331
902,795
876,405
832,735
858,151
978,36
1080,151
1149,845
1197,21
1364,388
1451,538
1384,778
1503,539
1502,509
1467,656
1429,538
1336,885
1353,189
1387,359
1354,907
1255,677
1344,705
1194,8110000000001
1067,2469999999998
1041,958
944,658
846,084
782,873
772,1
871,258
1012,793
1239,602
1228,849
1296,635
1378,229
1294,181
1332,693
1350,12
1335,484
1319,092
1240,165
1271,771
1430,876
1448,965
1447,035
1307,609
1437,391
1316,67
1224,2559999999999
1112,2269999999999
950,447
814,963
765,585
876,817
1051,3609999999999
1330,486
1292,099
1340,821
1383,619
1366,544
1380,088
1422,221
1374,201
1329,315
1282,328
1226,736
1328,06
1334,186
1206,086
1210,046
1168,591
1129,0900000000001
1173,4
1139,909
1102,232
992,706
920,679
955,948
1175,6689999999999
1289,603
1380,089
1434,46
1458,945
1511,829
1529,543
1588,134
1644,647
1568,273
1523,221
1599,087
1642,954
1640,454
1493,318
1541,706
1452,38
1221,251
1276,7240000000002
1146,856
1074,7240000000002
1133,108
1010,724
1002,365
1039,358
1217,873
1325,021
1437,205
1627,398
1562,29
1574,96
1699,411
1735,218
1726,862
1640,689
1629,867
1615,405
1704,521
1510,191
1469,181
1428,1219999999998
1295,951
1330,499
1237,077
1060,729
1076,0819999999999
1123,028
1205,129
1255,938
1304,44
1402,244
1415,78
1452,79
1443,554
1477,617
1493,29
1542,598
1510,345
1368,478
1351,24
1439,179
1410,814
1319,608
1294,366
1340,2640000000001
1309,479
1270,9740000000002
1212,606
1124,37
1080,179
1054,087
1168,0839999999998
1261,0349999999999
1299,921
1301,148
1305,507
1397,594
1244,276
1231,659
1274,996
1295,51
1313,902
1500,131
1509,549
1544,246
1285,059
1171,859
1245,705
1371,641
1282,833
1305,491
1172,858
1157,117
1132,008
1056,961
1168,4740000000002
1192,455
1170,181
1217,424
1517,463
1565,067
1614,723
1578,489
1677,027
1710,43
1530,75
1506,534
1578,077
1543,186
1209,586
1140,904
1043,605
1195,26
1091,188
815,091
775,719
742,494
717,354
720,274
850,063
1038,433
1490,586
1555,564
1576,319
1599,711
1720,074
1841,315
1807,231
1795,812
1807,944
1864,373
1989,742
1955,217
1954,885
1737,402
1739,854
1740,019
1284,025
1080,4479999999999
978,094
831,405
745,153
735,187
863,573
1155,5349999999999
1204,207
1240,018
1247,117
1253,346
1247,461
1262,844
1325,61
1317,836
1326,922
1296,46
1245,685
1258,956
1320,486
1238,057
1099,434
1155,298
1030,786
950,576
1081,054
973,827
891,654
808,885
845,471
972,389
1168,894
1321,987
1426,734
1382,533
1350,9
1319,022
1405,92
1454,234
1510,158
1438,601
1412,214
1482,417
1452,061
1409,75
1322,341
1406,489
1185,2240000000002
1143,757
1201,642
1142,818
1058,4009999999998
1127,809
1305,2530000000002
1373,06
1360,94
1529,4099999999999
1519,859
1510,984
1506,661
1392,642
1502,268
1517,399
1512,3809999999999
1410,8899999999999
1348,846
1358,507
1307,554
1325,169
1196,0810000000001
1224,365
1031,191
863,359
687,375
659,068
679,452
681,648
800,557
957,289
1155,324
1129,762
1117,357
1108,112
1073,777
1067,762
1082,276
1127,713
1106,5549999999998
1145,036
1252,511
1267,583
1253,663
1344,714
1235,076
1291,644
960,376
1039,114
891,468
782,683
766,396
761,298
981,489
1265,083
1339,093
1422,343
1576,515
1605,602
1533,124
1465,003
1479,082
1477,916
1413,736
1400,374
1425,601
1397,297
1336,258
1210,366
1132,197
1138,563
940,779
757,429
690,318
673,112
683,208
706,222
836,612
1057,016
1305,445
1375,593
1447,157
1427,777
1468,979
1559,773
1583,95
1578,49
1516,857
1449,503
1407,588
1362,406
1367,568
1272,036
1188,861
1029,3220000000001
840,556
768,841
701,071
683,774
692,208
711,279
846,844
1057,902
1362,17
1338,44
1353,317
1275,863
1204,215
1267,056
1361,318
1351,597
1271,834
1236,42
1322,766
1417,414
1549,553
1449,658
1388,497
1193,839
1024,025
866,65
741,908
698,215
714,353
734,195
950,593
1197,57
1437,418
1539,72
1521,016
1491,844
1314,116
1260,546
1334,799
1320,072
1313,264
1265,463
1270,91
1569,623
1586,177
1480,086
1365,803
1373,161
1160,798
1204,788
1190,801
1101,914
1070,837
1039,8609999999999
1137,162
1390,757
1649,958
1675,696
1723,449
1711,646
1629,24
1604,636
1713,224
1711,241
1670,595
1639,029
1597,174
1563,391
1624,947
1470,175
1381,279
1412,649
1352,087
1323,493
1243,863
1194,098
1269,786
1226,403
1290,4569999999999
1382,914
1703,267
1689,995
1801,797
1860,582
1848,644
1694,215
1797,982
1824,308
1876,982
1790,138
1698,323
1788,756
1964,861
1960,763
1932,592
1807,725
1607,827
1277,9969999999998
1169,27
1168,219
1151,258
1213,3609999999999
1403,2640000000001
1688,192
1914,29
1951,761
1939,991
1883,336
1805,012
1750,133
1779,192
1768,034
1712,096
1587,997
1611,434
1664,806
1752,834
1726,732
1603,975
1524,6860000000001
1398,6970000000001
1269,408
1123,493
1123,463
1077,768
1111,741
1232,1779999999999
1418,047
1556,086
1629,133
1632,337
1753,612
1724,214
1679,177
1693,73
1672,784
1553,229
1520,53
1424,499
1234,538
1236,37
1413,808
1312,051
1207,796
1275,9070000000002
1278,7069999999999
1214,2269999999999
1267,0720000000001
1247,991
1230,301
1330,851
1292,784
1233,991
1328,005
1437,539
1569,209
1548,006
1516,395
1475,575
1503,282
1519,701
1445,73
1406,259
1263,0
1261,975
1334,817
1253,858
1342,755
1350,01
1250,4279999999999
1069,03
1083,367
1099,074
1116,868
1316,328
1372,973
1411,271
1432,139
1603,255
1678,36
1578,908
1394,716
1425,511
1428,265
1413,413
1407,429
1474,518
1453,338
1473,458
1442,647
1323,669
1232,094
1095,81
956,439
846,901
751,784
802,032
838,135
1082,9769999999999
1320,91
1342,977
1302,982
1615,748
1601,072
1496,812
1493,712
1513,046
1534,864
1460,996
1395,785
1357,097
1333,103
1453,888
1545,356
1322,015
1149,73
1054,612
1272,403
1104,658
1141,491
1199,038
1130,021
1245,422
1413,577
1499,435
1602,45
1679,319
1675,248
1766,561
1752,12
1767,79
1800,593
1754,381
1638,943
1439,443
1505,747
1523,959
1493,405
1313,834
1359,441
1388,4279999999999
1391,6019999999999
1277,394
1240,414
1327,8600000000001
1374,409
1439,5320000000002
1591,164
1803,883
1897,703
1913,404
1847,359
1745,208
1705,08
1680,43
1706,934
1699,471
1683,156
1718,1979999999999
1677,2060000000001
1662,586
1678,576
1507,071
1642,062
1619,533
1356,842
1187,902
1085,269
1240,518
1200,766
1382,988
1208,612
1257,729
1301,008
1230,02
1347,577
1258,435
1396,123
1408,414
1505,725
1507,695
1536,093
1318,298
1213,351
1308,66
1228,299
1091,156
1218,856
1200,3339999999998
1289,8600000000001
1183,5549999999998
1101,21
1144,973
1157,374
1299,113
1227,791
1178,413
1220,642
1575,52
1681,163
1536,904
1645,808
1418,492
1513,144
1397,415
1282,323
1222,971
1215,824
1235,101
1333,392
1488,13
1485,603
1397,454
1254,23
1128,5349999999999
1065,924
1107,6779999999999
1096,9180000000001
1306,142
1527,248
1233,65
1343,527
1301,521
1292,015
1292,539
1299,625
1386,794
1459,633
1430,639
1386,952
1338,023
1260,077
1278,998
1526,28
1461,031
1451,754
1378,976
1269,1680000000001
1090,242
1066,2640000000001
1087,437
1073,487
1263,196
1276,423
1332,798
1310,587
1430,03
1445,969
1502,569
1523,252
1489,441
1471,024
1327,401
1325,854
1339,349
1432,888
1343,295
1322,812
1240,098
1352,9479999999999
1247,1100000000001
1383,712
1346,2469999999998
1300,73
1321,13
1326,981
1516,402
1447,384
1439,62
1423,545
1398,456
1471,091
1503,912
1527,011
1982,52
2027,362
1885,659
1642,74
1561,618
1689,631
1542,991
1561,958
1412,534
1480,422
1429,8200000000002
1257,8600000000001
1433,873
1274,597
1297,941
1343,7
1467,809
1623,616
1783,34
1878,773
1786,626
1808,108
1767,537
1692,791
1735,963
1694,295
1739,813
1671,735
1688,888
1641,635
1604,817
1654,827
1624,949
1678,0230000000001
1254,0639999999999
1315,31
1229,008
1185,126
1314,3139999999999
1185,0259999999998
1269,8980000000001
1332,135
1519,484
1453,761
1559,078
1664,406
1686,381
1723,501
1500,939
1497,708
1472,124
1475,6
1480,429
1380,64
1437,691
1463,013
1227,732
1337,904
1303,5430000000001
1180,903
1091,982
882,188
975,223
983,248
1167,0259999999998
1137,021
1198,793
1231,331
1236,973
1259,062
1264,501
1269,127
1298,033
1301,453
1279,021
1263,215
1226,041
1260,397
1294,233
1221,616
1100,94
1080,266
1105,836
1247,8029999999999
1100,335
1000,396
1057,237
1039,254
1239,3310000000001
1122,543
1273,251
1353,31
1344,282
1325,328
1367,794
1347,339
1383,048
1342,808
1293,255
1322,982
1219,242
1277,937
1310,771
1282,425
1108,44
1146,691
1032,9740000000002
1197,75
1115,4299999999998
1048,115
1000,134
1042,204
1192,24
1134,732
1221,749
1369,487
1346,722
1296,175
1334,307
1312,148
1369,629
1368,364
1320,616
1303,763
1229,268
1379,67
1459,227
1415,431
1233,398
1089,329
1045,911
1035,7350000000001
862,549
861,191
874,23
905,937
993,361
1146,992
1321,08
1391,307
1321,498
1258,91
1246,461
1267,269
1424,292
1384,185
1305,916
1188,605
1187,158
1223,831
1304,61
1287,324
1205,449
1129,957
940,926
1019,738
891,782
891,86
898,092
933,16
1018,771
1237,069
1272,741
1271,067
1344,244
1324,648
1295,171
1354,278
1408,008
1369,443
1271,082
1176,725
1229,032
1242,779
1187,635
1412,338
1382,996
1494,547
1386,0410000000002
1429,067
1302,617
1212,618
1183,768
1117,623
1242,795
1399,365
1644,609
1897,433
2064,4030000000002
1929,157
1794,016
1826,756
1832,438
1882,109
1917,741
1777,824
1804,413
1751,949
1706,609
1838,487
1704,589
1742,183
1582,953
1498,2469999999998
1244,888
1078,2240000000002
1064,978
1212,3429999999998
1185,717
1375,278
1496,118
1455,49
1705,48
1789,881
1833,299
1802,563
1724,907
1816,1
1849,558
1766,129
1762,545
1774,325
1733,249
1928,435
1827,897
1745,5259999999998
1563,3
1246,383
1066,9650000000001
925,066
1044,95
1065,925
1273,493
1250,594
1335,191
1533,522
1639,073
1576,635
1604,927
1705,328
1707,607
1668,569
1603,347
1507,3
1413,327
1291,499
1221,364
1226,941
1103,658
1046,19
1090,105
1099,4270000000001
967,085
958,611
973,418
1014,09
1109,2150000000001
1211,503
1203,612
1248,723
1413,214
1573,435
1555,551
1540,461
1536,57
1437,672
1344,499
1333,462
1198,986
1169,297
1279,589
1309,688
1194,335
1130,2759999999998
1074,929
1015,427
876,341
816,536
832,031
829,185
903,294
1110,84
1227,755
1275,368
1374,446
1403,147
1414,544
1545,871
1503,88
1486,704
1444,378
1321,576
1199,767
1123,028
1209,368
1399,441
1407,428
1383,883
1217,902
1219,818
946,871
975,01
1010,187
1038,394
1106,931
1235,5
1245,412
1313,373
1293,292
1267,453
1289,725
1296,9
1400,215
1435,348
1380,958
1279,517
1193,68
1270,948
1305,937
1378,788
1271,682
1108,022
1060,71
1248,278
1146,476
1197,116
1189,7359999999999
1223,078
1204,767
1327,136
1319,277
1350,389
1428,978
1502,914
1512,577
1644,009
1763,484
1777,167
1690,892
1581,243
1362,537
1235,597
1352,22
1325,068
1214,206
1160,938
1043,598
1252,646
1070,2910000000002
940,968
908,532
957,222
1072,0720000000001
1203,97
1429,976
1471,102
1512,327
1508,763
1559,091
1601,796
1634,366
1552,42
1481,995
1626,033
1581,999
1360,832
1283,297
1439,226
1397,589
1262,136
1112,8319999999999
1088,3519999999999
961,897
992,834
1038,358
1034,76
1003,552
1092,58
1271,046
1417,065
1457,793
1501,427
1748,951
1818,194
1787,008
1753,494
1791,66
1812,233
1632,51
1555,16
1552,035
1715,366
1484,921
1354,726
1166,1680000000001
1107,086
1066,4450000000002
1073,269
1084,9740000000002
1117,161
1157,685
1297,893
1346,631
1319,522
1393,055
1377,855
1461,0
1493,311
1555,008
1484,303
1514,381
1446,178
1239,918
1180,543
1240,826
1312,605
1203,421
1040,532
982,495
978,12
907,393
838,869
844,998
872,484
987,176
1190,636
1267,286
1361,413
1418,039
1521,303
1529,985
1475,208
1519,295
1504,565
1456,886
1343,855
1226,337
1188,429
1263,433
1336,841
1236,783
1081,496
1077,9360000000001
1052,317
990,3
958,88
972,149
982,2
1088,1190000000001
1160,857
1300,713
1387,476
1448,55
1523,976
1539,389
1578,938
1644,363
1581,153
1497,831
1369,878
1298,372
1300,149
1319,764
1387,393
1294,273
1186,943
1151,0230000000001
1058,281
1084,993
1059,429
1028,21
1075,431
1220,58
1313,098
1297,859
1369,204
1381,703
1413,646
1429,254
1459,847
1479,109
1460,867
1397,829
1327,736
1299,229
1290,779
1294,525
1353,915
1262,381
1134,116
1123,199
1098,475
1194,444
1161,019
1143,083
1119,172
1217,557
1307,741
1336,184
1309,861
1331,109
1435,063
1455,758
1546,528
1557,719
1543,574
1418,085
1346,771
1212,808
1197,477
1307,057
1352,704
1223,305
1334,27
1486,297
1487,522
1485,864
1441,816
1427,973
1360,982
1423,981
1618,814
1738,665
1787,034
1820,545
1776,66
1790,615
1752,541
1762,78
1795,393
1775,323
1788,248
1601,15
1456,668
1426,037
1699,274
1586,409
1555,394
1453,742
1395,425
1342,653
1362,29
1302,825
1281,7269999999999
1277,7269999999999
1530,422
1739,51
1913,704
1686,877
1658,661
1584,541
1693,644
1750,456
1734,855
1708,873
1639,068
1433,742
1364,329
1370,889
1567,62
1453,339
1380,481
1338,368
1240,2069999999999
1086,216
1010,303
1057,545
1081,734
1276,4470000000001
1290,37
1454,905
1322,031
1329,647
1365,574
1386,358
1487,206
1603,696
1570,983
1530,448
1407,621
1271,112
1271,846
1307,108
1395,161
1285,153
1378,846
1396,018
1444,124
1387,4189999999999
1361,713
1385,0230000000001
1331,92
1512,141
1424,124
1335,677
1260,686
1497,637
1509,74
1551,023
1640,33
1692,001
1530,707
1349,983
1282,714
1146,455
1264,98
1381,03
1350,431
1204,75
1073,78
957,473
936,64
942,436
950,489
981,376
1006,287
1176,5230000000001
1337,418
1543,408
1682,356
1580,007
1627,026
1589,441
1494,965
1533,708
1498,055
1455,819
1316,285
1271,963
1335,743
1370,411
1359,21
1248,629
1095,333
969,958
1026,05
924,548
910,446
925,396
864,252
1080,9679999999998
1155,097
1546,232
1652,98
1661,348
1748,163
1757,882
1649,436
1573,474
1559,87
1490,983
1427,029
1367,263
1531,889
1625,52
1586,331
1409,964
1278,288
942,629
867,805
875,51
772,815
812,849
805,932
926,81
1232,089
1495,337
1572,226
1559,406
1521,179
1515,796
1463,34
1451,19
1395,682
1350,585
1278,113
1260,36
1398,26
1388,334
1399,968
1292,96
1162,766
1068,733
979,783
931,528
1036,925
1025,723
919,902
947,056
1139,435
1311,719
1405,876
1392,135
1428,789
1355,396
1357,15
1394,33
1527,525
1566,972
1464,271
1525,213
1458,569
1399,47
1491,141
1437,782
1308,595
1231,242
1349,155
1297,5929999999998
1248,984
1171,406
1086,4560000000001
1053,223
1191,408
1281,661
1356,412
1315,759
1401,138
1482,639
1534,361
1541,928
1599,906
1651,428
1627,491
1552,059
1272,34
1204,379
1180,034
1087,801
1006,731
921,061
860,128
835,943
827,484
843,6
855,489
948,22
1168,163
1467,032
1613,543
1458,871
1516,288
1496,848
1475,143
1534,261
1521,488
1466,018
1469,613
1393,004
1382,171
1368,517
1365,247
1242,362
1093,4479999999999
887,999
1097,5929999999998
988,041
949,375
964,513
942,19
1137,638
1317,326
1344,851
1379,025
1380,805
1336,361
1328,909
1331,409
1387,206
1370,606
1342,402
1339,951
1370,312
1257,022
1325,015
1455,39
1329,544
1203,1950000000002
1099,788
1379,4740000000002
1369,496
1240,558
1294,877
1243,493
1405,676
1146,552
1682,422
1808,519
1755,179
1673,088
1638,907
1548,593
1547,223
1507,139
1454,009
1398,714
1377,175
1451,735
1510,855
1459,872
1381,555
1109,521
981,522
1264,134
1185,045
1120,2820000000002
1154,1779999999999
1183,694
1206,475
1131,883
1330,567
1414,481
1684,135
1693,465
1695,272
1686,88
1631,867
1641,225
1579,467
1443,53
1415,194
1288,405
1341,755
1373,677
1247,296
1078,054
1086,181
1361,2359999999999
1298,182
1237,705
1224,24
1186,118
1277,5900000000001
1119,404
1279,25
1365,223
1404,717
1402,09
1406,565
1356,843
1377,125
1433,911
1341,135
1242,82
1193,776
1218,698
1253,321
1259,071
1135,159
1238,094
1239,874
1467,871
1445,298
1384,644
1374,403
1369,783
1420,3
1475,144
1718,685
1708,858
1792,242
1941,648
1913,397
1856,845
1867,692
1867,896
1857,941
1800,885
1800,458
1708,69
1630,75
1677,026
1552,759
1515,255
1568,7060000000001
1507,507
1470,133
1368,835
1283,6950000000002
1264,694
1239,69
1289,123
1543,7530000000002
1759,915
1907,855
1831,613
1763,348
1751,717
1729,674
1751,99
1759,594
1883,141
1787,747
1740,207
1677,61
1787,613
1732,82
1729,692
1461,476
1465,692
1297,786
1229,612
1268,112
1275,408
1291,966
1325,23
1311,39
1302,331
1312,235
1365,882
1343,443
1383,104
1474,379
1501,618
1427,43
1437,469
1255,208
1230,286
1353,939
1490,536
1385,12
1398,808
1258,158
1204,108
1190,156
1119,2469999999998
1147,212
1120,632
1201,3780000000002
1148,154
1259,757
1330,332
1347,35
1429,027
1392,044
1384,849
1402,619
1376,697
1332,424
1264,438
1225,853
1201,232
1291,488
1449,614
1351,196
1231,577
1180,353
1183,809
1109,4270000000001
1007,725
1022,755
962,405
1096,075
1200,656
1295,059
1393,613
1394,981
1414,639
1435,543
1442,53
1486,99
1466,235
1403,908
1324,45
1315,457
1312,986
1396,628
1427,824
1280,465
1221,963
1141,225
1327,759
1289,126
1237,688
1167,659
1167,328
1428,452
1398,1
1352,035
1439,936
1419,581
1460,568
1488,35
1500,594
1554,513
1472,084
1401,262
1318,193
1319,298
1280,775
1349,881
1359,368
1229,59
1094,927
1164,69
1091,9769999999999
1219,449
1248,969
1235,1680000000001
1218,6190000000001
1310,3229999999999
1145,15
1258,043
1343,669
1367,339
1410,968
1427,466
1430,398
1494,63
1462,604
1457,89
1345,945
1260,548
1255,908
1267,264
1276,293
1207,675
1207,087
1331,4569999999999
1263,923
1361,48
1411,7820000000002
1392,405
1302,924
1321,135
1681,768
1745,253
1897,863
1826,615
1822,894
1808,798
1834,25
1872,403
1801,662
1716,693
1744,575
1761,403
1885,822
1925,088
1802,348
1622,397
1623,664
1542,266
1479,085
1365,089
1267,952
1278,893
1343,926
1280,737
1412,842
1598,436
1659,292
1751,91
1692,645
1816,79
1835,33
1765,279
1836,7
1863,467
1784,256
1659,105
1658,061
1660,836
1753,221
1646,939
1531,74
1466,6979999999999
1213,799
1022,464
949,489
934,572
999,786
1222,213
1563,703
1591,34
1496,173
1476,605
1401,173
1491,281
1468,59
1534,657
1588,49
1712,953
1556,881
1410,866
1397,294
1384,099
1445,232
1273,741
1399,91
1317,6109999999999
1123,629
1100,37
1129,8890000000001
1086,033
1111,627
1128,55
1337,89
1328,478
1351,555
1445,281
1616,713
1529,198
1481,727
1538,525
1598,579
1514,516
1413,318
1357,678
1308,999
1372,993
1429,658
1279,0
1146,492
1231,379
1076,317
1123,017
1241,5639999999999
1221,691
1221,266
1149,853
1371,214
1370,4
1455,332
1504,677
1628,37
1634,638
1646,28
1704,043
1693,65
1597,178
1473,904
1484,442
1437,625
1495,235
1475,959
1336,272
1226,808
1127,568
1254,363
1122,1309999999999
1113,33
1077,979
1078,1689999999999
1148,143
1451,882
1420,706
1441,186
1467,162
1513,562
1533,901
1508,537
1573,828
1603,328
1610,792
1530,536
1488,711
1428,895
1482,161
1509,934
1376,884
1324,009
1275,287
1088,408
1010,244
939,737
956,319
1085,258
1333,589
1457,668
1350,1
1414,676
1343,472
1388,441
1386,065
1347,794
1368,911
1298,203
1314,847
1266,747
1235,327
1238,772
1300,146
1310,814
1215,266
1079,789
981,719
919,103
878,107
866,087
845,179
859,685
937,88
1135,42
1443,788
1526,523
1498,098
1505,289
1585,788
1520,137
1544,513
1549,415
1523,323
1456,967
1386,452
1368,967
1306,569
1371,365
1240,201
1286,741
1268,7559999999999
1097,232
897,174
816,14
862,745
852,636
876,888
1017,091
1346,952
1418,593
1538,05
1506,247
1565,512
1555,941
1636,919
1619,453
1631,04
1533,275
1517,794
1544,043
1497,964
1449,068
1297,945
1334,412
1375,897
1077,0030000000002
1015,598
988,031
980,654
1021,391
1161,26
1206,774
1247,296
1332,081
1347,073
1385,151
1449,045
1532,808
1577,765
1555,553
1528,012
1343,394
1267,867
1271,03
1349,738
1412,577
1229,179
1430,568
1423,239
1309,205
1145,614
1005,718
934,043
929,921
1025,3890000000001
1118,324
1431,484
1598,35
1728,194
1717,517
1802,148
1802,87
1992,891
1946,262
1903,851
1787,521
1358,001
1281,167
1256,669
1257,414
1212,245
1240,524
1285,815
1297,179
1198,039
1134,27
1130,598
1174,804
1252,405
1411,987
1532,312
1450,221
1442,562
1355,989
1359,248
1334,361
1348,86
1496,922
1484,252
1473,109
1455,977
1480,432
1446,297
1452,424
1297,174
1361,0230000000001
1375,6390000000001
1135,033
973,986
877,042
864,819
909,01
1047,194
1354,618
1414,356
1256,346
1260,767
1311,294
1278,887
1438,632
1531,213
1471,615
1379,621
1271,918
1142,996
1202,266
1283,176
1253,217
1118,5
1035,0030000000002
1135,4299999999998
977,976
867,994
766,092
762,424
806,884
852,018
1069,083
1178,902
1265,546
1294,243
1368,095
1426,827
1495,291
1500,004
1481,974
1445,066
1260,365
1342,469
1311,877
1388,178
1343,854
1216,358
1065,558
1125,4160000000002
955,168
856,114
784,039
772,919
803,604
884,441
1087,22
1419,772
1488,955
1493,048
1491,445
1505,853
1496,643
1502,347
1476,234
1446,145
1363,18
1299,899
1117,211
1213,545
1219,355
1087,288
1000,158
909,675
888,312
814,862
821,197
840,319
832,749
866,361
912,489
1121,5230000000001
1258,697
1436,305
1499,441
1397,607
1284,197
1258,535
1189,644
1184,743
1228,038
1073,369
1072,01
1170,07
1174,318
1127,677
982,762
961,443
855,181
838,439
854,727
871,661
892,281
932,315
1049,914
1182,134
1294,305
1279,848
1355,644
1388,727
1369,17
1392,999
1363,867
1316,263
1260,682
1235,693
1243,794
1349,364
1326,54
1172,45
977,514
866,141
962,655
936,076
919,042
871,774
931,659
1008,304
1118,056
1165,766
1238,052
1280,718
1346,843
1388,061
1380,445
1427,231
1405,826
1347,775
1291,062
1242,541
1241,03
1355,016
1307,52
1172,017
1124,35
952,028
807,39
752,914
717,304
723,823
758,316
873,817
1035,967
1161,27
1248,162
1298,732
1346,478
1357,849
1373,696
1401,167
1364,101
1310,386
1247,614
1218,852
1257,552
1348,907
1289,794
1146,113
981,039
850,996
771,389
728,447
722,865
746,908
780,722
864,897
1052,214
1197,51
1289,621
1353,179
1379,505
1405,54
1418,389
1459,117
1429,038
1371,24
1317,897
1281,248
1269,065
1379,989
1343,234
1203,386
1027,413
902,785
787,809
743,13
723,464
729,547
770,883
849,913
1056,9
1428,908
1536,986
1576,101
1632,996
1613,546
1575,542
1605,411
1556,635
1502,015
1414,307
1442,982
1406,898
1478,067
1342,487
1148,848
987,07
871,433
796,344
767,871
705,922
737,545
757,662
786,152
1006,387
1122,878
1202,707
1268,349
1261,013
1283,986
1284,906
1313,166
1272,207
1207,439
1135,301
1144,045
1130,787
1255,701
1175,334
1096,2820000000002
1003,512
941,693
847,787
771,299
694,97
717,377
758,778
803,249
903,684
1012,832
1133,371
1239,734
1171,1
1200,2
1203,22
1173,879
1110,646
1073,435
1090,816
1047,566
1062,969
1205,053
1171,863
1056,5
982,745
1017,242
828,709
751,183
769,066
774,596
799,555
876,047
1046,508
1225,909
1293,147
1305,418
1369,164
1428,988
1387,56
1445,611
1386,641
1357,357
1298,053
1236,208
1338,019
1458,092
1375,815
1219,459
989,384
845,556
807,692
792,736
737,092
740,138
762,052
886,604
1049,707
1246,3
1337,891
1337,299
1393,936
1407,175
1328,341
1319,717
1279,351
1244,223
1205,383
1168,345
1279,26
1387,709
1259,956
1164,493
1040,138
813,454
798,084
755,075
706,218
722,283
765,479
878,196
1119,98
1173,195
1319,89
1312,309
1356,608
1350,366
1324,491
1358,81
1331,145
1256,883
1214,233
1213,942
1257,625
1351,079
1265,114
1157,487
1094,154
928,987
830,22
723,653
698,176
707,24
745,491
865,692
1071,4
1173,213
1230,889
1246,303
1271,303
1295,065
1297,875
1378,749
1399,721
1285,365
1293,094
1311,117
1219,732
1379,046
1306,619
1108,44
990,062
881,129
940,611
969,487
970,227
969,193
998,742
1103,981
1253,97
1302,408
1424,94
1495,072
1500,719
1551,804
1637,458
1661,393
1605,503
1472,591
1398,841
1375,454
1377,35
1451,586
1413,554
1300,235
1296,6799999999998
1080,409
944,479
860,583
828,51
831,926
873,124
935,483
1135,4769999999999
1331,072
1444,756
1456,407
1471,654
1487,488
1457,754
1383,807
1387,792
1295,699
1202,588
1180,085
1297,079
1368,491
1263,134
1138,43
1106,621
1037,903
995,03
1025,2150000000001
955,196
925,253
932,634
968,517
1122,4569999999999
1284,625
1430,099
1531,184
1535,311
1525,919
1464,024
1428,923
1527,567
1479,703
1366,952
1269,924
1310,805
1471,307
1353,289
1212,551
1133,887
1164,862
939,95
813,362
770,474
781,716
809,242
981,09
1203,848
1269,621
1335,445
1353,346
1378,822
1371,293
1429,474
1478,362
1443,783
1422,071
1340,111
1280,256
1308,23
1392,873
1314,369
1133,913
1061,204
1009,841
996,083
821,842
728,765
731,099
806,683
1017,28
1058,399
1188,55
1290,32
1346,41
1419,758
1397,724
1377,237
1400,14
1440,099
1441,797
1283,821
1307,485
1397,076
1461,269
1357,815
1247,798
1154,8719999999998
1003,435
932,454
781,713
780,882
838,115
868,974
944,417
1214,875
1245,788
1306,938
1360,593
1473,032
1474,48
1496,068
1487,539
1467,364
1451,903
1398,491
1271,626
1277,241
1379,974
1303,997
1194,943
1113,129
937,703
914,188
842,875
823,755
842,363
893,181
996,509
1203,834
1342,429
1435,274
1504,916
1609,469
1560,907
1571,9
1568,314
1506,913
1555,054
1506,803
1564,764
1720,809
1778,332
1746,003
1511,979
1340,942
1065,625
1109,033
1081,3220000000001
966,53
888,183
930,258
1081,754
1244,452
1414,788
1445,353
1461,307
1483,127
1470,453
1479,31
1564,766
1504,008
1445,442
1385,797
1348,852
1411,665
1564,718
1516,417
1344,836
1247,5140000000001
1150,513
940,282
920,624
835,616
840,839
897,843
996,741
1255,649
1371,53
1425,616
1454,134
1454,603
1459,652
1426,575
1473,006
1450,529
1346,094
1227,998
1187,971
1226,271
1315,689
1239,592
1087,171
1088,534
1040,953
939,421
1023,573
939,049
924,51
924,935
876,898
1033,356
1279,113
1227,835
1229,666
1302,878
1316,612
1249,051
1337,169
1387,35
1368,137
1347,151
1323,655
1318,555
1359,607
1352,775
1347,32
1238,225
1102,618
892,727
795,123
808,767
822,803
868,237
971,367
1110,876
1295,691
1369,978
1373,737
1442,473
1479,66
1491,279
1536,163
1496,791
1398,653
1320,317
1312,874
1493,4
1616,819
1596,849
1311,405
1105,185
858,021
849,769
802,874
750,677
725,57
806,928
987,347
1076,207
1418,042
1478,967
1417,878
1376,223
1352,508
1317,167
1351,711
1318,063
1267,378
1223,753
1222,746
1392,155
1454,903
1345,105
1237,902
989,659
872,027
1217,469
1124,963
1070,815
1109,079
1217,042
1425,33
1489,983
1286,848
1333,502
1305,843
1358,904
1356,549
1443,002
1511,886
1477,078
1451,53
1354,481
1269,618
1398,917
1314,852
1232,653
1154,77
1102,355
1058,313
1096,12
1003,697
943,007
971,322
1083,337
1226,152
1228,513
1243,071
1318,138
1321,224
1321,22
1297,308
1274,151
1316,971
1304,583
1248,006
1219,465
1376,147
1281,901
1338,457
1259,965
1093,772
1149,7069999999999
1004,965
879,978
798,408
782,146
841,749
902,204
999,87
1211,94
1362,273
1403,287
1441,586
1352,308
1386,874
1347,489
1397,43
1394,733
1407,661
1316,302
1216,093
1477,541
1556,678
1510,911
1236,504
1134,672
1012,203
943,208
898,003
911,096
953,494
1005,533
1103,324
1260,241
1401,863
1491,631
1549,642
1554,968
1523,573
1521,218
1525,973
1555,395
1551,089
1500,759
1374,303
1453,913
1474,605
1341,893
1218,188
1161,196
1083,325
974,304
898,147
926,989
948,415
976,848
990,092
1149,665
1471,23
1385,47
1449,228
1458,089
1671,565
1656,604
1561,957
1481,273
1529,088
1593,642
1429,096
1257,116
1347,885
1361,12
1288,953
1131,482
1080,76
881,456
799,049
829,116
833,905
880,195
980,083
1217,307
1439,579
1507,241
1463,562
1374,775
1390,895
1460,49
1549,166
1596,971
1520,189
1406,585
1201,565
1479,048
1443,375
1316,371
1209,057
1164,367
1186,0140000000001
1051,551
1071,922
1097,496
1034,4450000000002
1080,807
1236,807
1252,627
1297,357
1363,723
1343,321
1397,317
1415,473
1444,345
1536,296
1590,723
1535,574
1380,182
1287,057
1446,478
1479,55
1428,871
1210,876
1202,274
1122,219
1012,737
933,394
906,906
1007,958
1117,8600000000001
1268,868
1374,821
1448,64
1440,112
1544,377
1702,722
1689,821
1705,756
1728,163
1707,043
1645,328
1525,093
1315,467
1353,915
1414,339
1360,138
1137,464
1188,228
1122,333
978,273
1070,46
1032,7150000000001
1043,3220000000001
1129,687
1098,205
1156,767
1272,819
1331,215
1322,468
1366,817
1379,465
1422,82
1517,406
1546,57
1499,394
1387,505
1271,746
1566,302
1511,592
1442,764
1249,009
1103,31
1021,099
1048,385
985,702
925,712
997,394
1040,057
1244,0
1255,525
1276,087
1383,595
1316,144
1474,121
1546,034
1520,369
1583,862
1596,123
1484,374
1324,875
1271,541
1388,516
1376,05
1337,598
1206,521
1205,24
1238,451
1152,26
1073,3310000000001
974,875
934,704
947,583
1077,6970000000001
1324,186
1689,054
1807,738
1935,542
1966,281
1865,352
1883,364
1908,554
1880,792
1840,273
1800,226
1770,69
1850,784
1699,557
1495,364
1516,401
1373,851
1253,469
1217,8490000000002
1289,8490000000002
1217,844
1235,673
1234,642
1227,62
1376,899
1694,42
1794,451
1938,535
1917,09
1867,982
1796,125
1708,205
1684,077
1725,606
1877,241
1716,321
1852,854
1741,635
1442,221
1488,949
1425,453
1307,201
863,774
866,751
937,266
965,44
1072,953
1102,684
1262,689
1381,209
1373,619
1362,34
1398,431
1440,981
1449,445
1474,363
1496,571
1389,587
1288,563
1335,317
1496,187
1515,864
1424,254
1286,019
1052,717
1065,269
1052,827
1091,423
1107,208
1165,449
1136,183
1196,6970000000001
1386,563
1601,688
1677,191
1662,539
1566,646
1518,274
1472,848
1527,305
1478,121
1418,267
1525,823
1541,446
1641,731
1700,317
1650,26
1520,447
1278,77
989,721
963,602
969,766
963,714
1004,39
1036,77
1132,613
1380,114
1601,332
1598,901
1568,305
1451,187
1447,801
1388,084
1447,516
1422,066
1471,48
1384,201
1319,859
1472,132
1504,851
1532,901
1320,147
1187,524
1243,551
1050,613
1036,45
995,842
962,157
1109,0729999999999
1160,8400000000001
1210,415
1250,728
1290,504
1292,411
1303,554
1308,722
1319,25
1369,725
1366,509
1433,353
1450,248
1284,656
1355,026
1332,521
1270,371
1272,985
1258,442
1202,4160000000002
933,421
970,687
1055,123
1128,7440000000001
1194,0610000000001
1245,219
1440,798
1563,518
1567,352
1589,346
1602,44
1541,124
1444,914
1404,627
1421,837
1487,368
1461,322
1242,539
1427,066
1507,302
1468,527
1265,528
1115,399
1104,105
1054,1970000000001
1046,245
1023,987
1014,462
1035,983
1084,993
1211,137
1348,963
1461,348
1479,809
1566,388
1577,85
1616,6
1610,578
1663,392
1597,766
1458,096
1440,953
1406,204
1312,821
1247,558
1173,635
1252,425
1113,172
930,345
988,613
916,598
946,656
964,064
1004,781
1121,6019999999999
1202,776
1306,927
1392,295
1584,081
1594,238
1584,853
1562,248
1545,088
1581,122
1409,086
1241,087
1383,301
1334,545
1319,793
1242,905
1114,813
955,205
974,896
948,551
931,682
928,564
966,546
1086,594
1334,268
1526,112
1660,456
1714,192
1670,654
1624,463
1539,407
1548,622
1554,366
1497,737
1529,555
1716,889
1737,866
1660,755
1602,417
1421,33
1268,193
1078,979
929,131
822,227
737,957
765,214
804,53
940,651
1270,56
1560,711
1678,732
1701,772
1603,097
1527,009
1418,818
1524,683
1493,158
1392,731
1371,981
1467,719
1634,019
1549,303
1517,627
1290,772
1021,677
970,158
851,828
782,397
752,708
791,874
928,326
1117,333
1232,345
1270,197
1348,104
1332,3
1293,705
1290,47
1297,646
1366,436
1322,531
1273,151
1211,962
1264,067
1431,504
1404,899
1292,783
1127,727
1070,268
953,727
1031,373
968,017
960,435
925,594
1049,114
1152,288
1222,94
1393,402
1384,681
1386,984
1352,479
1356,366
1397,362
1400,927
1395,895
1403,744
1287,462
1276,134
1377,16
1329,827
1228,272
1332,723
1001,772
1011,492
1142,636
1124,367
1058,268
1084,533
1212,187
1377,529
1472,629
1255,316
1369,028
1438,156
1455,56
1415,645
1327,176
1449,026
1435,66
1362,912
1258,15
1301,228
1409,367
1353,985
1232,355
1138,793
1125,2530000000002
1150,134
1111,621
1040,9360000000001
982,455
971,515
1057,066
1190,737
1345,098
1474,347
1604,051
1662,428
1634,81
1680,56
1674,628
1705,011
1778,359
1734,19
1606,483
1655,083
1669,138
1653,429
1627,688
1489,403
1345,835
1219,383
1547,899
1512,26
1408,212
1417,467
1450,738
1466,173
1532,444
1494,221
1628,563
1637,734
1625,738
1597,987
1758,502
1770,039
1752,319
1796,089
1583,68
1564,239
1575,067
1442,815
1377,491
1405,983
1290,272
1349,232
1019,752
910,334
805,428
806,765
913,508
1057,712
1315,055
1471,406
1637,241
1769,907
1876,646
1921,528
1866,293
1939,615
1945,436
1797,594
1686,867
1856,24
2022,312
2018,312
2004,687
1785,055
1543,241
1242,9769999999999
1140,655
1130,047
1024,184
1025,171
982,295
1168,989
1407,763
1622,921
1576,32
1524,384
1724,362
1811,833
1572,111
1719,684
1744,615
1525,207
1531,459
1638,571
1804,36
1810,618
1762,435
1601,865
1412,464
1242,6399999999999
1060,237
1067,713
989,33
1022,333
1045,972
1226,638
1419,374
1613,323
1653,836
1594,44
1509,088
1412,625
1408,532
1448,52
1417,436
1446,797
1393,768
1339,48
1508,535
1595,485
1500,773
1285,016
1144,038
985,676
1084,0819999999999
1018,515
975,223
968,114
1094,27
1252,824
1262,095
1324,847
1366,292
1312,713
1311,655
1288,094
1395,782
1406,543
1429,516
1344,826
1314,274
1298,683
1443,59
1428,827
1281,739
1126,347
993,946
940,651
962,136
926,804
907,315
934,19
997,564
1147,827
1258,263
1397,211
1446,203
1412,736
1359,088
1457,337
1608,189
1636,2
1627,416
1576,25
1558,14
1614,727
1524,989
1477,45
1473,159
1509,805
1392,455
1297,766
1338,1889999999999
1333,1970000000001
1231,703
1210,1509999999998
1276,699
1410,778
1520,49
1535,191
1719,436
1799,74
1857,609
1940,613
1970,372
2045,184
2074,476
2007,651
1920,393
1923,45
2126,352
1789,057
1812,141
1845,11
1672,1970000000001
1502,752
1234,559
1188,579
1176,156
1123,164
1159,71
1220,146
1333,683
1557,716
1563,125
1662,763
1708,829
1867,852
1884,319
1901,808
1874,607
1845,682
1600,137
1533,268
1751,707
1443,89
1422,076
1413,368
1291,808
1117,879
873,078
748,537
745,524
758,765
825,878
1050,692
1242,272
1256,417
1323,924
1318,349
1341,783
1336,733
1368,763
1392,408
1363,45
1306,597
1229,976
1310,112
1390,153
1360,252
1232,955
1127,909
991,305
852,325
950,235
856,827
779,989
793,388
913,999
1158,492
1211,929
1260,11
1281,366
1281,893
1319,07
1447,151
1626,416
1621,49
1623,417
1586,551
1464,668
1361,255
1389,96
1331,259
1217,322
1229,314
1209,3220000000001
1149,821
1133,19
994,92
888,589
857,379
994,81
1179,142
1275,55
1301,652
1359,512
1438,03
1478,481
1510,089
1535,905
1572,665
1585,466
1550,492
1531,191
1485,211
1391,219
1329,221
1246,128
1275,537
1207,642
1112,9389999999999
1100,0900000000001
1060,163
991,626
911,243
1020,353
1184,424
1365,339
1466,638
1472,078
1481,534
1572,448
1584,692
1685,618
1719,569
1683,66
1629,197
1596,471
1562,293
1490,877
1387,232
1343,399
1427,671
1314,417
1213,585
1115,02
1046,274
998,734
983,273
1051,1860000000001
1281,719
1550,355
1474,298
1374,703
1380,697
1477,227
1623,321
1702,803
1736,751
1798,67
1774,098
1708,548
1657,222
1649,828
1452,535
1471,894
1511,531
1565,148
1541,499
1514,5
1343,1660000000002
1248,673
1233,551
1338,778
1475,2759999999998
1529,219
1798,494
1942,127
2051,9390000000003
2092,169
2132,102
2160,526
2193,21
2195,208
2123,3379999999997
2122,114
2053,7709999999997
1994,454
1880,995
1786,023
1782,666
1730,951
1591,4180000000001
1579,5230000000001
1603,3890000000001
1512,571
1494,9009999999998
1483,164
1584,307
1774,374
2055,643
2010,94
2178,754
2228,85
2249,299
2197,9970000000003
2191,322
2175,858
2154,468
2097,031
2134,3019999999997
1988,765
2002,418
1979,916
1825,133
1799,161
1715,316
1329,6950000000002
1180,783
1080,592
1078,318
1205,873
1542,395
1636,76
1377,929
1473,342
1491,215
1504,864
1486,786
1489,12
1535,889
1579,39
1595,966
1649,782
1510,318
1495,338
1449,6
1359,662
1155,021
1187,862
1057,862
834,387
802,445
802,173
819,369
878,997
1129,091
1290,985
1534,063
1623,404
1602,9
1577,995
1563,576
1525,657
1556,071
1538,684
1526,474
1472,148
1588,003
1602,282
1539,473
1417,657
1243,815
1395,294
1169,6390000000001
936,441
834,458
815,235
894,625
1069,546
1492,19
1706,794
1721,181
1676,369
1548,814
1450,146
1522,278
1513,384
1590,371
1618,985
1668,845
1724,58
1833,909
1716,961
1530,651
1760,784
1840,182
1903,772
1723,067
1676,442
1428,155
1420,3229999999999
1418,6019999999999
1667,931
1747,487
1754,138
1615,093
1492,279
1499,961
1514,296
1566,078
1471,681
1519,676
1464,028
1415,685
1404,218
1646,893
1601,089
1525,455
1411,391
1234,973
1437,593
1431,5700000000002
1114,601
1007,451
982,241
902,627
1086,5059999999999
1397,211
1367,616
1449,992
1574,523
1570,206
1548,303
1533,035
1524,728
1593,443
1463,301
1406,572
1365,081
1554,837
1572,384
1568,655
1402,434
1293,118
1134,358
1106,5839999999998
1269,2939999999999
1197,6770000000001
1071,625
1094,115
1113,324
1270,73
1624,913
1491,21
1541,117
1615,617
1553,571
1448,037
1404,911
1434,62
1431,045
1435,234
1577,143
1741,944
1623,681
1479,66
1474,652
1329,124
1304,549
1317,355
1286,435
1273,202
1149,996
1122,807
1163,8200000000002
1319,047
1427,28
1459,753
1620,454
1785,606
1760,302
1691,49
1630,571
1687,363
1728,918
1756,351
1907,768
2129,947
2233,509
1786,341
1773,892
1638,655
1511,45
1544,766
1417,412
1183,283
1025,1019999999999
954,199
1141,142
1554,749
1561,249
1595,062
1536,683
1474,116
1475,433
1489,368
1663,369
1822,74
1809,477
1726,786
1718,011
1774,94
1727,61
1631,218
1737,738
1728,401
1781,14
1605,48
1542,373
1538,682
1433,586
1435,8
1626,8429999999998
1744,077
1705,124
1727,79
1696,993
1778,387
1734,819
1666,876
1726,623
1681,001
1635,127
1729,46
1701,975
1930,029
1765,914
1682,883
1747,091
1760,352
1623,988
1566,8690000000001
1293,894
1283,134
1171,828
1149,73
1257,749
1584,212
1723,678
1560,73
1589,473
1528,092
1522,092
1547,226
1517,509
1513,282
1426,006
1400,947
1415,37
1576,221
1614,485
1568,821
1509,875
1543,82
1515,065
1426,107
1546,1100000000001
1606,284
1589,109
1585,6219999999998
1661,493
1904,227
1959,383
1759,853
1636,701
1706,999
1688,491
1706,765
1716,727
1757,887
1750,337
1682,846
1573,478
1851,155
1874,024
1761,218
1828,196
1891,167
1852,293
1771,931
1494,923
1510,902
1565,221
1564,4180000000001
1669,742
1902,393
1786,874
1597,212
1526,008
1545,405
1444,335
1390,598
1354,626
1364,628
1335,393
1458,967
1667,134
1875,368
1953,859
1692,289
1660,917
1738,764
1880,405
1777,373
1756,74
1770,656
1635,384
1619,141
1711,4479999999999
1940,566
2000,294
2173,962
2112,723
2168,227
2112,029
2061,053
2097,2690000000002
2049,699
2083,906
2063,614
2153,527
2071,261
1966,66
1763,654
1901,466
1875,228
1755,903
1611,9009999999998
1784,0810000000001
1729,681
1595,587
1620,297
1585,309
1658,5259999999998
1743,246
1875,135
2121,4790000000003
2194,3810000000003
2182,964
2065,025
1794,455
1855,439
1853,614
1810,692
2094,795
2404,01
2183,208
1975,711
1859,272
1839,168
1836,312
1712,53
1621,4850000000001
1513,325
1376,681
1345,0700000000002
1413,5430000000001
1593,845
1945,177
1922,969
1666,182
1453,396
1374,508
1351,317
1335,126
1349,316
1344,017
1321,487
1608,89
1853,743
1642,099
1512,642
1577,083
1716,012
1867,502
1843,521
1749,913
1583,089
1574,5230000000001
1594,071
1635,036
1791,267
2069,474
1841,246
1787,348
1469,348
1382,84
1340,191
1451,015
1582,734
1607,412
1703,987
1761,437
1768,762
1551,676
1465,526
1526,652
1558,356
1553,373
1608,432
1623,1950000000002
1852,828
1822,761
1777,221
1749,325
1828,098
2019,879
1828,217
1671,286
1540,64
1509,008
1484,827
1489,081
1604,718
1679,616
1688,078
1452,621
1645,166
1543,549
1432,224
1414,643
1604,585
1665,184
1665,476
1500,7359999999999
1624,833
1673,667
1653,649
1674,566
1899,367
1833,538
1752,779
1614,458
1462,523
1404,894
1395,979
1375,459
1409,986
1407,799
1580,135
1672,903
1729,869
1714,413
1587,124
1505,946
1677,399
1791,554
1736,0230000000001
1810,397
1648,527
1577,435
1549,932
1608,902
1813,271
1924,574
1905,498
1870,332
1709,122
1623,993
1473,088
1339,775
1365,787
1377,239
1495,335
1504,533
1872,048
1515,638
1466,353
1386,484
1310,959
1241,835
1148,145
1151,9070000000002
1072,379
959,02
869,761
1051,423
1227,268
1427,6950000000002
1648,961
1841,13
1797,837
1719,665
1843,393
1995,663
2083,237
2148,855
2204,283
2117,7309999999998
2063,008
1884,751
1697,833
1613,447
1548,021
1443,935
1316,775
1429,904
1283,594
1177,751
1095,604
1066,608
1152,338
1311,711
1504,37
1642,486
1742,347
1628,825
1484,624
1507,8
1559,216
1691,968
1904,686
1982,691
2322,63
2188,196
2085,233
1967,347
1847,023
1798,813
1683,624
1501,953
1661,661
1665,368
1625,801
1685,8600000000001
1847,629
1953,116
1978,668
1820,222
1770,662
1712,463
1614,892
1456,03
1520,718
1585,403
1507,264
1641,313
2015,592
1954,436
1843,757
1667,301
1662,977
1495,579
1500,062
1380,828
1213,359
1288,213
1273,221
1287,074
1418,054
1601,524
1603,689
1583,231
1532,092
1424,523
1474,559
1488,355
1673,986
1701,52
1720,899
1628,592
1574,926
1469,341
1451,677
1353,547
1386,689
1460,479
1273,176
1159,693
1044,995
892,622
789,517
797,233
901,619
1256,991
1460,083
1656,575
1583,696
1617,76
1744,539
1697,963
1661,234
1671,005
1587,602
1585,027
1654,431
1556,473
1454,163
1392,799
1500,719
1444,397
1267,6660000000002
1087,088
931,869
845,936
787,16
872,365
1001,104
1368,85
1435,89
1431,207
1500,317
1569,57
1487,948
1515,041
1641,547
1643,592
1666,117
1570,158
1611,244
1550,195
1467,122
1391,457
1480,637
1271,34
1060,453
930,428
860,389
825,143
819,622
828,952
914,221
1221,271
1446,516
1407,259
1441,495
1406,46
1575,896
1634,481
1726,32
1791,836
1726,515
1721,647
1548,905
1549,761
1481,77
1413,941
1647,936
1555,649
1380,648
1177,375
1224,8980000000001
1076,545
1078,8319999999999
1142,838
1239,4070000000002
1514,749
1668,848
1945,174
1989,465
1969,446
1880,118
1857,463
1825,369
1853,028
1969,337
2212,251
2365,658
2135,525
2041,945
1902,22
1712,589
1725,988
1741,4
1563,76
1632,429
1490,402
1350,603
1349,955
1474,132
1710,49
1878,456
1897,976
2066,216
2108,6859999999997
1965,557
1809,624
1772,555
1878,279
2051,75
2207,8940000000002
2264,55
2116,2960000000003
1939,415
1889,647
1835,543
1794,512
1730,315
1500,1979999999999
1214,97
1117,1
1029,478
1028,455
1236,154
1610,453
1852,955
1617,913
1652,508
1608,486
1563,979
1607,443
1532,361
1579,763
1619,123
1631,746
1688,535
1788,052
1574,45
1510,1
1501,224
1580,383
1368,008
1159,286
891,759
877,289
855,345
871,802
956,462
1291,511
1499,15
1546,562
1633,86
1605,359
1604,053
1578,959
1615,384
1599,738
1624,306
1680,13
1706,459
1639,412
1615,176
1561,641
1527,261
1326,702
1363,218
1066,895
1133,608
989,144
897,097
882,306
1142,781
1535,611
1538,459
1664,814
1630,443
1664,489
1581,664
1567,576
1598,611
1597,344
1578,761
1619,125
1707,423
1768,785
1793,384
1684,786
1783,185
1782,71
1674,246
1299,935
1212,557
1175,52
1115,2089999999998
1146,3609999999999
1294,008
1664,949
1522,749
1535,916
1589,611
1588,839
1588,623
1581,397
1629,089
1655,159
1630,592
1650,951
1705,165
1646,604
1590,061
1531,532
1550,329
1620,374
1451,196
1253,233
1339,06
1370,5639999999999
1297,6509999999998
1355,655
1529,575
1786,533
1787,233
1749,443
1870,699
1830,494
1586,284
1567,878
1608,791
1588,364
1568,572
1716,615
1725,994
1692,656
1574,8
1555,509
1841,301
1776,848
1654,672
1379,642
1323,946
1053,981
1004,992
1126,492
1268,654
1379,178
1536,715
1696,159
1778,764
1737,282
1755,932
1698,87
1707,417
1722,15
1889,425
1918,65
2086,188
1982,382
1908,297
1829,948
1860,217
1861,565
1774,631
1486,917
1527,8139999999999
1511,4679999999998
1461,9389999999999
1457,524
1588,632
1732,138
1780,07
1883,941
2078,315
2284,745
2239,348
2166,3559999999998
1689,582
1655,673
1739,078
1947,368
2151,9809999999998
1943,005
1962,899
1968,951
1974,776
1955,585
1789,57
1548,031
1365,704
1304,792
1295,877
1343,114
1395,316
1458,443
1418,163
1479,919
1549,632
1539,092
1543,408
1525,763
1599,735
1584,279
1525,181
1579,575
1622,058
1566,797
1531,417
1494,857
1444,385
1547,753
1649,025
1505,8139999999999
1538,9279999999999
1467,452
1497,7089999999998
1448,4479999999999
1583,5819999999999
1842,319
1752,817
1642,874
1597,164
1593,908
1596,797
1794,078
1991,286
1975,854
1909,737
1573,26
1602,253
1549,744
1489,408
1444,148
1619,05
1615,579
1862,583
1572,0729999999999
1118,1399999999999
1096,8339999999998
1038,493
1135,5259999999998
1272,095
1439,6
1373,85
1466,178
1550,234
1519,88
1496,473
1480,301
1549,964
1542,568
1504,382
1617,101
1693,575
1614,147
1564,953
1515,81
1396,792
1263,244
1148,068
977,275
897,798
848,049
834,931
848,426
1059,8049999999998
1316,397
1327,027
1504,88
1616,162
1582,74
1590,735
1601,348
1644,081
1631,396
1590,031
1661,009
1705,026
1647,178
1582,334
1536,581
1770,727
1627,882
1518,345
1170,007
1112,2759999999998
996,21
963,143
1002,697
1196,3110000000001
1604,355
1587,947
1539,561
1597,626
1703,086
1661,355
1635,538
1787,394
1801,376
1686,053
1721,875
1643,768
1602,049
1551,956
1471,792
1408,741
1292,266
1175,469
1017,297
928,725
899,086
952,737
980,92
1036,955
1109,645
1246,907
1359,577
1467,446
1489,268
1525,711
1479,424
1540,178
1540,023
1455,401
1524,879
1568,802
1518,239
1468,705
1417,793
1344,239
1253,959
1176,599
1099,1509999999998
1008,04
1020,218
977,676
975,866
978,135
984,195
1116,078
1304,04
1431,981
1466,574
1461,413
1453,567
1458,217
1459,677
1404,792
1726,904
1845,125
1742,34
1596,947
1699,237
1776,667
1582,188
1475,024
1328,4940000000001
1144,673
1056,6480000000001
1055,8980000000001
1080,392
1151,12
1381,647
1459,007
1810,482
1939,605
1979,148
1913,906
1910,738
1908,008
1899,528
1930,883
2081,752
2069,681
1934,682
1806,697
1866,286
1762,518
1810,152
1761,691
1624,5700000000002
1418,8980000000001
1403,0529999999999
1266,856
1192,5149999999999
1265,304
1667,048
1420,02
1690,181
1742,241
1799,188
1825,204
1674,028
1794,086
1801,392
1846,938
1758,381
1688,719
1639,709
1614,137
1577,305
1606,908
1554,276
1547,324
1306,881
1260,854
1326,161
1193,8110000000001
1189,767
1353,9740000000002
1468,843
1509,16
1579,772
1584,066
1700,036
1651,298
1521,363
1556,601
1554,953
1558,015
1642,083
1672,056
1621,561
1585,138
1537,912
1518,615
1403,715
1375,229
1429,879
1291,0529999999999
1160,646
1091,315
1122,205
1374,663
1528,523
1592,797
1739,563
1818,206
1805,572
1724,756
1622,851
1687,249
1732,73
1828,788
1908,733
1781,018
1678,496
1650,251
1602,747
1515,972
1503,678
1525,775
1370,054
1178,028
1184,609
1110,875
1125,092
1298,25
1365,943
1563,11
1664,087
1706,021
1725,035
1697,005
1658,098
1694,051
1686,08
1792,034
1867,973
1750,961
1673,676
1627,382
1603,717
1687,258
1770,272
1757,039
1540,374
1349,395
1371,717
1357,145
1316,183
1408,596
1602,581
1819,315
1593,661
1645,348
1742,989
1682,206
1659,929
1742,45
1711,371
1683,307
1829,358
1790,32
1766,451
1768,396
1830,877
1976,45
1977,443
1624,106
1446,8
1385,415
1465,046
1561,5430000000001
1585,0230000000001
1688,232
1838,7469999999998
1683,739
1803,277
1745,267
1757,763
1734,525
1761,162
1757,986
1826,429
1930,278
1851,18
1755,266
1623,645
1639,634
1598,954
1616,111
1441,36
1218,264
1325,56
1269,444
1006,396
877,179
908,036
1011,279
1244,766
1463,212
1733,469
1787,061
1766,972
1737,957
1712,984
1740,024
1728,014
1703,941
1792,484
1848,654
1791,194
1758,917
1700,557
1528,03
1399,736
1253,342
1177,307
992,314
953,924
957,601
980,176
1089,019
1270,659
1500,852
1731,245
1806,147
1784,31
1767,29
1719,374
1742,268
1762,193
1763,272
1813,086
1819,909
1750,556
1724,241
1670,081
1588,944
1540,993
1378,966
1201,394
1024,217
979,673
962,044
986,615
1076,062
1596,562
1512,198
1689,791
1793,618
1782,268
1795,952
1802,098
1846,92
1830,486
1798,853
1830,851
1839,402
1803,999
1753,218
1662,677
1541,562
1409,117
1496,519
1622,775
1540,385
1421,712
1347,4479999999999
1348,615
1552,186
1791,445
1481,203
1655,832
1728,739
1715,64
1953,555
1903,891
1889,786
1818,275
1784,306
1778,94
1760,874
1702,195
1655,411
1623,187
1661,465
1758,903
1729,716
1248,12
1146,874
998,672
939,021
927,511
1079,558
1484,977
1423,586
1566,743
1678,149
1675,561
1670,079
1592,656
1633,371
1614,489
1633,973
1652,467
1678,363
1595,83
1552,304
1509,368
1514,052
1417,465
1469,556
1341,292
1548,208
1408,423
1271,996
1249,585
1357,964
1607,916
1844,606
1927,691
1953,847
2041,594
1859,42
1884,217
2024,886
2066,349
2134,3630000000003
2173,317
2144,607
1827,837
1750,703
1785,995
1896,536
1858,898
1860,459
1561,613
1494,7150000000001
1447,284
1266,162
1248,663
1218,008
1280,488
1433,797
1773,072
2091,947
2088,0519999999997
2099,3360000000002
2013,381
1960,307
1996,953
1989,997
1988,127
1873,457
1727,209
1612,643
1555,29
1942,129
1941,258
1774,723
1633,469
1446,575
1153,417
956,861
824,911
964,102
1291,008
1532,633
1492,449
1550,947
1545,135
1540,319
1518,872
1542,751
1545,453
1524,551
1610,753
1627,67
1560,077
1532,408
1494,026
1402,473
1377,118
1510,288
1390,664
1147,714
948,714
849,804
870,599
1031,034
1536,665
1420,694
1546,87
1616,561
1603,39
1601,72
1587,869
1623,709
1610,511
1589,99
1656,096
1667,585
1616,206
1591,045
1542,514
1439,376
1334,163
1271,565
1256,041
1058,138
1080,133
980,74
967,095
1106,7359999999999
1405,225
1391,491
1563,914
1609,308
1615,084
1633,437
1637,372
1689,253
1682,059
1664,515
1683,44
1664,246
1629,985
1622,984
1582,825
1476,87
1317,038
1173,835
1088,475
1077,797
1074,951
1104,462
1125,0030000000002
1153,72
1243,125
1437,954
1607,193
1682,242
1688,505
1644,225
1685,199
1710,885
1708,92
1659,938
1718,358
1721,246
1672,604
1634,675
1556,973
1454,494
1340,198
1314,125
1061,163
1163,921
1103,392
1116,844
1151,4
1331,771
1716,042
1894,236
1867,963
1762,309
1810,381
1851,398
1756,139
1776,285
1689,143
1715,988
1775,942
1667,012
1610,099
1562,762
1527,57
1631,815
1658,95
1684,318
1584,313
1597,126
1493,455
1479,047
1500,865
1562,659
1774,269
2022,089
2080,386
1959,193
1967,196
2048,444
1942,492
2040,431
1969,927
2066,108
2148,507
2095,6859999999997
1826,428
1677,614
1727,708
1795,211
1891,176
1831,804
1591,071
1422,408
1493,185
1425,642
1445,848
1440,329
1624,655
1791,899
2097,7110000000002
2495,773
2426,0820000000003
2455,1459999999997
2352,081
2276,983
2175,0730000000003
2279,812
2283,526
2361,8959999999997
2137,8869999999997
2166,996
2079,158
2023,294
1919,662
1655,556
1352,694
1163,783
1053,565
904,714
931,724
1041,109
1432,332
1540,378
1645,739
1673,49
1670,127
1691,013
1656,61
1717,822
1685,667
1667,037
1708,803
1719,602
1661,706
1622,6
1581,113
1536,339
1397,507
1265,14
1113,391
1011,701
961,083
948,821
966,73
1072,402
1447,335
1843,57
1697,675
1675,693
1660,699
1656,783
1636,291
1669,553
1656,387
1649,247
1717,984
1735,605
1677,455
1643,284
1631,29
1710,833
1736,335
1833,349
1591,714
1370,005
1290,8139999999999
1176,144
1207,8890000000001
1514,777
1798,159
1917,788
1826,96
1791,138
1693,238
1713,181
1717,247
1704,831
1742,463
1701,078
1745,547
1754,685
1692,077
1650,383
1602,168
1608,325
1621,333
1682,39
1663,356
1779,298
1705,388
1555,77
1568,636
1792,293
1967,454
1829,107
1631,491
1676,053
1648,513
1645,825
1632,217
1667,474
1657,898
1675,567
1728,643
1746,462
1686,392
1670,341
1699,679
1924,241
2014,58
2076,891
1847,824
1589,934
1526,607
1570,932
1674,644
1695,735
1713,4
1805,058
1934,385
1838,929
1696,251
1702,244
1688,072
1730,737
1717,172
1704,015
1764,574
1778,299
1720,368
1745,414
1857,93
2096,134
2121,283
2021,564
1692,987
1749,367
1713,413
1617,135
1588,279
1633,751
1854,658
1839,051
2021,347
2295,737
2328,351
2326,99
2242,49
2226,2439999999997
2208,692
2326,678
2324,52
2173,834
2057,605
1992,677
2122,558
2271,5950000000003
2195,399
1964,709
1937,626
2034,211
1995,346
1910,024
1780,8339999999998
1846,8490000000002
2020,729
2270,2290000000003
2428,5950000000003
2321,251
2299,625
2372,687
2244,4139999999998
2336,025
2402,011
2377,962
2548,726
2482,2200000000003
2283,7349999999997
2199,88
2237,687
2279,29
2195,514
2251,3379999999997
2059,614
1504,702
1311,964
1239,5320000000002
1173,519
1330,719
1806,443
2164,886
2239,748
2307,462
2309,275
2266,953
2209,791
2215,743
2043,241
2100,339
2147,2200000000003
2052,482
2231,102
2170,273
2140,413
2133,931
2121,684
2037,423
1746,228
1845,112
1836,3609999999999
1687,08
1737,897
1898,587
2108,098
1995,111
2140,4179999999997
1962,211
2007,877
2162,4849999999997
2004,437
1766,709
1744,153
1985,425
2170,337
2237,724
2252,813
2158,915
2102,075
2211,992
2147,011
2071,764
1649,902
2012,223
1869,0610000000001
1611,392
1610,075
1761,217
2239,275
2307,909
2247,651
2159,87
2105,959
2240,665
2191,9179999999997
2248,227
2231,8469999999998
2264,6310000000003
2234,002
2509,6459999999997
2355,089
2258,351
2241,159
2443,7929999999997
2242,438
2173,798
1698,634
1979,7559999999999
1970,696
1916,3809999999999
2000,699
2082,5119999999997
2256,049
2515,968
2714,94
2628,852
2598,219
2537,63
2530,884
2724,102
2688,841
2853,986
2839,266
2842,986
2657,6040000000003
2622,925
2712,955
2538,672
2610,337
2397,397
2101,428
1726,5
1249,4969999999998
1190,734
1123,0729999999999
1286,713
1685,302
1943,762
2303,7799999999997
2245,9939999999997
2344,272
2224,7560000000003
2272,774
2344,627
2461,246
2340,2200000000003
2206,348
2282,523
2175,725
2164,935
2514,37
2553,495
2514,6530000000002
2330,933
1912,361
1971,4679999999998
1733,205
1770,484
1791,781
1837,2240000000002
1992,609
2289,742
2593,52
2823,187
2917,7380000000003
2870,962
2879,482
2932,435
2759,435
2798,898
2801,923
2739,3720000000003
2589,548
2316,633
2391,2219999999998
2366,444
2346,596
2188,626
2009,405
2122,441
1958,6
1820,417
1770,75
1752,6
1844,363
2162,4359999999997
2155,09
2680,634
2689,048
2577,236
2511,0029999999997
2558,349
2640,767
2638,8109999999997
2725,151
2611,932
2582,5150000000003
2474,0640000000003
2528,971
2460,493
2198,685
2043,678
1532,963
1181,208
1089,7530000000002
1193,138
1264,895
1330,909
1269,93
1441,717
1612,031
1671,577
1751,464
1801,517
1741,323
1736,236
1708,647
1646,041
1684,303
1690,177
1633,995
1588,952
1564,217
1458,512
1419,3
1267,99
1138,483
1072,098
1037,589
1121,583
1212,242
1302,0439999999999
1377,162
1483,66
1613,017
1782,611
1726,499
1746,432
1711,959
1697,031
1660,266
1549,718
1607,117
1670,061
1614,914
1563,72
1509,058
1443,586
1356,371
1236,456
1071,424
997,418
952,318
933,338
941,426
1022,614
1190,664
1367,639
1519,686
1574,93
1587,714
1580,395
1595,097
1700,778
1691,89
1590,128
1603,728
1626,586
1578,909
1546,435
1503,753
1451,443
1362,141
1233,367
1097,53
1010,698
951,843
940,734
966,257
1031,557
1179,071
1316,995
1526,36
1582,48
1582,07
1604,618
1604,113
1713,707
1683,925
1649,575
1653,219
1680,699
1633,937
1540,876
1441,645
1390,579
1397,072
1255,014
""
