2179,647
2294,2
2154,8940000000002
2033,916
1959,498
1940,259
1935,908
2105,13
2178,766
2284,673
2315,355
2325,483
2291,3630000000003
2235,651
2220,1
2240,1310000000003
2277,5820000000003
2362,014
2362,307
2302,102
2282,364
2270,042
2247,166
2213,365
1954,272
1860,664
1783,175
1690,531
1681,768
1702,043
1747,123
1849,086
1934,601
2090,567
2233,827
2280,199
2293,625
2316,0950000000003
2256,853
2121,102
2042,814
2046,751
2029,887
1998,271
2078,2470000000003
2235,203
2247,319
2017,081
1606,45
1285,812
1238,37
1184,058
1199,956
1370,874
1514,56
1759,146
1908,125
2071,227
2144,937
2129,767
2123,6800000000003
2232,433
2168,603
1943,649
1958,297
2071,984
2104,48
2148,024
1997,81
1969,898
1892,285
1740,879
1624,479
1426,583
1339,735
1291,834
1312,965
1401,119
1553,114
1777,693
2030,685
2055,843
2029,707
2048,5190000000002
2109,035
2148,5029999999997
2153,464
2044,628
1981,923
2053,6980000000003
1992,356
1947,358
2065,2309999999998
2101,209
2214,208
2091,933
1963,324
1937,861
1818,553
1730,612
1628,863
1739,872
1713,744
1639,407
1771,13
1885,904
1951,913
1955,599
1960,718
2028,145
2018,435
1954,31
1913,449
1958,613
1925,508
1892,999
1833,231
1830,199
2029,101
1767,617
1590,053
1494,694
1406,682
1314,886
1403,872
1546,085
1630,302
1622,489
1860,182
2054,464
2110,4179999999997
2043,207
2016,406
1999,473
1924,101
1976,833
2050,925
2068,96
1990,468
1952,848
1919,291
1897,227
1736,887
1504,567
1330,812
1221,785
1162,263
1126,177
1181,335
1556,996
1676,702
1644,472
1787,672
1805,129
1776,568
1688,428
1659,011
1697,002
1682,967
1676,782
1787,782
1895,485
1873,544
1872,329
1743,337
1783,634
1870,827
1631,363
1531,871
1222,566
1165,439
1147,165
1225,026
1518,32
1402,883
1629,905
1817,057
1880,394
1873,836
1865,744
1844,028
1900,425
1898,825
1890,008
1928,703
1973,519
1933,571
1894,423
1808,73
1843,533
2126,2129999999997
1761,11
1584,351
1424,248
1371,713
1295,941
1358,635
1433,038
1348,115
1517,764
1747,201
1829,622
1839,39
1825,728
1761,195
1811,206
1787,109
1751,566
1816,918
1882,145
1851,235
1814,653
1853,251
1788,168
1830,47
1631,512
1275,628
1180,485
1126,652
1105,651
1125,888
1204,531
1387,648
1616,153
1868,952
1940,006
1950,826
1951,756
1910,469
1954,22
1941,004
1913,087
1949,313
2001,969
1946,139
1917,195
1803,604
1772,666
1976,588
1724,847
1608,394
1450,527
1358,227
1280,877
1306,872
1375,306
1422,802
1634,343
1838,053
1897,987
1895,293
1913,895
1831,715
1886,74
1863,944
1824,729
1876,082
1999,849
1951,733
1896,458
1951,065
1939,795
2037,336
1940,263
1912,258
1748,764
1588,439
1478,844
1504,756
1555,447
1423,034
1608,839
2009,394
2186,892
2224,509
2168,9269999999997
2151,7799999999997
2222,7799999999997
2187,6099999999997
2144,1949999999997
2067,748
2022,66
1997,25
1923,972
1964,759
2016,457
2090,7200000000003
1932,117
1913,477
1771,944
1639,318
1523,401
1533,326
1601,88
1622,216
1680,657
1999,384
2022,286
2023,438
1941,575
2006,842
1977,142
1919,676
2000,613
2073,965
2125,15
2121,964
2048,834
1950,263
1971,736
1979,693
1795,024
1822,834
1567,432
1455,167
1379,249
1388,717
1379,075
1381,523
1615,155
1796,91
1887,721
1903,476
1913,326
1910,848
1932,249
1914,802
1871,522
1836,576
1945,402
1898,125
1890,639
1839,753
1950,596
2041,099
1826,915
1608,026
1506,273
1313,73
1191,753
1274,303
1479,591
1419,496
1698,967
1882,518
1929,794
1906,316
1892,763
1901,717
1969,86
1976,157
1924,588
1893,12
2015,565
1977,384
1943,497
1858,6
1863,252
1904,398
1743,673
1640,851
1453,79
1308,092
1193,403
1198,454
1392,821
1452,574
1733,972
1927,876
1966,167
1959,486
1910,054
1875,819
1906,666
1897,412
1864,45
1885,257
2000,007
1964,485
1931,866
2037,698
1975,966
1965,558
1785,049
1804,477
1667,911
1715,377
1690,221
1722,962
1785,97
1613,205
1720,538
1835,366
1872,443
1847,806
1828,138
1796,32
1848,065
1922,449
1863,224
1975,723
2110,9300000000003
2093,473
2068,233
2128,223
1983,906
1978,88
1691,137
1618,373
1395,366
1296,079
1299,692
1405,45
1656,648
1697,679
1788,282
1821,37
1848,001
1829,547
1804,527
1794,103
1909,584
1855,927
1859,029
1870,844
1952,564
1883,445
1852,023
1990,741
1950,756
2130,02
1851,471
1571,501
1371,069
1211,231
1205,99
1230,711
1275,625
1300,526
1530,94
1726,433
1872,385
2015,972
2002,605
2089,343
2104,249
2119,023
2042,69
1888,282
1999,368
1957,567
1976,753
1956,903
1811,055
1938,178
1710,624
1632,313
1469,262
1326,905
1236,753
1206,798
1248,154
1333,128
1506,694
1583,434
1710,09
1843,659
1805,816
1816,551
1825,384
1780,982
1880,657
1852,595
1893,608
1870,44
1850,051
1946,219
1953,979
1838,195
1599,259
1318,858
1256,848
1156,668
1141,862
1156,874
1259,034
1427,249
1673,141
1876,299
1916,561
1881,076
1895,913
1925,922
2010,717
1968,633
1850,441
1874,136
1946,809
1903,191
1868,435
1785,796
1809,006
1763,647
1569,493
1739,615
1500,154
1458,022
1429,819
1499,513
1464,194
1494,632
1730,74
1849,532
1911,344
1916,364
1935,169
1928,976
1985,166
2045,267
2008,842
1945,847
2021,302
2000,854
2005,097
1960,443
1968,92
1924,086
1670,238
1584,404
1421,677
1342,12
1398,069
1394,755
1440,68
1690,63
1903,843
2056,929
2044,982
2085,341
2046,385
1993,046
2019,592
1999,459
1949,537
1909,37
1999,816
1968,508
1928,995
1909,792
1941,659
1934,839
1762,138
1379,1
1340,182
1248,012
1234,252
1258,075
1404,454
1574,688
1802,065
1981,96
1992,728
1970,793
2001,395
1960,496
2080,2650000000003
2143,791
2117,024
2027,768
2066,749
2062,941
2050,884
1932,348
1827,682
1755,581
1575,193
1477,213
1387,695
1282,403
1385,612
1333,578
1477,046
1521,348
1752,615
1954,185
1994,595
1999,739
1924,465
1839,802
1909,891
1958,446
1911,611
1880,298
1954,529
1949,409
2089,987
2177,759
2269,062
2276,568
2171,864
1876,217
1638,026
1540,219
1429,45
1463,402
1594,044
1579,679
1745,766
1953,174
2159,741
2272,508
2224,4790000000003
2334,458
2381,067
2320,464
2166,25
2044,718
2112,456
2044,1
1994,069
1979,842
2244,075
2259,499
2080,565
1943,969
1728,061
1572,525
1523,55
1559,752
1618,623
1790,422
2091,524
2261,955
2350,274
2439,2650000000003
2365,9700000000003
2405,7309999999998
2407,618
2364,7799999999997
2341,776
2266,264
2287,2709999999997
2195,904
2206,165
2266,589
2514,892
2306,266
1983,239
1780,525
1498,921
1415,846
1394,868
1425,513
1589,393
1744,344
1844,436
2011,476
2105,682
2091,883
2106,492
2051,127
2102,7889999999998
2081,8559999999998
2052,089
2007,278
2062,096
2075,4970000000003
2034,939
2007,815
1989,696
1852,631
1671,922
1401,414
1256,005
1221,663
1192,441
1167,5
1182,329
1508,086
1622,842
1746,748
1809,221
1784,591
1777,506
1846,394
1915,667
1894,709
1787,684
1757,385
1934,971
1940,776
1862,136
1887,279
1915,226
1786,313
1626,051
1348,352
1251,419
1154,991
1190,852
1205,263
1217,051
1528,268
1682,818
1881,197
1963,816
1933,439
1947,78
1873,206
1930,816
1949,576
1937,668
1895,898
1979,425
1938,544
1914,791
1759,063
1769,077
1678,616
1495,518
1318,115
1196,923
1114,164
1135,744
1148,271
1199,471
1470,036
1637,23
1866,242
1950,554
1933,112
1896,389
1786,504
1859,065
1847,437
1795,92
1813,85
1948,154
1956,431
1889,968
1752,029
1682,285
1643,807
1546,442
1632,266
1453,056
1328,874
1272,306
1369,426
1548,855
1618,976
1681,753
1920,743
2013,641
1988,652
1999,435
1902,966
1964,752
1927,86
1810,748
1796,392
1896,829
1893,801
1854,242
1847,394
1822,068
1765,122
1551,688
1443,229
1177,26
1083,33
1040,087
1074,589
1101,157
1363,072
1445,619
1573,458
1655,598
1683,282
1678,622
1642,4
1674,979
1647,335
1610,735
1591,958
1701,226
1693,958
1642,51
1638,386
1584,32
1526,097
1376,498
1171,272
1076,613
1024,798
1002,472
1007,055
1039,646
1097,297
1212,55
1388,561
1531,265
1602,731
1640,336
1632,462
1602,281
1543,071
1490,872
1510,912
1663,283
1696,471
1662,239
1629,212
1570,115
1462,747
1257,854
1138,232
1060,263
1020,135
1003,37
1017,083
1104,692
1324,994
1541,185
1696,841
1760,794
1740,393
1732,77
1711,728
1739,994
1741,068
1698,051
1674,845
1813,328
1805,737
1746,925
1676,067
1589,775
1493,414
1338,958
1216,769
1115,36
1075,863
1086,553
1097,32
1171,203
1367,701
1554,034
1750,137
1785,675
1752,108
1749,615
1747,116
1815,106
1798,429
1752,272
1749,34
1868,217
1850,258
1820,091
1697,577
1628,895
1514,568
1355,894
1291,209
1211,749
1189,926
1195,877
1187,298
1215,974
1444,288
1619,784
1741,094
1790,256
1788,197
1783,053
1782,244
1834,258
1834,842
1778,759
1747,954
1865,616
1887,983
1843,949
1785,941
1742,482
1584,926
1393,007
1317,381
1257,921
1217,442
1208,616
1192,88
1208,96
1383,242
1590,116
1727,517
1773,223
1734,355
1698,127
1668,261
1691,102
1669,633
1634,205
1662,622
1805,044
1823,589
1798,623
1698,581
1623,469
1530,6
1424,238
1371,153
1406,283
1353,839
1280,155
1255,22
1200,668
1426,321
1617,41
1784,372
1829,704
1806,34
1774,63
1725,448
1772,682
1774,765
1734,025
1746,391
1871,446
1886,053
1841,439
1705,585
1663,135
1591,936
1496,564
1293,834
1234,905
1224,424
1158,387
1156,909
1169,821
1310,597
1487,233
1637,678
1758,849
1767,867
1775,674
1738,652
1800,49
1797,716
1710,904
1604,877
1759,834
1807,746
1740,316
1723,863
1683,229
1625,934
1487,35
1329,012
1288,262
1227,368
1202,141
1183,653
1254,179
1271,025
1352,144
1568,549
1695,37
1771,603
1715,576
1668,825
1631,801
1617,222
1687,286
1814,409
1844,396
1836,176
1684,509
1720,415
1636,59
1578,955
1450,92
1281,806
1212,607
1154,452
1135,2939999999999
1137,117
1188,091
1384,271
1571,985
1726,877
1795,846
1816,254
1789,529
1767,97
1833,246
1850,21
1801,185
1745,77
1853,463
1864,806
1821,06
1749,487
1710,575
1643,375
1551,307
1414,756
1308,606
1285,454
1380,304
1351,253
1286,118
1517,176
1616,683
1768,147
1804,686
1760,85
1767,863
1763,567
1795,481
1877,046
1796,855
1735,928
1837,275
1855,156
1827,404
1752,33
1682,711
1650,757
1522,153
1362,036
1281,953
1298,47
1329,261
1254,202
1296,405
1525,979
1669,819
1791,713
1819,404
1809,908
1823,69
1784,965
1834,425
1822,116
1773,389
1765,403
1860,492
1893,629
1859,559
1802,274
1712,451
1608,091
1486,018
1470,65
1413,702
1409,719
1395,79
1434,92
1358,384
1457,981
1679,15
1827,215
1861,327
1866,454
1876,17
1852,191
1972,76
1831,275
1773,425
1812,633
1856,202
1900,269
1910,574
1865,686
1813,594
1793,942
1619,254
1508,788
1446,09
1380,992
1417,503
1415,036
1399,555
1590,226
1757,075
1804,051
1870,258
1870,68
1814,218
1789,623
1822,93
1799,271
1764,905
1737,544
1785,779
1835,916
1800,066
1761,147
1652,668
1656,019
1583,694
1497,526
1392,634
1382,803
1386,972
1411,9
1382,294
1440,01
1593,0
1770,211
1852,223
1846,796
1835,784
1783,119
1764,314
1691,785
1597,306
1539,831
1686,704
1777,752
1742,713
1722,921
1645,692
1651,689
1580,449
1386,634
1275,611
1220,528
1203,225
1197,481
1228,875
1270,776
1453,239
1611,061
1712,345
1726,14
1761,872
1698,95
1678,794
1633,941
1682,796
1537,477
1607,382
1801,291
1766,907
1753,582
1714,516
1627,346
1488,171
1371,799
1362,279
1384,893
1384,126
1207,903
1167,157
1353,254
1636,973
1786,438
1800,288
1737,254
1667,378
1662,951
1670,279
1627,719
1586,213
1561,17
1731,089
1843,325
1809,789
1753,065
1597,355
1538,628
1429,358
1352,058
1311,001
1338,028
1327,863
1239,365
1263,723
1447,27
1675,94
1812,618
1831,501
1764,484
1736,056
1734,544
1840,241
1792,966
1787,401
1765,075
1748,968
1910,687
1943,632
1913,684
1808,762
1706,181
1583,539
1373,451
1337,562
1322,105
1268,042
1288,996
1249,985
1442,775
1694,269
1829,822
1801,742
1782,868
1718,112
1698,024
1739,489
1710,047
1642,825
1604,022
1727,917
1808,623
1789,14
1717,046
1657,097
1622,461
1509,194
1368,394
1368,901
1352,261
1328,098
1233,046
1192,804
1435,441
1650,493
1734,231
1721,305
1725,562
1665,901
1705,077
1775,96
1739,492
1707,015
1655,358
1764,0
1865,225
1832,188
1779,671
1741,316
1636,348
1481,726
1263,244
1176,243
1171,516
1143,944
1130,771
1204,406
1439,94
1582,747
1699,355
1730,169
1711,754
1673,576
1656,858
1696,25
1704,087
1667,091
1647,317
1747,917
1776,789
1817,16
1802,189
1805,054
1664,936
1515,375
1434,25
1353,0
1257,499
1277,886
1338,034
1381,395
1475,71
1663,603
1826,077
1910,005
1859,428
1885,735
1855,421
1911,487
1899,382
1870,979
1753,095
1803,989
1897,373
1877,493
1813,853
1715,298
1663,367
1504,172
1400,617
1349,918
1315,761
1279,7
1264,742
1346,264
1368,343
1448,91
1627,233
1725,365
1743,478
1751,888
1710,852
1669,524
1600,844
1571,73
1720,953
1684,808
1761,796
1785,385
1748,224
1671,854
1473,259
1310,231
1260,905
1142,749
1119,019
1055,702
1057,345
1157,127
1389,386
1670,34
1837,281
1913,658
1898,732
1970,776
1993,123
2038,731
1975,935
1900,213
1869,885
1879,872
2036,81
2059,9139999999998
2021,391
1963,271
1803,258
1562,606
1444,873
1370,099
1271,06
1280,835
1233,005
1334,26
1605,698
1748,602
1886,544
1860,507
1874,66
1854,828
1871,313
1916,036
1906,575
1822,542
1732,904
1806,961
1943,87
1913,991
1827,324
1877,038
1741,674
1513,208
1292,153
1245,399
1262,666
1352,815
1390,84
1271,108
1459,846
1713,857
1876,357
1894,631
1855,448
1832,392
1813,756
1863,753
1836,89
1777,901
1710,902
1800,364
1984,787
1957,884
1883,598
1801,015
1644,526
1494,25
1429,63
1285,208
1207,654
1249,286
1268,497
1348,929
1588,519
1745,212
1804,208
1766,784
1663,922
1670,605
1633,074
1695,719
1676,098
1645,965
1562,253
1760,283
1904,711
1880,541
1833,556
1784,91
1710,253
1495,945
1342,697
1234,331
1159,704
1137,551
1120,9479999999999
1142,073
1328,2
1539,624
1668,185
1705,408
1731,16
1710,973
1675,02
1661,872
1664,006
1630,591
1609,721
1728,353
1857,258
1796,105
1654,851
1623,701
1484,576
1298,888
1283,897
1167,579
1088,504
1133,9940000000001
1156,938
1178,248
1266,109
1423,375
1551,664
1599,054
1616,024
1560,867
1594,711
1756,958
1713,794
1637,007
1430,571
1496,132
1674,038
1683,625
1649,077
1614,26
1502,372
1412,605
1248,836
1140,391
1013,054
989,18
1000,21
1042,496
1086,726
1401,163
1507,44
1537,601
1587,997
1558,243
1510,842
1533,451
1545,681
1602,267
1535,213
1442,716
1664,218
1699,077
1632,346
1634,725
1498,801
1379,644
1297,118
1146,792
1085,2240000000002
1047,6599999999999
1101,211
1200,528
1426,827
1753,747
1979,694
1980,409
1879,529
1829,15
1803,461
1872,245
1921,745
1857,734
1769,582
1886,502
1986,099
1966,217
1806,474
1789,351
1629,059
1406,172
1258,905
1146,1109999999999
1073,679
1080,601
1107,202
1189,936
1584,257
1790,026
1978,938
1990,237
1916,863
1927,534
1864,585
1930,62
1924,584
1885,526
1775,65
1850,665
1846,769
1818,041
1788,967
1778,687
1595,507
1357,19
1275,58
1175,7939999999999
1090,362
1087,0140000000001
1067,574
1161,023
1495,729
1685,213
1832,775
1909,433
1927,913
1887,516
1926,137
2043,765
2008,091
1896,413
1797,102
1718,44
1832,235
1864,371
1727,369
1812,672
1631,492
1417,646
1147,548
1037,9740000000002
998,401
996,294
1016,133
1115,111
1352,333
1468,87
1655,767
1649,565
1631,319
1632,858
1688,54
1738,28
1725,278
1673,013
1633,255
1655,088
1834,625
1795,87
1705,58
1707,754
1495,45
1371,43
1118,449
1025,659
1035,903
1033,721
1011,875
1117,1779999999999
1365,975
1556,319
1657,643
1642,989
1608,369
1592,166
1603,294
1650,493
1676,981
1663,315
1559,46
1655,591
1749,962
1750,046
1587,477
1619,835
1434,818
1302,087
1092,883
988,276
980,377
959,002
960,357
1031,529
1116,41
1344,371
1416,395
1488,385
1462,512
1456,623
1587,064
1573,785
1542,81
1422,403
1402,67
1560,455
1701,727
1779,976
1700,591
1635,85
1519,129
1319,343
1266,461
1138,837
1088,141
1090,437
1135,838
1198,341
1305,5729999999999
1485,615
1518,775
1557,07
1536,36
1492,853
1505,216
1455,138
1437,456
1427,176
1404,577
1411,525
1589,818
1581,202
1572,865
1520,834
1376,419
1179,254
1184,5529999999999
1122,975
1032,475
1051,458
1164,579
1255,48
1435,664
1695,17
2011,137
2057,589
1974,33
2156,874
2223,182
2387,2380000000003
2291,7619999999997
2139,196
1891,143
1785,329
1801,038
1818,973
1821,283
1760,118
1665,453
1601,728
1622,057
1563,398
1533,992
1610,505
1504,819
1700,931
1965,961
2079,5280000000002
2131,807
2092,916
2108,636
2110,837
2120,7929999999997
2263,027
2153,307
2111,3779999999997
1973,25
1952,055
2021,462
2073,982
1988,813
2005,51
1947,101
1676,882
1362,95
1326,003
1248,393
1241,551
1406,104
1293,117
1577,415
1732,393
1815,317
1858,347
1916,223
1963,814
1909,71
1992,632
1998,904
1970,069
1910,654
1773,105
1970,788
2053,3779999999997
1999,454
2024,196
1908,395
1588,975
1333,248
1240,649
1205,312
1208,287
1219,838
1333,325
1579,312
1784,668
1905,102
1872,527
1851,824
1988,403
1914,253
1996,294
1991,016
1979,614
1924,138
1841,675
2090,959
2068,8959999999997
1969,347
1939,432
1826,256
1581,205
1357,74
1242,057
1199,5720000000001
1195,4189999999999
1223,852
1394,057
1660,166
1780,831
1875,689
1845,236
1850,565
1956,979
1926,119
2045,703
2033,805
2005,906
1941,116
1823,362
2022,087
2015,292
1937,524
1918,741
1781,423
1541,591
1239,015
1151,408
1099,13
1089,31
1101,972
1229,176
1461,106
1683,114
1933,864
2015,384
1985,252
2023,942
2012,311
2066,6620000000003
2042,019
1970,185
1887,748
1775,754
1923,16
1975,797
1937,443
1847,11
1682,14
1420,774
1314,857
1290,642
1221,9940000000001
1194,924
1177,874
1263,992
1354,275
1423,962
1543,502
1625,155
1549,699
1545,45
1484,11
1411,821
1371,89
1358,138
1321,075
1361,264
1525,523
1590,785
1602,081
1516,999
1345,674
1150,841
1117,047
1048,071
1015,435
1008,624
1034,633
1166,495
1550,897
1932,455
1990,568
1990,052
2000,147
2230,562
2245,201
2336,3779999999997
2317,473
2296,883
2253,4849999999997
2196,46
2250,6279999999997
2323,773
2294,764
2349,975
2207,9719999999998
1941,955
1511,096
1459,498
1455,725
1476,1019999999999
1476,605
1802,7
1932,331
2190,775
2280,774
2268,2
2287,3720000000003
2394,607
2478,362
2552,284
2530,226
2490,112
2419,852
2333,397
2297,4539999999997
2272,902
2246,978
2225,758
2114,3019999999997
1839,801
1542,576
1551,206
1498,354
1429,992
1328,329
1655,387
1899,56
1995,385
1995,467
2039,679
2061,047
2140,484
2128,016
2210,652
2212,409
2244,1040000000003
2122,69
2034,026
2108,21
2106,301
2027,376
2176,987
2098,74
2002,507
1915,146
1916,099
1869,4189999999999
1837,9270000000001
1741,029
1807,394
1778,956
1848,588
1832,985
2013,434
2041,606
2264,379
1954,423
2126,732
1926,949
1899,239
1824,381
1624,407
1750,661
1833,033
1752,017
1878,338
1937,085
1813,871
1528,499
1600,019
1566,2179999999998
1584,708
1433,087
1293,789
1661,524
1787,262
1815,235
1860,762
2013,926
2194,526
2010,247
2142,0730000000003
2015,918
1969,91
1837,871
1696,404
1788,318
1958,193
1866,777
1991,375
1979,494
1892,882
1573,399
1580,292
1545,8899999999999
1518,312
1461,607
1398,27
1799,721
2033,785
2166,0460000000003
2138,5389999999998
2123,0150000000003
2129,779
2031,22
2134,973
2132,069
2078,2529999999997
1996,313
1924,981
2000,924
2096,072
1992,272
1905,896
1689,976
1523,283
1381,195
1380,5900000000001
1328,895
1339,9679999999998
1342,864
1385,344
1588,013
1656,412
1693,194
1709,686
1678,502
1733,475
1738,597
1711,524
1642,723
1571,628
1492,917
1499,793
1704,654
1864,712
1764,843
1797,405
1611,75
1463,821
1393,882
1392,772
1376,5839999999998
1339,362
1372,7530000000002
1472,936
1656,212
1793,745
1871,211
1937,93
2058,04
2109,048
2127,875
2231,228
2148,673
2232,145
2132,928
2037,24
2181,752
2203,17
2080,5969999999998
2023,722
1915,054
1743,584
1446,738
1418,482
1333,5729999999999
1358,233
1343,454
1519,706
1684,29
1792,04
1941,571
1993,578
1988,413
2073,133
2128,174
2256,866
2249,693
2211,841
2140,964
2079,624
1948,137
1985,539
1975,388
2023,728
1942,891
1799,789
1395,363
1397,026
1273,7640000000001
1255,562
1264,647
1404,294
1753,329
1898,373
2055,632
2133,3900000000003
2117,42
2167,795
2091,1949999999997
2180,182
2149,562
2159,545
2151,995
2040,213
2154,975
2139,493
2062,4939999999997
2085,723
2036,344
1827,407
1458,342
1513,076
1454,9360000000001
1380,866
1240,826
1294,858
1527,967
1592,541
1796,794
1785,61
1876,722
1959,067
1839,526
1903,301
1847,623
1812,937
1695,182
1553,87
1674,256
1820,784
1690,244
1751,496
1640,687
1540,207
1437,335
1416,606
1376,4160000000002
1336,364
1301,221
1276,489
1595,706
1733,433
1795,453
1825,376
1891,954
1961,277
1867,446
2017,169
2089,484
2095,969
1981,052
1814,244
1801,484
1875,095
1818,072
1865,543
1821,793
1694,719
1556,336
1484,684
1494,466
1520,58
1536,703
1587,291
1907,605
1949,346
1995,4
2034,342
2127,341
2156,681
2132,138
2325,518
2312,4790000000003
2166,018
2015,35
1837,351
1789,704
1887,57
1939,243
1913,832
1932,496
1862,305
1695,695
1058,828
964,489
1596,502
1615,925
1669,345
1833,154
1998,323
2032,828
1934,886
1806,746
1738,77
1745,944
1769,956
1662,139
1702,807
1733,659
1768,176
1940,244
1971,664
1920,241
1745,809
1626,062
1505,116
1542,414
1580,685
1640,804
1717,059
1790,156
1739,338
1776,634
1498,798
1509,591
1503,107
1555,195
1625,865
1616,201
1688,392
1653,376
1593,132
1539,391
1484,205
1543,329
1574,803
1502,223
1485,904
1364,805
1349,252
1296,4569999999999
1281,769
1393,876
1557,545
1576,295
1557,252
1707,695
1871,361
1974,368
1910,898
2007,632
2014,739
1857,348
1887,103
1814,598
1761,936
1519,592
1575,995
1637,232
1595,944
1521,873
1466,675
1335,98
1238,932
1173,531
1433,45
1369,969
1376,999
1479,9009999999998
1547,024
1568,013
1634,611
1768,533
1731,439
1768,874
1787,82
1757,335
1863,529
1873,448
1773,512
1630,176
1603,322
1666,928
1654,458
1550,022
1483,002
1407,126
1387,841
1352,967
1494,76
1482,6599999999999
1468,5520000000001
1602,603
1552,166
1467,44
1538,997
1628,498
1608,539
1678,636
1689,999
1679,548
1775,531
1742,254
1636,044
1515,607
1504,145
1585,896
1579,532
1503,943
1446,672
1471,297
1276,901
1243,993
1411,596
1301,0149999999999
1296,501
1389,926
1452,778
1659,271
1750,434
1845,973
1901,997
1945,602
2018,167
2041,46
1973,832
1940,347
1916,169
1701,252
1703,467
1679,666
1613,542
1552,454
1428,484
1420,646
1289,84
1255,262
1300,4650000000001
1320,4
1363,308
1425,192
1500,667
1516,729
1643,947
1668,773
1648,33
1707,279
1668,595
1744,108
1749,716
1708,894
1716,563
1679,333
1682,783
1646,075
1715,941
1627,886
1640,353
1488,366
1307,777
1230,6190000000001
1164,29
1128,194
1075,059
1111,592
1143,504
1225,828
1362,851
1553,223
1584,057
1586,842
1512,571
1490,187
1427,286
1439,08
1468,964
1528,099
1626,911
1851,763
1958,428
1782,993
1566,9
1432,423
1219,7820000000002
1117,278
1046,205
1075,738
1133,267
1132,902
1300,55
1385,417
1539,377
1562,057
1552,387
1665,472
1733,17
1717,117
1661,689
1627,421
1588,681
1449,909
1498,093
1625,278
1687,491
1537,301
1452,265
1239,556
1114,902
1079,818
1104,141
1183,558
1233,783
1328,459
1311,543
1405,937
1494,353
1525,389
1494,05
1473,617
1444,571
1503,146
1550,765
1527,619
1462,816
1448,633
1443,198
1508,244
1580,203
1498,867
1352,639
1354,444
1197,998
1123,597
1176,1860000000001
1088,6019999999999
1127,703
1214,6
1411,264
1567,856
1497,539
1518,172
1481,163
1486,921
1451,943
1564,94
1618,423
1566,737
1460,357
1424,925
1449,814
1535,535
1558,535
1466,753
1358,03
1359,84
1120,106
1053,288
1009,429
953,032
982,35
1071,3490000000002
1335,489
1416,909
1467,397
1491,694
1466,48
1476,272
1463,37
1528,654
1590,923
1541,744
1474,798
1439,559
1455,447
1557,569
1668,562
1614,257
1505,81
1489,885
1232,996
1123,306
1049,404
1067,692
1102,9479999999999
1163,156
1320,326
1505,957
1571,03
1590,278
1591,089
1622,371
1590,042
1883,041
1878,436
1810,281
1675,452
1592,646
1640,817
1690,028
1725,492
1649,409
1546,966
1534,989
1247,055
1162,666
1086,018
1093,429
1109,976
1153,675
1210,19
1425,579
1675,986
1689,405
1763,548
1842,305
1845,707
1795,269
1841,284
1826,064
1820,896
1787,444
1687,271
1709,585
1750,75
1640,07
1560,644
1472,37
1312,759
1319,203
1390,54
1342,931
1372,6100000000001
1420,444
1516,6779999999999
1504,831
1550,094
1644,49
1640,984
1737,095
1747,603
1716,493
1771,817
1768,691
1793,115
1796,422
1747,2
1834,957
1730,431
1654,182
1626,972
1502,808
1326,106
1285,435
1304,701
1336,999
1366,97
1330,583
1492,12
1647,232
1601,905
1626,333
1683,078
1674,346
1699,542
1652,596
1646,834
1594,017
1586,67
1508,251
1499,383
1566,65
1651,326
1588,158
1437,542
1378,731
1252,509
1270,618
1305,703
1396,796
1385,595
1501,22
1563,565
1607,442
1562,52
1622,548
1538,638
1564,408
1551,349
1513,098
1574,717
1561,438
1511,658
1470,527
1435,436
1546,895
1672,447
1664,011
1465,256
1313,159
1249,354
1165,325
1139,362
1183,159
1188,536
1185,035
1306,537
1476,441
1555,081
1546,001
1500,026
1487,555
1504,414
1458,926
1494,2
1469,768
1471,377
1409,039
1400,306
1514,479
1649,428
1580,633
1422,541
1270,526
1176,184
1269,963
1170,1399999999999
1132,513
1238,4180000000001
1262,479
1401,32
1456,134
1536,032
1550,408
1520,729
1518,004
1527,324
1573,365
1647,057
1587,799
1530,453
1568,261
1545,282
1708,833
1804,083
1736,727
1623,363
1459,647
1306,764
1501,568
1427,5700000000002
1415,19
1407,412
1481,539
1650,842
1669,847
1785,161
1880,05
1897,964
1885,394
1886,406
1861,31
1871,264
1859,169
1817,589
1805,845
1794,872
1887,833
2060,059
1967,056
1672,569
1621,097
1454,387
1466,842
1393,681
1346,8400000000001
1335,408
1386,569
1500,265
1576,332
1813,053
1751,417
1823,787
1794,405
1774,529
1856,297
1884,075
1885,375
1853,003
1784,808
1801,893
1810,719
2155,309
2065,009
1949,29
1729,415
1486,314
1546,978
1426,702
1386,825
1372,391
1404,162
1446,4160000000002
1629,173
1864,182
1889,64
1891,191
1886,766
1867,989
1815,766
2045,614
2013,313
2020,419
2062,659
1999,437
2009,052
2187,69
2060,29
1859,308
1648,723
1538,851
1465,937
1423,0349999999999
1543,667
1558,199
1658,453
1896,904
2094,0609999999997
2356,66
2428,0370000000003
2392,1279999999997
2316,035
2298,266
2283,468
2471,933
2477,518
2429,0429999999997
2336,511
2109,139
2173,425
2217,417
2119,382
1927,526
1788,408
1592,446
1542,579
1580,214
1540,691
1504,799
1565,0929999999998
1547,21
1625,116
1669,084
1653,179
1601,196
1556,553
1543,299
1609,973
1701,117
1575,128
1533,555
1477,191
1460,556
1504,305
1593,225
1535,802
1344,286
1266,458
1264,821
1181,393
1137,663
1059,408
1078,288
1176,757
1299,256
1491,186
1463,814
1456,547
1439,207
1413,766
1444,929
1538,951
1575,62
1577,233
1614,056
1587,846
1546,373
1559,465
1544,352
1535,944
1372,728
1357,149
1269,496
1337,358
1176,608
1114,234
1112,569
1223,597
1346,064
1439,137
1672,131
1749,668
1662,984
1707,899
1736,711
1761,63
1799,314
1791,411
1714,008
1585,179
1418,325
1415,382
1548,185
1567,907
1343,11
1312,341
1304,997
1200,65
1171,829
1132,433
1118,9850000000001
1179,798
1268,807
1526,998
1542,782
1570,171
1554,934
1552,388
1576,431
1567,459
1607,794
1578,587
1591,123
1521,444
1437,236
1547,671
1614,174
1492,994
1409,494
1428,94
1327,419
1268,754
1288,838
1410,684
1431,55
1455,7150000000001
1523,77
1563,119
1649,078
1733,299
1782,08
1872,095
1862,552
1850,659
1910,728
1880,649
1837,451
1847,174
1732,716
1510,807
1584,109
1501,24
1381,232
1399,457
1373,734
1335,482
1337,725
1381,174
1388,733
1398,4479999999999
1412,933
1438,861
1530,478
1620,667
1641,609
1620,019
1541,611
1679,248
1661,98
1719,416
1599,636
1480,232
1501,672
1465,892
1558,389
1515,949
1386,819
1386,111
1343,269
1312,116
1257,35
1251,749
1318,732
1397,091
1546,258
1626,491
1558,74
1606,31
1563,024
1541,603
1617,251
1620,618
1693,552
1673,926
1593,677
1551,379
1573,524
1572,036
1495,52
1479,199
1315,828
1217,053
1197,533
1154,362
1125,356
1122,318
1137,252
1276,8319999999999
1299,787
1393,195
1585,289
1595,211
1584,159
1540,659
1544,824
1560,075
1691,401
1678,86
1599,281
1623,828
1630,093
1513,059
1585,295
1582,895
1376,132
1367,165
1316,018
1224,379
1272,38
1341,717
1365,934
1462,6390000000001
1530,893
1672,231
1722,456
1776,307
1693,04
1614,22
1577,655
1708,125
1746,57
1750,154
1692,681
1646,079
1643,788
1542,847
1619,779
1553,526
1547,299
1514,215
1381,338
1206,164
1119,661
1063,875
1073,746
1131,44
1269,674
1294,77
1421,381
1480,239
1513,682
1557,792
1624,318
1583,668
1617,456
1575,604
1512,097
1439,242
1401,74
1329,262
1532,995
1604,598
1493,971
1487,68
1308,734
1207,675
1187,8780000000002
1161,999
1179,751
1255,792
1344,012
1377,4
1397,321
1562,236
1627,588
1735,353
1754,321
1798,268
1739,866
1655,05
1612,03
1560,529
1471,424
1535,29
1696,597
1764,057
1602,084
1692,224
1410,748
1342,67
1302,996
1295,6280000000002
1290,6889999999999
1309,268
1378,029
1495,372
1676,113
1742,308
1824,415
1853,039
1927,589
2026,898
2038,417
1976,272
1948,025
1952,132
1852,481
1719,668
1695,508
1594,788
1422,541
1389,003
1286,548
1328,529
1321,3809999999999
1420,405
1403,067
1432,103
1517,125
1497,478
1576,518
1751,933
1835,811
1866,217
1849,261
1847,802
1780,491
1761,152
1794,668
1852,616
1841,914
1884,27
1894,704
1728,196
1613,093
1471,27
1348,097
1352,7649999999999
1519,772
1344,107
1348,31
1347,44
1385,435
1523,872
1500,466
1549,205
1544,643
1549,288
1595,989
1616,588
1548,379
1552,973
1571,035
1554,275
1530,898
1604,759
1575,076
1532,656
1401,892
1311,124
1282,191
1289,991
1275,444
1235,876
1202,6480000000001
1263,67
1467,468
1663,929
1611,292
1615,747
1597,181
1570,199
1543,439
1524,493
1591,446
1620,003
1565,114
1487,792
1503,542
1589,759
1633,545
1615,669
1476,109
1355,23
1291,511
1184,377
1239,056
1222,551
1166,221
1233,946
1309,536
1530,062
1508,478
1511,49
1475,872
1455,565
1436,189
1423,383
1444,107
1421,681
1397,485
1386,422
1445,26
1684,391
1638,488
1723,759
1396,558
1366,661
1236,11
1083,557
1026,187
1003,217
1009,51
1045,874
1225,52
1304,087
1625,395
1793,526
1839,977
1901,008
1845,443
1874,749
1935,873
1880,814
1868,221
1750,788
1724,064
1684,635
1630,694
1601,696
1412,091
1271,372
1225,262
1276,4470000000001
1240,15
1144,404
983,235
1009,156
1216,995
1381,569
1514,445
1499,127
1453,906
1448,382
1427,195
1395,502
1424,393
1407,436
1381,935
1354,489
1373,658
1513,417
1578,866
1619,156
1448,377
1547,028
1336,578
1230,08
1178,088
1169,693
1095,691
1066,173
1139,882
1335,983
1405,954
1499,747
1525,532
1628,146
1513,352
1549,242
1550,874
1547,667
1509,67
1513,149
1513,73
1645,182
1742,289
1662,041
1384,973
1445,171
1300,441
1552,042
1524,616
1494,879
1524,786
1456,558
1476,966
1580,877
1626,133
1589,331
1619,984
1751,324
1782,438
1818,321
1842,695
1903,161
1962,483
2096,8199999999997
2056,581
1971,497
1741,801
1627,114
1527,321
1283,231
1330,962
962,616
945,958
925,666
921,598
972,991
1111,558
1327,026
1452,994
1504,345
1523,575
1539,238
1541,518
1524,445
1581,011
1570,333
1522,44
1506,517
1499,206
1577,321
1554,948
1506,384
1369,004
1237,839
1115,765
1037,2359999999999
1086,8490000000002
1069,103
980,818
1010,747
1184,834
1389,578
1508,647
1556,792
1575,302
1588,841
1582,156
1623,066
1667,133
1613,287
1558,634
1530,306
1537,31
1607,543
1615,829
1571,99
1454,876
1307,153
1151,02
1056,395
1050,535
1037,507
1005,46
1121,828
1306,255
1694,473
1620,14
1663,797
1661,342
1635,123
1717,382
1635,2
1659,829
1631,282
1574,74
1543,251
1541,642
1627,78
1660,127
1625,853
1461,818
1288,836
1202,585
1059,081
1042,963
1007,865
992,254
1016,966
1198,453
1395,175
1496,276
1526,624
1522,111
1530,855
1514,947
1507,259
1546,629
1547,345
1505,249
1525,011
1584,72
1655,539
1621,138
1628,953
1410,079
1381,982
1267,288
1192,655
1145,67
1105,399
1048,9
1033,216
1291,649
1397,376
1549,257
1539,209
1537,41
1483,666
1469,935
1602,402
1596,273
1622,334
1445,524
1393,047
1383,057
1449,553
1509,442
1524,366
1386,896
1260,823
1156,826
1265,733
1256,488
1184,159
1203,4940000000001
1230,6100000000001
1230,105
1408,582
1386,108
1442,866
1428,434
1472,223
1454,203
1396,174
1464,225
1460,908
1439,536
1492,429
1538,258
1564,581
1595,884
1693,374
1369,371
1353,518
1113,385
1115,085
1106,534
1080,981
1008,911
1007,127
1060,632
1183,89
1233,819
1351,725
1484,907
1517,157
1475,867
1484,614
1527,549
1472,181
1500,669
1671,494
1758,007
1737,687
1839,726
1873,943
1669,039
1355,669
1145,896
1053,319
1047,44
1022,851
1001,659
1003,877
1197,781
1306,083
1487,914
1589,587
1406,937
1438,768
1395,935
1387,671
1415,812
1397,044
1369,349
1338,301
1348,931
1428,689
1487,438
1539,48
1347,097
1256,558
1194,523
1012,436
1017,446
952,797
924,216
949,464
1219,615
1299,481
1405,733
1545,827
1485,73
1548,085
1394,698
1446,191
1477,421
1412,069
1397,079
1368,438
1397,237
1477,938
1502,606
1474,286
1421,773
1260,916
1219,665
1000,16
1008,355
949,211
927,272
968,357
1103,237
1315,674
1383,19
1401,575
1385,957
1382,737
1373,39
1366,647
1416,394
1400,987
1386,545
1335,507
1351,513
1433,913
1479,955
1463,396
1327,204
1194,912
1064,692
1036,295
1037,935
1007,927
1008,411
1085,115
1097,665
1319,394
1421,265
1459,756
1425,713
1430,747
1456,994
1420,989
1452,628
1434,735
1413,006
1368,654
1365,939
1430,124
1482,179
1474,586
1360,103
1206,186
1070,234
977,926
962,837
919,964
906,365
929,406
1061,526
1262,22
1349,588
1359,414
1347,549
1348,546
1344,04
1336,196
1379,307
1362,765
1340,215
1300,328
1290,509
1362,607
1408,7
1419,944
1296,85
1182,085
1068,274
989,347
972,455
928,473
928,783
992,99
1035,7930000000001
1222,815
1345,318
1395,208
1405,989
1405,175
1388,434
1376,505
1393,44
1359,55
1318,907
1291,302
1290,082
1349,433
1406,781
1409,764
1265,738
1153,079
1037,552
971,933
962,98
950,716
943,953
1016,212
1001,745
1137,106
1170,458
1259,89
1318,37
1314,447
1363,761
1482,023
1560,576
1580,034
1653,449
1670,227
1538,357
1495,314
1594,95
1519,427
1274,373
1102,309
986,845
1077,4560000000001
1065,7069999999999
1054,546
990,451
972,316
1270,9
1286,008
1416,791
1443,474
1468,155
1432,734
1480,823
1499,955
1451,65
1420,694
1401,92
1367,924
1386,037
1466,026
1477,544
1455,598
1315,258
1189,023
1127,766
1047,141
1029,3229999999999
981,296
971,772
973,982
1099,743
1313,319
1365,892
1401,291
1416,766
1433,824
1428,337
1418,788
1479,927
1452,932
1425,074
1388,85
1379,651
1460,533
1500,487
1475,74
1348,686
1242,932
1140,987
1095,642
1079,955
1047,018
1019,943
1027,5900000000001
1177,746
1332,99
1388,063
1432,103
1437,558
1443,189
1448,635
1462,279
1586,844
1498,081
1512,707
1545,572
1497,98
1544,828
1534,04
1544,619
1350,056
1287,902
1260,187
1370,187
1388,796
1370,972
1339,883
1256,498
1438,428
1442,935
1398,877
1536,528
1554,799
1460,235
1446,83
1496,971
1590,643
1685,578
1674,991
1720,472
1721,362
1692,793
1770,023
1698,566
1431,867
1428,17
1293,567
1412,034
1256,9940000000001
1257,402
1166,0
1001,804
1204,928
1407,577
1500,227
1496,072
1461,072
1530,118
1502,045
1626,569
1682,252
1594,211
1622,994
1650,536
1624,27
1642,387
1651,963
1604,404
1458,324
1350,683
1238,379
1129,053
1026,254
1017,184
1007,084
1021,503
1150,13
1350,888
1451,15
1506,442
1521,2710000000002
1550,615
1529,476
1522,335
1720,513
1694,423
1614,553
1481,9339999999997
1469,165
1557,33
1575,158
1589,4709999999998
1425,959
1257,487
1129,5430000000001
1082,0
1084,195
1086,3100000000002
1051,0900000000001
1061,295
1205,808
1415,614
1483,549
1504,2420000000002
1567,677
1713,75
1721,813
1783,708
2140,01
2162,2390000000005
2077,7650000000003
2015,6259999999997
1961,0549999999998
1752,034
1884,459
1900,503
1688,351
1446,461
1248,19
1146,385
1061,0700000000002
1063,9500000000003
992,0260000000001
979,167
1128,108
1359,0629999999999
1467,298
1510,239
1505,2540000000001
1512,5339999999999
1505,633
1480,0030000000002
1506,7060000000001
1490,9009999999998
1449,807
1406,136
1352,445
1403,061
1494,2930000000001
1564,0839999999998
1415,1190000000001
1273,1670000000001
1130,703
1067,142
1024,1329999999998
1002,9269999999999
998,989
1018,921
1143,234
1316,924
1422,661
1476,763
1430,365
1439,6000000000001
1438,737
1404,0170000000003
1428,721
1392,756
1348,7299999999998
1292,125
1272,079
1283,227
1386,81
1443,2110000000002
1296,576
1174,2549999999997
1050,364
980,286
929,9300000000001
918,7170000000001
902,3259999999999
888,693
933,876
1076,6860000000001
1190,899
1278,328
1340,5729999999999
1333,11
1319,185
1298,4879999999998
1260,392
1260,253
1240,4769999999999
1232,267
1245,69
1286,835
1394,883
1423,329
1282,125
1121,453
1033,201
989,691
976,1839999999999
913,0569999999999
903,7189999999999
917,995
1035,714
1232,9699999999998
1172,95
1309,4740000000002
1347,591
1359,661
1364,662
1372,95
1413,5110000000002
1388,886
1370,049
1317,515
1349,7830000000001
1437,519
1489,601
1502,9229999999998
1355,0190000000002
1193,637
1051,58
997,553
971,0820000000001
923,7750000000001
930,539
992,82
1087,889
1286,538
1335,534
1367,732
1372,371
1414,941
1401,208
1391,794
1404,789
1388,1850000000002
1378,556
1326,706
1324,077
1404,178
1503,068
1543,146
1386,5629999999999
1237,3290000000002
1064,78
1152,856
1167,557
1167,779
1206,5639999999999
1226,95
1336,3970000000002
1445,856
1373,282
1396,5959999999998
1436,2119999999998
1498,186
1444,6200000000003
1458,694
1556,705
1563,367
1449,3280000000002
1377,077
1342,935
1411,7559999999999
1552,563
1642,629
1484,498
1333,438
1119,5200000000002
1118,968
1078,105
1035,375
1117,5549999999998
1141,939
1273,217
1403,9240000000002
1470,034
1378,063
1424,216
1447,592
1480,953
1471,939
1492,4850000000001
1481,056
1517,411
1439,272
1444,6550000000002
1482,521
1494,641
1495,9579999999999
1359,371
1259,3190000000002
1193,719
1170,245
1084,208
1030,321
1007,377
1095,051
1241,314
1525,721
1408,323
1369,661
1387,164
1419,645
1443,4660000000001
1429,081
1453,683
1481,3480000000002
1483,862
1433,561
1421,613
1451,167
1514,877
1556,818
1490,075
1373,4450000000002
1332,783
1285,35
1321,937
1307,816
1287,911
1341,498
1404,641
1398,204
1491,4689999999998
1535,444
1523,007
1560,616
1546,906
1531,0870000000002
1569,4409999999998
1561,029
1483,2150000000001
1446,688
1467,381
1481,605
1507,4220000000003
1520,395
1354,8670000000002
1255,783
1219,17
1191,965
1183,6259999999997
1212,83
1198,81
1195,9099999999999
1144,129
1140,201
1278,842
1353,7040000000002
1367,854
1389,477
1403,0200000000002
1388,338
1373,631
1358,308
1350,5810000000001
1338,7880000000002
1369,0639999999999
1435,665
1479,1299999999997
1477,951
1366,86
1219,5609999999997
1141,5439999999999
1224,479
1216,2040000000002
1180,2
1163,479
1255,722
1408,8580000000002
1418,3349999999998
1429,596
1384,969
1366,866
1369,3899999999999
1379,922
1369,1340000000002
1397,0179999999998
1395,445
1369,9419999999998
1309,285
1304,171
1364,178
1422,817
1439,242
1310,705
1229,085
1208,617
1143,4080000000001
1177,848
1177,5810000000001
1234,416
1252,0439999999999
1351,858
1458,824
1360,774
1343,5620000000001
1353,901
1362,794
1396,58
1376,961
1450,858
1444,7669999999998
1434,4660000000001
1343,0369999999998
1333,428
1398,0649999999998
1445,954
1462,784
1341,677
1249,025
1180,743
1099,61
1082,276
1112,424
1089,5700000000002
1199,246
1299,7420000000002
1434,605
1459,002
1397,81
1400,8229999999999
1420,445
1459,9550000000002
1462,3000000000002
1494,445
1456,206
1416,2359999999999
1363,136
1343,9399999999998
1396,6280000000002
1454,303
1521,684
1369,614
1268,827
1163,317
1099,094
1153,104
1212,028
1176,977
1249,174
1407,4189999999999
1582,952
1535,022
1439,1870000000001
1423,178
1438,6309999999999
1455,652
1454,7040000000002
1511,248
1526,29
1564,524
1442,6330000000003
1402,566
1465,7299999999998
1522,087
1499,295
1398,479
1299,3470000000002
1180,112
1160,533
1161,47
1171,5410000000002
1202,138
1231,5499999999997
1313,561
1364,893
1463,921
1461,604
1486,965
1524,181
1535,8
1541,011
1585,639
1550,9370000000001
1504,7830000000001
1452,502
1407,35
1415,8000000000002
1465,6839999999997
1508,526
1384,1480000000001
1258,732
1146,001
1143,554
1180,118
1179,653
1237,915
1254,188
1183,252
1245,653
1283,887
1349,9360000000001
1374,364
1400,8839999999998
1409,729
1406,3609999999999
1441,5759999999998
1420,899
1389,711
1378,902
1326,3649999999998
1365,711
1412,497
1456,1680000000001
1346,328
1233,339
1133,191
1165,9969999999998
1166,708
1124,301
1096,806
1128,027
1085,426
1097,105
1146,998
1224,268
1274,677
1285,728
1272,4409999999998
1259,2330000000002
1218,342
1200,7209999999998
1262,241
1193,435
1227,372
1308,393
1353,647
1340,927
1233,395
1130,7980000000002
1037,342
1065,398
1089,661
1086,6280000000002
1118,932
1163,172
1164,91
1255,172
1281,356
1314,053
1337,864
1348,7569999999998
1356,2759999999998
1367,3760000000002
1422,008
1389,1560000000002
1353,007
1308,966
1299,4289999999999
1352,669
1416,847
1455,581
1337,758
1231,326
1165,329
1090,462
1114,4830000000002
1064,642
1094,625
1087,039
1144,768
1225,7759999999998
1305,128
1424,8609999999999
1703,5790000000002
1583,5919999999999
1522,992
1432,0639999999999
1466,245
1441,261
1379,537
1333,718
1325,1680000000001
1387,757
1432,7920000000001
1456,481
1341,2240000000002
1314,034
1226,164
1083,486
1057,9479999999999
1115,412
1103,385
1147,745
1231,8899999999999
1413,916
1354,533
1402,85
1484,095
1535,8080000000002
1514,9869999999999
1594,6319999999998
1693,6770000000001
1822,485
1790,068
1668,41
1522,8770000000002
1504,63
1556,559
1629,569
1514,6879999999999
1320,004
1192,18
1340,789
1373,344
1281,533
1174,968
1231,266
1313,7
1516,3159999999998
1665,7069999999999
1612,9180000000001
1616,183
1721,0120000000002
1739,312
1723,713
1851,392
1875,8229999999999
1877,4789999999998
1812,3719999999998
1721,919
1664,146
1727,9310000000003
1845,125
1736,162
1597,777
1474,318
1331,2399999999998
1180,648
1122,9099999999999
1092,482
1148,973
1224,0089999999998
1309,354
1680,3580000000002
1606,6799999999998
1629,712
1742,375
1719,073
1666,2570000000003
1684,6989999999998
1669,923
1659,8000000000002
1566,0860000000002
1561,116
1488,7899999999997
1501,8570000000002
1610,247
1436,025
1405,825
1308,095
1164,4850000000001
1144,463
1106,897
1108,4140000000002
1248,278
1229,724
1301,663
1606,177
1565,537
1630,678
1643,2630000000001
1527,282
1514,521
1511,384
1490,974
1547,777
1508,701
1522,077
1540,896
1494,5140000000001
1513,7269999999999
1349,527
1295,924
1213,4940000000001
1115,248
1068,5529999999999
1024,621
1019,4659999999999
1021,572
1039,932
1100,1570000000002
1218,028
1315,0829999999999
1366,1129999999998
1390,439
1386,4070000000002
1360,9890000000003
1319,795
1287,0349999999999
1286,4899999999998
1271,875
1262,0159999999998
1292,866
1417,021
1413,8729999999998
1319,6519999999998
1174,6209999999999
1101,62
1002,2349999999999
967,7339999999999
929,3169999999999
913,083
925,0640000000001
1054,407
1259,716
1347,144
1402,3630000000003
1438,1340000000002
1484,991
1579,5020000000002
1619,5759999999998
1607,3149999999998
1491,1889999999999
1399,696
1360,8190000000002
1362,5629999999999
1408,25
1449,079
1460,102
1342,024
1212,8419999999999
1141,5020000000002
1116,169
1119,559
1042,1850000000002
1018,7489999999999
1080,366
1151,916
1280,2179999999998
1306,9540000000002
1354,898
1357,8010000000002
1377,906
1376,5020000000002
1377,976
1423,369
1411,4789999999998
1377,485
1334,555
1338,242
1357,272
1412,388
1451,919
1351,983
1250,694
1211,4270000000001
1085,6019999999999
1074,964
1048,777
1045,006
1111,036
1221,899
1339,2060000000001
1369,178
1412,544
1416,078
1443,777
1469,9660000000001
1519,3919999999998
1575,0430000000001
1545,644
1519,3130000000003
1457,617
1411,949
1417,2110000000002
1458,8899999999999
1627,0420000000001
1413,797
1254,449
1175,189
1118,2930000000001
1085,402
1069,055
1066,757
1132,429
1252,266
1386,771
1495,392
1466,4260000000002
1482,093
1518,8329999999999
1549,9089999999999
1555,1799999999998
1590,782
1543,543
1478,63
1418,124
1452,983
1498,7790000000002
1594,5939999999998
1606,656
1417,774
1334,6390000000001
1212,19689
1133,6997199999998
1095,9905400000002
1086,34487
1079,8309599999998
1125,53609
1187,8497899999998
1290,87313
1349,9007600000002
1411,12034
1438,5359200000003
1476,0768300000002
1526,2179899999996
1544,63253
1570,8311900000003
1519,82246
1494,04045
1441,0761200000002
1416,8206100000002
1462,5955599999998
1512,7139800000002
1545,81014
1504,10834
1376,59654
1251,06493
1200,3785
1127,7806
1049,51568
1024,9834099999998
1039,71708
1113,25287
1371,8010999999997
1549,41382
1723,5995
1657,2188299999998
1653,60213
1598,46667
1617,6730400000001
1576,64398
1590,08178
1518,6958900000002
1506,33921
1485,02652
1502,08502
1522,7383699999998
1521,9801700000003
1404,9238500000001
1281,23794
1252,77512
1099,1725200000003
1041,8732
949,9579400000001
924,68668
962,43808
980,9500199999999
1102,1023200000002
1219,44485
1368,1185200000002
1401,43739
1400,14805
1400,3657600000001
1387,05933
1361,47067
1337,3513999999998
1338,2201100000002
1335,40641
1378,46029
1418,02678
1429,99818
1426,6478200000001
1330,96435
1181,66381
1056,72719
1098,47559
1021,5227200000002
975,8190099999999
941,8019
963,3831899999999
1057,0055499999999
1210,4171
1310,49946
1368,07971
1405,2237599999996
1439,002
1467,20472
1479,46574
1535,05143
1529,78515
1490,54522
1444,61769
1428,3919099999998
1462,4998300000002
1507,41474
1583,45561
1493,85793
1352,6621299999997
1165,2318599999999
1070,71877
1063,1320299999998
1031,20822
1060,54146
1123,1014900000002
1288,7165100000002
1321,17374
1332,89081
1333,4314399999998
1320,29323
1314,5700899999997
1305,4296199999999
1304,88842
1308,70225
1311,1392800000003
1271,92832
1246,6384199999998
1226,1535099999999
1235,15435
1288,7462200000002
1393,66986
1310,9220900000003
1229,2721900000001
1117,81203
977,6304099999999
946,5921300000001
974,5277600000001
946,579
960,31009
1070,83808
1210,23329
1316,2872099999997
1372,9276300000001
1404,49774
1426,5236799999998
1421,7541400000002
1417,1934399999998
1436,93976
1415,0030800000002
1364,4436899999998
1308,2633700000001
1287,6754799999999
1291,41521
1361,87751
1484,2014100000001
1344,97971
1231,63041
1160,32324
1064,0748700000001
1107,5993
1015,89334
976,32525
1003,8725400000001
1128,8033999999998
1302,8929199999998
1384,66146
1461,8001900000002
1471,74946
1538,16597
1575,07996
1562,2655800000002
1530,8260099999998
1550,0904400000002
1540,4394999999997
1445,51609
1430,2664900000002
1400,3995599999998
1399,63589
1492,44407
1373,0954800000002
1287,8751900000002
1150,03497
1027,30231
994,8712700000001
974,5928100000001
961,8417400000002
997,1085499999999
1123,1592699999999
1260,5903900000003
1350,9742400000002
1398,26913
1447,7112200000001
1504,9604199999999
1538,82837
1527,24973
1582,00715
1555,65888
1452,0874999999996
1381,2510900000002
1349,7288199999996
1348,08192
1396,0537499999998
1487,62763
1369,77677
1251,40296
1147,1330699999999
1056,69414
1007,8220600000001
967,8938400000001
965,9954000000001
981,5301299999999
1070,7996699999999
1279,93552
1369,4588800000001
1447,0209599999998
1479,6303699999999
1499,73744
1500,1778
1494,46119
1525,2760799999999
1509,1461
1431,3558
1394,3465099999999
1348,23649
1349,8104400000002
1403,6065
1487,2041000000002
1374,41696
1290,34267
1132,2399400000002
1047,11509
996,08237
956,1893600000001
953,54576
931,1734999999999
1010,1716499999999
1138,62963
1250,4293700000003
1329,51871
1400,2985099999999
1445,06632
1436,2948299999998
1412,3556800000001
1368,44478
1349,77124
1341,65891
1324,80275
1310,0403399999998
1304,98239
1366,78252
1472,8621999999998
1381,85353
1241,60629
1090,99194
1005,58288
937,7579499999999
907,1825699999998
909,1882499999999
932,63687
1080,75487
1287,6428199999998
1447,5532700000003
1506,29686
1515,9011300000004
1581,76669
1589,7292700000003
1600,59878
1629,6423100000002
1600,61398
1518,1307600000002
1468,0892299999998
1444,37699
1417,17209
1459,6454999999999
1549,55334
1439,4982699999998
1347,5738
1258,1957800000002
1073,54805
1024,5851400000001
989,7343999999998
990,83635
992,4572999999999
1124,6449799999998
1322,64502
1482,3079400000001
1510,34847
1537,1377699999998
1576,1898099999999
1593,0647599999998
1598,78684
1635,5385599999997
1596,9915999999998
1540,3268300000002
1496,61407
1466,4158000000002
1450,87339
1471,74579
1563,2051400000003
1444,14898
1331,78764
1192,95532
1185,06455
1150,4921100000001
1064,02502
1031,39559
1039,5463
1149,81471
1467,80475
1569,1042200000002
1516,68703
1537,03372
1577,4093400000002
1584,7353299999997
1584,3334899999998
1616,23956
1708,22154
1645,9414499999998
1531,8693399999997
1469,98397
1449,77376
1511,6660900000002
1568,8884500000004
1441,86492
1357,4926200000004
1237,04471
1131,03249
1225,6366899999998
1155,70077
1069,62745
996,3822700000001
1114,66865
1304,3446300000003
1433,7638099999997
1490,3942800000002
1497,4742400000002
1614,8204799999999
1635,55732
1637,8812099999998
1708,89992
1612,4615099999996
1691,9473600000001
1628,0015999999998
1693,81525
1557,5108500000001
1496,6693899999998
1567,1989299999998
1428,49697
1309,1216899999997
1162,30993
1380,6605299999999
1249,3262300000001
1209,8985699999998
1211,98161
1125,7784900000001
1273,7707500000001
1252,62508
1348,1374
1432,0343399999997
1473,5396899999998
1450,2888599999997
1437,3073499999998
1422,11569
1456,3367400000002
1427,6508
1399,52045
1348,90132
1347,6993100000002
1398,4565
1421,0935799999997
1395,8625299999999
1256,9407700000002
1184,4867000000002
1100,6086799999998
1026,29137
976,0561599999999
946,8996000000001
937,4698999999999
929,0355500000002
1009,41282
1160,76263
1292,1392700000001
1387,9916400000002
1433,25122
1447,28554
1436,0397
1455,49164
1470,14528
1432,14624
1368,04282
1337,0835700000002
1340,08966
1373,5610000000001
1411,3435900000002
1403,1814499999998
1311,9831000000001
1221,60498
1094,25377
1018,2724100000001
955,4841500000002
926,14053
927,40935
892,6703799999999
923,4081800000002
1047,6651900000002
1209,97814
1273,1372500000002
1381,4702200000002
1379,81946
1352,27491
1325,51855
1279,78725
1253,2688400000002
1240,76624
1235,6851499999998
1246,7271199999998
1275,4692200000002
1335,3910700000004
1389,70366
1269,20829
1141,4726399999997
1078,0041700000002
984,0118600000001
942,35173
915,08268
920,30037
917,65196
1036,75664
1235,9031499999999
1350,3515499999999
1406,8022000000003
1407,71999
1429,4988600000004
1406,9422899999997
1404,27662
1443,2521399999998
1435,52409
1400,54684
1347,6721899999995
1374,8074900000001
1368,37288
1401,81998
1492,0025400000002
1367,46009
1259,23004
1133,06885
1139,2870400000002
1136,61376
1161,34492
1131,0104700000002
1013,7905700000001
1167,23704
1281,1862500000004
1361,02617
1392,0937999999996
1395,0687999999998
1418,53369
1419,69913
1420,71347
1460,5786799999998
1438,12771
1396,93274
1340,0911899999999
1317,0476700000002
1324,9672
1398,9910799999998
1470,3689500000003
1359,99808
1226,37897
1107,74472
1047,5013799999997
1002,88407
982,3881399999999
1009,3255199999999
1006,4564799999999
1112,16661
1293,64909
1414,0518599999998
1469,0065000000002
1478,57212
1512,8280200000002
1517,1288800000002
1515,18362
1551,7658900000001
1538,4092899999996
1503,24628
1405,78799
1376,6871800000001
1366,89375
1446,4594500000003
1526,6110599999997
1389,3861400000003
1264,9879
1128,4694399999998
1056,4025900000001
1024,4039700000003
1025,4036
1129,1162100000001
1003,3086500000002
1096,41251
1274,79063
1379,9715599999997
1445,6078699999998
1450,9881300000002
1495,75644
1492,5705300000002
1503,6616299999998
1554,78026
1542,10832
1515,35002
1397,38234
1442,7569
1427,1612999999998
1506,02063
1542,41139
1383,9897199999998
1266,8086700000001
1173,2766800000002
1071,39003
1059,34837
1033,1678100000001
1088,99226
1054,8361100000002
1179,8116
1355,93214
1432,90661
1469,6808099999996
1512,24278
1563,7853499999999
1526,33251
1547,64423
1569,3179
1546,0931300000004
1508,19976
1458,5018
1416,01211
1404,09363
1467,4334699999997
1542,8268699999999
1428,18369
1291,55056
1183,01703
1172,5507
1079,996
1016,87825
1025,88211
1010,8634599999999
1096,76177
1291,38493
1391,3679499999996
1478,8732900000002
1514,8509900000004
1556,0963499999998
1530,7987300000002
1531,3665400000002
1552,8264000000001
1510,1459399999999
1468,0198
1429,5463900000002
1407,9655200000002
1409,7991100000002
1472,07721
1532,8040700000001
1405,0462400000001
1274,66814
1225,27415
1100,01983
1055,3696100000002
998,5983699999999
990,72749
976,6082400000001
1010,70875
1159,96757
1303,3828299999998
1392,32695
1467,0648499999998
1530,42533
1541,48367
1485,0921799999999
1463,16222
1395,50294
1335,12304
1312,95133
1323,93858
1327,8158200000003
1389,74146
1425,37377
1327,2278899999997
1190,2774700000002
1095,6892899999998
1015,3472200000001
1046,0875700000001
967,34158
973,6141700000002
966,8999
1082,0780599999998
1271,46278
1357,9986299999996
1480,4958499999998
1544,3073799999997
1558,7412000000002
1587,9907000000003
1578,80068
1609,4268200000001
1619,10233
1509,2425400000002
1436,4374900000003
1360,3075099999999
1359,43041
1448,8118
1478,8882099999996
1351,8018399999999
1209,9594399999999
1075,45385
1012,8379700000002
998,84032
1018,34273
986,38401
1008,52814
1170,42057
1285,6499900000001
1344,0908700000002
1422,76955
1459,90788
1501,0908499999998
1528,87894
1529,25573
1567,4429300000002
1539,92866
1459,5975099999998
1400,27378
1369,05758
1367,58965
1449,19642
1503,58798
1420,95377
1260,411
1194,20732
1096,95102
1047,50014
1188,0765000000001
1217,37226
1180,5096800000001
1260,5799100000004
1303,40138
1544,7667
1626,77583
1546,3232699999999
1505,3774999999998
1519,7040800000002
1552,3766799999999
1581,3407
1609,46929
1588,3546300000003
1503,6781399999998
1500,3873000000003
1485,6904800000002
1533,55608
1539,73759
1396,94599
1275,2286199999999
1245,12148
1332,23265
1318,55451
1181,87705
1170,02486
1161,2901200000001
1172,6002799999999
1346,6247
1595,3320999999999
1644,70436
1715,80845
1845,9432599999998
1741,5282000000002
1710,39535
1874,4548799999998
1824,7611599999998
1738,00067
1645,5611700000002
1460,1637200000002
1404,66362
1446,50381
1456,4890299999997
1333,4048000000003
1209,6681000000003
1392,15892
1187,47342
1171,28206
1031,8577699999998
999,1645499999998
1043,57096
1203,64292
1390,23389
1378,1483200000002
1450,2478
1515,98435
1589,9468100000001
1516,9463300000002
1516,07685
1555,4053800000002
1540,7555399999999
1525,82176
1472,70326
1432,5285100000003
1400,62307
1478,37336
1535,7016199999998
1389,7751500000002
1336,98781
1217,5000999999997
1239,3368500000001
1265,486
1109,3460799999998
1090,0983999999999
1101,51879
1207,35948
1370,57712
1367,05947
1422,40758
1463,10462
1483,13835
1482,80739
1464,6017800000002
1474,04051
1454,5902599999997
1413,98552
1371,8545500000002
1343,97371
1337,8607499999998
1415,22612
1463,78206
1346,0705199999998
1239,00296
1156,97699
1254,8029800000002
1279,31573
1058,22191
999,1734299999999
1003,78757
1140,7960500000002
1184,6377
1254,01505
1420,11048
1419,26835
1534,5409300000001
1439,1210400000002
1412,19131
1369,6369300000001
1340,5556199999999
1326,9819400000001
1312,2415000000003
1303,5418399999999
1309,25792
1400,41165
1468,02781
1367,9012500000003
1305,59845
1075,019
1053,846
1198,15
984,493
902,646
927,246
1105,837
1231,063
1280,285
1333,094
1383,289
1410,571
1423,626
1418,899
1451,336
1427,141
1361,834
1299,444
1264,897
1272,435
1337,001
1371,493
1248,135
1127,039
1064,1689999999999
1063,481
1048,107
1085,1509999999998
1118,839
997,931
1044,3429999999998
1246,666
1266,45
1312,403
1343,471
1385,155
1396,806
1382,826
1386,075
1338,905
1304,771
1251,496
1234,145
1222,522
1304,797
1307,223
1180,357
1069,591
1047,825
1080,3809999999999
1199,595
1128,722
1169,492
1111,451
1105,434
1292,933
1383,364
1346,611
1355,683
1415,647
1407,493
1360,249
1404,57
1445,427
1448,722
1265,027
1237,928
1234,197
1313,766
1313,946
1167,086
1095,165
1051,396
1075,051
1040,145
991,634
994,813
990,416
1025,742
1121,317
1243,123
1360,544
1377,734
1358,056
1358,443
1289,513
1252,392
1237,745
1329,621
1399,838
1324,403
1230,426
1313,756
1320,929
1180,459
1160,5639999999999
1090,108
1241,2530000000002
1164,1950000000002
993,44
923,278
980,365
1058,408
1233,844
1279,738
1312,951
1313,758
1321,764
1329,996
1342,318
1369,547
1344,804
1299,48
1274,089
1250,593
1245,163
1347,781
1330,994
1183,521
1078,849
1018,185
959,404
1019,672
978,451
952,452
1033,478
1016,402
1207,55
1288,613
1331,252
1343,533
1362,668
1369,602
1375,333
1412,878
1393,529
1354,393
1295,345
1255,241
1257,233
1365,343
1367,85
1249,769
1143,295
1078,5430000000001
932,227
903,033
930,77
924,488
917,925
1049,884
1216,959
1297,257
1349,639
1360,509
1389,166
1414,596
1422,205
1456,283
1428,35
1381,233
1335,174
1297,178
1278,924
1371,044
1374,542
1241,382
1119,777
1047,479
984,417
906,102
966,317
922,925
999,397
1138,194
1379,774
1459,211
1492,339
1419,981
1466,698
1470,311
1461,203
1492,305
1460,142
1413,246
1340,121
1321,517
1330,941
1398,457
1380,259
1249,199
1209,219
1185,29
1116,028
1106,518
1028,661
1039,167
1125,7150000000001
1248,713
1457,628
1434,472
1564,135
1602,597
1512,503
1493,917
1477,133
1498,61
1481,675
1479,516
1395,469
1347,309
1324,522
1419,298
1412,123
1285,682
1203,149
1261,342
1258,15
1261,837
1127,9679999999998
1130,2179999999998
1101,321
1050,92
1369,653
1430,172
1432,887
1536,876
1513,518
1535,674
1525,553
1563,665
1577,411
1621,162
1546,659
1425,029
1404,488
1499,353
1518,788
1379,207
1432,535
1352,057
1369,261
1333,26
1335,487
1292,266
1410,124
1558,8600000000001
1653,003
1576,268
1462,014
1399,854
1263,269
1240,585
1365,004
1439,519
1400,08
1455,712
1477,111
1340,913
1265,319
1563,31
1532,844
1432,297
1531,518
1383,516
1214,925
1117,893
1038,0929999999998
1058,083
1068,6950000000002
1092,55
1344,043
1298,001
1377,633
1413,637
1452,118
1461,872
1463,566
1479,645
1451,706
1412,962
1379,347
1354,358
1341,143
1429,285
1421,641
1292,448
1174,343
1123,348
1257,1190000000001
1249,83
1180,915
1102,74
1090,577
1206,2559999999999
1618,324
1548,889
1539,483
1508,282
1486,247
1499,698
1515,447
1524,142
1508,91
1451,506
1354,548
1305,199
1344,607
1417,458
1411,694
1349,138
1510,547
1371,841
1251,344
1284,279
1259,524
1276,9099999999999
1305,117
1332,2350000000001
1579,973
1555,804
1611,561
1567,623
1655,866
1589,517
1625,173
1574,126
1402,849
1348,93
1295,408
1243,126
1243,448
1318,431
1266,499
1133,509
1382,427
1421,225
1539,338
1410,353
1298,009
1229,9160000000002
1198,688
1185,391
1292,846
1358,938
1459,262
1461,786
1662,269
1607,342
1620,964
1630,666
1630,263
1566,66
1506,221
1448,556
1429,662
1595,333
1441,794
1245,26
1317,238
1146,864
1087,4279999999999
1016,401
989,528
995,848
1069,731
1277,1799999999998
1523,975
1374,111
1372,879
1434,893
1394,566
1354,468
1358,614
1368,952
1335,76
1292,785
1249,007
1216,491
1237,481
1372,129
1334,451
1237,577
1320,702
1241,37
1308,8490000000002
1157,654
1092,271
1068,368
1079,2930000000001
1139,9769999999999
1435,577
1426,055
1451,744
1450,686
1413,431
1365,864
1357,752
1380,402
1321,721
1286,703
1206,414
1183,796
1184,128
1312,906
1266,057
1118,496
1098,559
1058,517
1193,508
1171,641
1143,417
1115,7440000000001
1116,191
1076,024
1331,161
1390,092
1258,353
1306,931
1251,338
1243,776
1252,173
1315,006
1345,035
1291,669
1265,846
1180,688
1152,723
1267,874
1241,303
1119,507
986,837
933,67
1055,02
1054,924
974,11
951,987
1046,288
1174,549
1321,729
1377,548
1329,679
1303,279
1333,399
1352,73
1360,56
1395,388
1374,772
1340,545
1285,83
1246,239
1244,885
1368,634
1323,385
1184,631
1161,05
1088,9940000000001
1064,0720000000001
1097,94
1049,158
1011,789
1023,951
1116,228
1306,207
1414,898
1362,729
1382,277
1428,716
1451,349
1466,307
1501,899
1473,927
1430,391
1372,757
1327,077
1333,584
1450,897
1394,394
1244,057
1187,982
1185,173
1137,935
1121,403
971,887
931,808
974,94
1096,7359999999999
1220,723
1315,535
1380,497
1404,667
1436,993
1463,179
1476,586
1505,284
1464,494
1421,511
1343,097
1305,519
1320,186
1438,051
1365,568
1216,878
1095,725
1088,458
962,988
985,685
885,782
886,332
921,06
1015,128
1216,728
1316,68
1368,748
1380,237
1425,827
1473,734
1493,566
1528,93
1487,801
1430,296
1342,738
1302,75
1331,424
1438,423
1374,92
1272,016
1163,196
1055,3490000000002
942,71
865,637
845,225
867,022
897,65
985,087
1186,457
1296,265
1364,029
1392,088
1426,343
1494,21
1500,096
1534,433
1463,912
1412,976
1342,066
1307,094
1341,279
1436,332
1359,665
1203,756
1086,326
1067,7930000000001
1057,743
1075,5900000000001
932,617
888,594
907,65
968,208
1232,761
1410,47
1410,165
1425,653
1450,367
1434,738
1425,995
1435,808
1403,001
1421,307
1337,229
1269,453
1286,389
1357,67
1273,403
1140,518
1045,598
1070,6860000000001
1170,944
1104,464
868,325
854,132
862,086
872,349
1001,112
1175,882
1257,698
1291,591
1311,576
1291,319
1264,498
1243,266
1258,131
1261,354
1207,459
1396,388
1347,464
1502,798
1283,89
1180,15
1201,258
1227,0700000000002
1303,376
1159,242
974,607
920,278
1047,578
1269,551
1294,93
1325,126
1346,352
1347,825
1381,146
1405,439
1421,989
1461,922
1461,936
1406,996
1314,879
1269,194
1309,079
1393,164
1302,269
1159,978
1042,327
925,734
952,925
920,077
1042,8519999999999
1048,479
1133,399
1029,9740000000002
1191,6
1264,333
1332,279
1349,381
1377,076
1456,803
1432,297
1525,659
1473,152
1418,139
1326,883
1292,562
1338,655
1448,448
1365,177
1207,664
1104,98
995,931
888,37
971,736
946,462
929,908
968,33
1003,745
1229,063
1299,752
1444,084
1458,815
1492,516
1559,289
1561,202
1618,654
1578,472
1529,302
1417,251
1429,842
1447,374
1491,164
1383,968
1268,865
1215,891
1067,1219999999998
965,762
904,77
821,579
830,781
889,012
1002,096
1270,34
1388,994
1487,551
1476,631
1542,179
1576,885
1637,503
1679,651
1647,804
1587,818
1508,121
1424,891
1445,858
1534,586
1423,678
1270,1
1147,841
1021,298
885,118
864,464
872,151
871,561
914,363
1013,377
1189,199
1351,943
1475,945
1501,908
1530,884
1501,461
1545,852
1630,474
1566,165
1518,391
1458,991
1457,234
1481,592
1498,916
1380,063
1254,119
1102,414
973,031
906,578
863,728
857,37
859,796
881,885
939,035
1113,466
1257,86
1347,444
1417,359
1427,47
1461,007
1482,492
1466,667
1426,611
1334,986
1281,19
1255,854
1318,007
1395,719
1305,979
1161,517
1059,968
958,163
875,8449999999998
872,927
858,987
844,2
847,0079999999999
842,597
981,609
1127,4830000000002
1215,1800000000003
1257,803
1275,577
1313,8829999999998
1293,946
1228,326
1209,449
1182,972
1170,713
1156,1209999999999
1249,716
1362,7330000000002
1291,544
1145,138
981,65
870,17
815,5170000000002
833,666
833,2149999999998
835,956
905,826
1006,444
1191,884
1298,106
1347,6309999999996
1363,278
1392,114
1432,855
1447,5500000000002
1483,479
1454,773
1411,32
1327,914
1291,149
1360,822
1407,0290000000002
1315,266
1158,016
1025,301
912,806
875,475
901,1640000000002
868,5600000000002
892,384
973,248
1040,1
1183,822
1291,967
1352,4579999999999
1348,9070000000002
1362,714
1348,3889999999997
1336,166
1362,4750000000004
1350,8329999999999
1300,137
1253,1329999999998
1247,6840000000002
1319,136
1351,534
1262,749
1119,828
1008,0500000000001
926,846
915,1199999999999
871,758
848,5480000000001
843,459
909,8290000000001
1011,324
1197,623
1285,3139999999999
1303,2309999999998
1290,0560000000003
1299,403
1299,7980000000002
1303,397
1335,0210000000002
1309,4959999999999
1290,693
1242,7169999999999
1220,849
1328,1079999999997
1399,955
1306,05
1144,18
1015,231
957,4430000000001
893,3610000000001
948,7110000000001
890,954
897,5290000000001
1070,764
1134,916
1183,418
1272,2290000000003
1300,999
1306,516
1318,3780000000002
1317,7170000000003
1312,9329999999998
1364,6199999999997
1349,2090000000003
1308,9119999999998
1256,114
1243,9959999999999
1354,3799999999997
1423,541
1314,329
1158,212
1025,861
924,5310000000001
875,777
874,542
1005,7330000000001
1003,6840000000001
1051,8250000000003
1040,092
1175,8829999999998
1260,445
1320,8210000000001
1323,774
1344,271
1342,288
1330,678
1354,596
1320,316
1288,8160000000003
1259,8829999999998
1267,96
1340,865
1355,0830000000003
1253,1309999999999
1117,0220000000002
1005,4670000000001
927,054
1170,529
1214,8439999999998
1144,382
1016,3670000000001
1044,4640000000002
1040,646
1426,097
1604,7599999999998
1660,5289999999998
1646,5349999999999
1639,4910000000002
1627,9309999999998
1596,708
1611,224
1583,285
1598,103
1619,5960000000002
1530,7189999999998
1538,6210000000003
1464,9020000000003
1202,554
1363,872
1308,3000000000002
1175,092
1172,226
1088,275
880,136
812,761
812,367
833,9520000000001
947,829
1382,4009999999998
1537,898
1578,277
1543,7720000000002
1521,323
1635,3030000000003
1742,442
1782,0700000000002
1901,5969999999998
1871,693
1794,763
1739,5329999999997
1569,4689999999998
1512,096
1476,788
1537,836
1677,555
1387,778
1156,584
977,5429999999999
965,976
1130,0950000000003
1236,0459999999998
1284,3039999999999
1250,024
1298,3560000000002
1272,149
1275,8319999999999
1293,2720000000002
1284,7859999999998
1312,8829999999998
1284,6020000000003
1253,225
1209,8769999999997
1206,743
1301,5780000000002
1339,0669999999998
1224,9799999999998
1094,661
1102,1970000000001
1259,976
1097,962
1160,5100000000002
1182,324
1139,545
1289,6150000000002
1460,08
1330,28
1375,7039999999997
1289,976
1273,658
1376,114
1363,8829999999998
1378,315
1394,8689999999997
1440,4379999999999
1388,9609999999998
1335,581
1249,5599999999997
1369,467
1392,699
1279,949
1174,725
1230,961
1166,619
1225,6979999999999
1206,6680000000001
1117,278
1043,308
1143,9770000000003
1272,9340000000002
1503,5440000000003
1278,78
1285,026
1253,833
1246,0220000000002
1246,3310000000004
1248,247
1302,161
1292,2330000000002
1259,4080000000001
1214,0200000000002
1193,928
1332,538
1350,0619999999997
1258,787
1106,0870000000002
1023,6390000000001
1221,4499999999998
1053,7870000000003
1017,302
898,7099999999999
883,933
1012,9540000000002
1325,445
1543,8760000000002
1378,359
1313,781
1301,287
1359,319
1333,578
1334,3700000000003
1378,8319999999999
1354,0369999999998
1358,3749999999998
1296,4279999999997
1241,327
1384,1100000000001
1396,3690000000001
1299,0179999999998
1211,442
1260,088
1303,848
1246,734
1022,0590000000001
845,9440000000001
852,995
967,7629999999999
1192,422
1306,654
1382,691
1359,1920000000002
1343,985
1360,009
1359,069
1424,1310000000003
1401,0230000000004
1377,619
1339,593
1302,058
1274,721
1398,472
1386,532
1274,118
1203,546
1287,8359999999998
1358,318
1440,2420000000002
1309,739
1194,819
1161,349
1171,2530000000002
1190,294
1520,3090000000002
1738,2980000000002
1695,7829999999997
1715,2549999999997
1782,284
1735,133
1736,3020000000001
1865,0039999999997
1889,2590000000002
1831,1420000000003
1741,4650000000001
1615,897
1749,6600000000003
1575,0389999999998
1392,4209999999998
1376,733
1264,253
1158,9270000000001
1013,8399999999999
823,9309999999999
792,2740000000001
796,7530000000002
827,2719999999999
896,169
1005,156
1211,0599999999997
1274,9049999999997
1360,1660000000002
1503,9900000000002
1519,999
1598,863
1612,2069999999999
1581,672
1665,6280000000002
1742,678
1683,263
1770,685
1469,85
1308,249
1235,2200000000003
1362,117
1255,004
1114,239
961,664
824,6819999999999
836,5400000000001
1039,5729999999999
1258,801
1421,4080000000001
1321,662
1320,437
1296,6229999999998
1305,838
1309,5539999999999
1313,592
1409,865
1414,964
1371,591
1360,378
1307,5599999999997
1467,51
1377,5339999999999
1330,9340000000002
1183,846
1306,588
1284,0520000000001
1218,08
1067,276
1058,8500000000001
1024,657
1114,0100000000002
1240,07
1243,075
1272,156
1300,663
1283,392
1309,4989999999998
1330,098
1319,314
1363,85
1331,635
1297,951
1251,311
1242,0199999999998
1396,38
1395,0939999999998
1291,2900000000002
1121,648
1010,5859999999999
935,792
941,83
863,4599999999999
847,5210000000001
845,838
910,6150000000001
1053,5819999999999
1299,366
1284,1129999999996
1333,0639999999999
1329,492
1337,834
1322,8590000000002
1308,921
1350,9859999999999
1343,521
1306,634
1329,2640000000001
1283,915
1397,3899999999999
1355,597
1257,648
1392,6979999999999
1250,498
1193,0810000000001
1293,068
1129,417
991,162
1006,775
1129,406
1346,296
1343,8570000000004
1302,754
1336,046
1330,2679999999998
1356,445
1332,6670000000001
1336,1270000000002
1354,153
1369,54
1307,1870000000001
1316,02
1361,536
1446,7169999999999
1401,3639999999998
1352,509
1364,897
1443,1819999999998
1593,409
1490,286
1377,0349999999999
1190,147
1131,891
1272,039
1492,18
1592,827
1508,1049999999998
1418,457
1330,192
1387,9999999999998
1522,252
1602,837
1586,4750000000001
1510,0059999999999
1599,5559999999998
1403,39
1453,7079999999999
1757,5120000000002
1440,0839999999998
1333,6520000000003
1270,1319999999998
1307,4249999999997
1311,671
1520,245
1307,5520000000001
1236,906
1155,769
1300,3250000000003
1394,083
1643,289
1802,796
1862,888
1851,73
1930,314
1897,675
1879,0949999999998
1845,6710000000003
1871,848
1828,3219999999997
1931,2189999999998
1921,191
1872,741
1654,548
1709,971
1693,2829999999997
1762,319
1743,2179999999998
1481,381
1366,289
1156,19
1123,0529999999999
1116,6209999999999
1185,0339999999999
1129,9740000000002
1613,8359999999998
1703,5919999999999
1836,627
1820,8829999999998
1678,766
1616,001
1608,202
1683,419
1757,681
1928,3700000000003
1939,3879999999997
1899,904
1538,6830000000002
1395,202
1357,947
1329,0879999999997
1436,933
1131,569
1013,8539999999999
1015,4029999999999
1008,277
1211,881
1435,032
1534,725
1575,5110000000002
1466,555
1478,229
1460,7510000000002
1436,34
1472,574
1441,4950000000003
1423,9669999999996
1466,8559999999998
1412,3699999999997
1510,7250000000001
1691,069
1544,2189999999998
1528,849
1444,346
1542,922
1531,064
1396,699
1480,5520000000001
1310,316
1307,7
1503,9399999999998
1631,864
1606,816
1559,6060000000002
1420,9609999999998
1452,429
1563,2540000000001
1527,6450000000002
1601,703
1596,141
1573,434
1505,7089999999996
1474,54
1421,2989999999998
1508,595
1398,8079999999998
1329,076
1185,1049999999998
1283,9660000000001
1314,022
1233,646
1163,938
1096,297
1060,875
1288,341
1555,9769999999999
1495,6279999999997
1491,529
1360,9029999999998
1349,755
1395,998
1374,1090000000002
1390,9959999999999
1451,2859999999998
1410,541
1376,8599999999997
1340,204
1346,237
1440,7679999999998
1389,559
1290,361
1296,418
1238,1
1150,8139999999999
1305,59
1172,104
1175,1570000000002
1137,608
1248,292
1675,029
1363,304
1346,584
1332,765
1336,28
1340,6349999999998
1331,7600000000002
1322,349
1352,4089999999994
1326,4020000000003
1307,955
1286,0919999999999
1326,4040000000002
1442,854
1407,519
1323,398
1157,251
1217,587
1388,143
1070,747
949,227
906,8349999999999
866,674
973,0859999999999
1304,905
1204,43
1281,3829999999998
1331,603
1326,2059999999997
1318,6069999999997
1335,169
1358,9579999999996
1409,846
1360,561
1306,1190000000004
1188,226
1230,7010000000002
1383,312
1398,335
1254,56
1183,063
1276,746
1265,34
1221,092
1089,491
993,544
980,6880000000001
1047,0249999999999
1098,3999999999999
1282,45
1303,249
1400,3829999999998
1398,8060000000003
1431,264
1426,0590000000002
1438,676
1450,02
1494,3799999999997
1508,469
1412,9769999999999
1382,497
1469,0819999999999
1399,675
1287,688
1184,226
1214,67
1303,463
1300,024
1192,81
1121,8020000000001
1142,347
1172,1670000000001
1199,5949999999998
1316,2890000000002
1555,748
1725,248
1705,9309999999998
1690,837
1634,6329999999998
1641,8170000000002
1637,928
1615,0020000000002
1654,8890000000001
1620,105
1653,9470000000003
1672,582
1499,256
1340,9120000000003
1327,756
1375,828
1283,0430000000001
1191,489
1112,926
1088,2669999999998
1117,589
1228,908
1416,769
1607,677
1441,293
1395,403
1412,481
1388,6399999999999
1408,2329999999997
1443,303
1502,837
1496,1200000000003
1461,0280000000002
1472,812
1458,1789999999999
1527,0259999999998
1445,01
1349,303
1302,2200000000003
1372,987
1331,772
1191,854
1032,954
999,362
978,207
1095,4279999999999
1284,0030000000002
1414,242
1427,216
1453,685
1410,03
1444,237
1449,85
1444,726
1466,232
1406,419
1351,488
1361,065
1394,568
1499,996
1450,899
1420,306
1360,356
1180,3029999999999
1185,249
1068,12
948,198
889,642
900,907
971,091
1148,732
1349,49
1354,963
1399,797
1390,629
1445,474
1444,634
1412,779
1485,773
1475,91
1452,009
1385,005
1425,723
1506,616
1464,694
1349,518
1264,679
1230,5819999999999
1104,516
1042,629
898,642
885,786
914,277
958,993
1235,458
1310,852
1372,979
1453,318
1508,93
1519,625
1461,112
1485,823
1500,381
1495,001
1415,162
1381,661
1403,484
1449,334
1394,945
1351,861
1331,359
1363,54
1375,45
1426,8049999999998
1256,0720000000001
1171,797
1156,845
1327,2640000000001
1490,3139999999999
1522,658
1361,076
1416,943
1446,585
1479,481
1468,198
1462,455
1410,137
1385,354
1353,137
1319,734
1398,957
1494,603
1454,798
1353,781
1247,619
1387,688
1392,337
1292,0320000000002
1232,38
1148,33
1089,517
1191,676
1330,246
1347,417
1498,606
1585,517
1639,966
1648,05
1627,378
1622,956
1679,211
1653,583
1611,525
1583,854
1596,421
1636,313
1541,52
1460,419
1430,811
1551,182
1550,429
1645,2640000000001
1593,3899999999999
1478,4769999999999
1431,549
1447,778
1435,587
1608,687
1932,943
1922,227
2013,006
2029,83
1936,903
1872,357
1796,59
1783,028
1783,835
1877,271
1892,952
1877,398
1794,022
1679,647
1654,448
1598,596
1534,47
1208,634
1152,112
1145,788
1121,9679999999998
1217,545
1458,07
1507,973
1504,265
1518,594
1602,649
1573,926
1535,143
1530,224
1509,642
1481,035
1463,118
1397,146
1477,519
1553,873
1487,408
1381,797
1263,544
1348,879
1279,2240000000002
1133,298
1115,9270000000001
1023,115
991,644
1129,1109999999999
1335,535
1537,391
1561,369
1563,567
1480,577
1464,874
1413,823
1525,828
1526,093
1523,548
1542,783
1492,036
1519,559
1556,319
1575,026
1452,715
1464,151
1599,584
1465,525
1265,402
1240,2820000000002
1092,383
1064,0549999999998
1164,92
1349,962
1519,697
1515,384
1473,566
1459,181
1470,66
1428,692
1478,503
1460,177
1364,351
1377,183
1371,985
1508,21
1560,654
1490,19
1443,697
1389,475
1260,591
1087,851
923,274
859,114
848,441
903,677
1109,2089999999998
1483,253
1291,169
1387,563
1429,371
1400,352
1412,284
1393,57
1367,067
1418,076
1405,083
1373,905
1363,966
1469,248
1508,121
1457,61
1370,155
1210,619
1280,663
1175,37
1144,1309999999999
1014,492
986,333
938,86
1050,545
1147,496
1292,821
1375,663
1372,065
1373,764
1406,919
1397,775
1364,367
1402,811
1381,197
1368,178
1315,524
1403,386
1478,479
1422,88
1324,695
1245,397
1095,544
1161,2060000000001
1061,066
1117,998
1128,836
1048,374
930,307
1008,07
1238,373
1423,754
1532,09
1501,423
1501,434
1523,91
1474,759
1503,132
1445,101
1426,625
1390,613
1415,251
1446,692
1461,288
1330,73
1248,945
1210,917
1091,042
988,853
973,137
1017,264
1021,357
997,959
1136,961
1284,319
1347,068
1457,548
1441,371
1449,312
1410,29
1408,793
1494,896
1512,651
1595,243
1754,269
1797,404
1695,447
1425,735
1327,637
1351,046
1282,768
1193,578
981,204
927,045
856,691
874,868
951,624
1110,822
1260,808
1348,666
1367,496
1382,18
1401,188
1392,581
1356,142
1390,135
1327,906
1289,569
1274,914
1391,268
1460,208
1395,33
1325,161
1224,11
1071,709
1005,692
925,775
866,197
870,178
878,149
929,099
1131,077
1296,91
1374,624
1401,269
1456,95
1535,335
1588,809
1473,881
1535,606
1583,449
1537,621
1449,091
1457,962
1523,356
1460,416
1355,58
1213,423
1211,928
1079,5230000000001
1047,548
993,729
904,217
896,24
1029,382
1257,446
1398,4
1391,931
1395,273
1361,953
1363,645
1364,569
1353,883
1396,172
1386,744
1415,565
1375,146
1473,005
1506,95
1432,28
1351,227
1196,31
1218,811
1102,766
1015,689
994,208
920,901
897,728
1083,967
1186,612
1332,997
1391,429
1474,85
1431,899
1439,572
1418,144
1363,464
1392,547
1421,937
1389,628
1309,736
1458,345
1504,404
1435,221
1352,63
1262,669
1419,571
1466,6
1090,595
896,099
910,045
929,755
975,629
1149,966
1413,991
1562,946
1593,841
1512,253
1399,099
1381,93
1347,976
1410,492
1392,597
1323,925
1281,206
1444,712
1471,447
1432,029
1311,052
1213,094
1158,286
1118,1509999999998
1206,4569999999999
1204,8200000000002
1231,9969999999998
1209,902
1274,1019999999999
1366,242
1429,868
1459,246
1525,113
1514,671
1560,647
1506,667
1485,648
1485,67
1514,22
1508,262
1397,817
1485,27
1457,435
1373,582
1314,843
1352,591
1299,496
1233,1219999999998
1394,0259999999998
1175,893
1003,306
953,739
1012,441
1057,0549999999998
1215,877
1471,077
1539,782
1479,675
1463,212
1408,471
1340,867
1308,852
1324,127
1471,583
1475,501
1537,183
1442,632
1385,055
1501,456
1345,727
1231,028
1146,824
1257,6770000000001
1232,483
1073,533
1100,759
1134,633
1433,018
1486,388
1396,448
1426,411
1388,771
1405,243
1375,633
1343,651
1394,406
1389,582
1351,025
1305,555
1481,874
1496,904
1436,802
1351,597
1188,868
1238,384
1009,882
960,643
1005,725
1009,615
1003,125
1209,614
1324,739
1331,867
1381,586
1384,919
1368,932
1363,226
1397,512
1397,012
1434,792
1406,989
1361,838
1334,002
1485,363
1490,946
1432,178
1322,685
1177,887
1112,09
1020,765
974,637
996,108
898,947
892,875
1053,3809999999999
1250,212
1537,173
1734,246
1729,018
1656,216
1438,101
1342,851
1364,683
1523,712
1565,516
1571,965
1587,89
1836,39
1674,894
1503,892
1517,783
1454,507
1221,31
1137,0839999999998
1335,646
1250,545
1048,909
1037,3690000000001
1252,952
1580,314
1697,852
1563,937
1577,795
1545,425
1680,629
1625,619
1622,361
1761,786
1812,922
1684,727
1581,761
1755,937
1502,013
1495,552
1504,736
1567,875
1569,484
1436,0900000000001
1355,781
1292,394
1106,025
1094,238
1250,354
1552,214
1569,499
1512,201
1495,813
1564,437
1634,067
1610,298
1690,599
1629,123
1761,983
1695,135
1565,854
1653,507
1521,187
1618,138
1493,73
1444,964
1357,025
1339,394
1345,444
1286,873
1263,402
1216,937
1285,682
1377,95
1476,256
1607,883
1675,464
1702,582
1708,21
1684,906
1623,531
1739,175
1671,647
1665,743
1556,016
1685,709
1539,172
1460,321
1391,775
1370,998
1279,094
1334,45
1266,892
1331,538
1269,424
1258,336
1259,125
1270,112
1321,284
1478,772
1621,966
1570,262
1621,126
1568,026
1542,301
1412,389
1353,942
1436,598
1537,125
1794,36
1705,066
1570,312
1452,161
1497,299
1391,388
1173,998
915,136
1047,299
1013,334
931,081
965,481
1191,569
1494,138
1466,767
1535,034
1605,355
1593,043
1586,503
1581,356
1615,947
1642,921
1656,852
1622,44
2017,464
2005,89
1816,827
1938,729
1877,911
1609,041
1510,529
1593,193
1548,127
1483,953
1394,617
1414,816
1582,0529999999999
1714,889
1533,825
1479,127
1522,263
1522,517
1563,352
1568,543
1614,616
1649,582
1616,076
1576,9
1624,45
1816,177
1687,71
1510,675
1577,112
1629,974
1499,586
1462,71
1425,937
1291,647
1120,333
1045,524
1228,758
1541,097
1640,067
1714,771
1818,474
1743,704
1662,636
1642,538
1638,999
1665,46
1786,523
1846,008
1949,005
1775,757
1680,783
1699,226
1692,501
1602,026
1645,999
1495,509
1272,2559999999999
1151,673
1007,82
995,94
1248,112
1685,27
1804,249
1827,797
1924,11
1892,682
1866,586
1880,488
2005,158
2014,612
2035,641
1912,864
1995,495
1883,266
1896,955
1889,32
1808,912
1868,047
1755,963
1635,835
1600,516
1481,203
1285,408
1278,462
1457,933
1859,083
2054,524
2207,807
2326,75
2339,102
2370,978
2290,316
2289,672
2324,732
2377,654
2361,806
2379,24
2114,721
2060,768
1947,447
1950,25
1965,719
2029,275
1863,561
1629,3400000000001
1474,783
1367,704
1339,586
1365,433
1511,788
1670,423
2063,876
2021,75
2025,586
2045,497
1977,164
2056,7709999999997
2036,465
2005,969
2073,798
2153,746
1894,867
1788,101
1732,787
1649,686
1480,925
1609,897
1368,192
1345,88
1138,67
974,803
889,082
921,002
1042,65
1216,48
1528,446
1645,507
1750,852
1828,823
1832,934
1760,814
1687,471
1955,916
2168,973
2255,135
2156,754
2075,3869999999997
2071,27
1987,934
1851,82
1652,171
1492,4270000000001
1225,513
903,535
820,797
837,256
992,949
1340,658
1473,565
1722,06
1845,087
1769,898
1620,598
1564,883
1656,416
1766,442
1675,56
1808,792
1861,79
1797,646
1724,724
1626,088
1442,125
1233,362
1146,583
1025,388
1158,2269999999999
1045,5
998,346
935,108
1109,614
1361,44
1553,585
1680,611
1669,321
1492,775
1451,345
1376,636
1673,298
1763,001
1887,299
1945,904
2242,321
2018,246
1805,636
1652,304
1401,43
1270,471
1172,191
1115,0439999999999
1035,392
867,669
832,575
856,111
1029,723
1414,375
1527,34
1378,34
1417,405
1401,535
1401,46
1380,281
1402,694
1513,813
1633,043
1782,269
1843,33
1708,784
1491,046
1512,55
1448,801
1338,108
1186,175
985,394
975,582
839,38
857,147
847,366
970,646
1290,574
1339,332
1473,158
1404,289
1365,187
1356,952
1335,984
1377,504
1552,704
1692,758
1710,872
1893,022
1761,945
1635,086
1586,353
1582,11
1476,824
1519,82
1349,565
1081,9969999999998
905,816
894,245
926,2
1161,565
1540,192
1754,566
1725,224
1626,639
1599,123
1507,177
1478,618
1555,715
1620,297
1676,731
1590,347
1763,402
1563,688
1512,54
1455,176
1365,684
1249,46
1177,189
1018,983
1023,13
889,104
882,456
902,047
1014,711
1218,321
1423,042
1557,281
1540,021
1570,484
1555,714
1571,14
1753,65
1741,46
1769,069
1876,682
1830,636
1628,473
1472,807
1414,601
1319,059
1215,985
1099,519
987,214
910,555
906,639
882,538
882,685
919,981
982,485
1108,652
1238,474
1333,975
1358,542
1366,114
1347,819
1338,626
1306,445
1348,278
1482,884
1691,625
1517,415
1479,92
1432,653
1349,863
1220,578
1077,8780000000002
977,721
902,119
860,448
783,203
804,979
976,369
1272,035
1429,771
1474,749
1502,072
1482,038
1490,233
1479,372
1554,43
1633,94
1694,201
1785,687
1960,423
1915,449
1777,074
1657,066
1596,852
1450,775
1368,999
1128,762
966,626
913,66
906,149
918,408
1020,435
1213,368
1417,287
1523,442
1479,118
1565,134
1561,335
1531,813
1559,975
1544,172
1543,038
1603,667
1648,318
1580,404
1539,372
1500,345
1436,672
1331,505
1185,563
1047,031
960,232
907,181
887,577
923,319
1011,22
1202,885
1354,488
1429,157
1463,512
1449,392
1436,447
1449,289
1477,492
1471,946
1445,24
1516,758
1604,169
1541,722
1494,111
1449,525
1364,637
1258,012
1122,592
979,74
978,543
934,101
904,874
932,52
1052,99
1388,032
1383,367
1471,202
1485,155
1454,84
1442,91
1419,996
1476,045
1466,629
1453,161
1514,464
1599,723
1549,339
1518,058
1475,996
1408,597
1316,541
1201,082
1062,019
968,419
909,087
900,886
922,722
1015,901
1299,552
1465,324
1455,582
1444,983
1426,011
1426,628
1411,824
1460,958
1452,969
1475,573
1557,684
1628,454
1588,319
1527,784
1465,927
1385,755
1281,445
1197,447
1077,574
982,875
915,47
889,356
893,644
951,134
1048,6
1216,296
1334,084
1397,226
1410,262
1408,487
1382,411
1409,095
1384,31
1377,266
1471,53
1531,821
1460,658
1406,553
1356,267
1296,979
1191,646
1131,416
998,206
1043,4589999999998
1039,9769999999999
992,676
981,407
1010,424
1010,573
1088,949
1229,022
1323,296
1354,865
1357,112
1343,982
1316,698
1290,483
1431,308
1736,035
1998,444
1873,893
1774,752
1730,006
1635,674
1373,937
1194,108
973,512
894,317
895,533
788,511
878,623
988,605
1219,004
1359,801
1434,695
1449,619
1404,869
1387,79
1369,923
1396,847
1379,672
1380,774
1475,22
1587,025
1535,164
1504,232
1457,4
1388,789
1277,585
1227,985
1039,504
1347,539
1130,556
1060,662
1283,9009999999998
1591,037
1836,151
1675,435
1743,846
1648,2
1507,447
1501,59
1479,81
1547,22
1524,719
1574,871
1655,699
1828,864
1614,723
1546,885
1506,379
1431,126
1305,496
1168,585
1024,768
951,84
909,586
886,067
910,341
1014,453
1213,863
1353,764
1461,741
1507,55
1487,009
1476,608
1467,534
1510,062
1514,149
1504,019
1563,968
1603,35
1549,357
1520,034
1463,272
1388,516
1270,93
1151,93
1007,356
928,473
873,905
868,819
883,503
954,809
1102,194
1253,357
1358,812
1398,138
1384,471
1368,845
1354,276
1402,726
1404,475
1406,239
1462,368
1526,627
1483,209
1432,104
1397,471
1336,114
1253,779
1124,672
1016,159
925,949
875,981
859,859
881,138
975,55
1159,948
1348,693
1454,677
1457,756
1419,748
1403,371
1377,175
1407,483
1418,91
1432,749
1492,564
1574,924
1526,379
1489,772
1440,308
1360,874
1262,948
1183,923
1035,0439999999999
965,045
920,605
888,007
901,108
965,435
1067,712
1268,829
1727,291
1771,325
1850,341
1859,894
1817,644
1827,865
1758,933
1734,132
1866,31
1965,51
1914,964
1733,379
1637,421
1580,88
1403,002
1231,74
1024,481
1122,528
962,41
885,296
892,294
946,946
1049,199
1102,407
1466,284
1611,695
1675,811
1677,008
1543,2
1476,288
1492,694
1613,271
1866,459
1937,856
1714,001
1568,86
1538,794
1475,282
1300,397
1142,268
975,916
891,483
859,861
854,385
877,392
930,045
1055,834
1206,541
1364,525
1440,649
1432,356
1434,14
1431,713
1470,222
1459,73
1449,44
1550,234
1593,81
1543,187
1501,819
1455,595
1382,904
1280,095
1128,54
1001,838
911,394
880,272
870,387
895,799
981,706
1175,271
1389,455
1512,328
1558,736
1608,711
1617,437
1605,416
1624,298
1537,838
1534,269
1635,914
1677,201
1619,172
1578,34
1533,767
1457,603
1429,823
1404,886
1061,74
977,189
950,649
920,563
933,498
1031,444
1390,028
1426,299
1543,722
1569,007
1550,055
1540,554
1538,434
1590,43
1580,074
1661,895
1679,277
1696,819
1624,154
1572,736
1526,744
1453,228
1343,311
1238,766
1063,616
1080,592
1037,5610000000001
929,522
939,108
1042,152
1449,814
1463,172
1534,608
1562,482
1542,932
1552,391
1533,488
1579,749
1566,468
1566,789
1617,938
1644,287
1586,839
1539,406
1481,824
1432,454
1328,848
1325,456
1048,592
971,54
926,995
911,797
925,805
1026,463
1213,325
1388,694
1476,587
1466,959
1429,985
1404,388
1378,918
1421,15
1419,58
1421,675
1533,158
1573,913
1520,332
1476,023
1446,432
1387,775
1273,014
1155,834
1033,133
964,93
919,982
908,723
923,068
977,88
1077,126
1236,509
1416,924
1509,204
1520,915
1511,795
1506,195
1527,019
1499,113
1487,935
1586,595
1628,858
1558,744
1490,165
1449,42
1366,262
1293,656
1172,592
1053,295
1057,208
1021,366
1025,505
1011,597
1064,5149999999999
1150,336
1214,464
1344,54
1437,547
1428,269
1401,778
1378,371
1363,471
1342,074
1393,15
1602,813
1716,131
1569,214
1552,666
1514,127
1411,995
1274,336
1122,577
1030,019
1000,582
937,442
912,259
950,324
1063,588
1311,354
1443,12
1566,847
1587,732
1573,654
1576,417
1567,455
1620,717
1639,317
1637,186
1672,246
1659,814
1617,945
1586,332
1538,142
1467,941
1356,831
1214,785
1096,819
1051,489
994,804
987,091
999,435
1195,792
1631,637
1494,457
1817,694
1820,936
1785,997
1807,234
1818,538
1852,851
1848,917
1808,137
1865,069
1859,256
1719,64
1655,257
1603,467
1530,678
1410,396
1274,574
1125,008
1259,076
1110,4589999999998
1017,605
1025,623
1198,585
1540,963
1523,577
1621,484
1630,514
1612,957
1598,292
1583,109
1640,914
1647,906
1635,685
1758,983
1761,641
1686,699
1636,608
1593,766
1514,262
1404,384
1266,604
1137,013
1201,813
1046,9650000000001
1023,614
1055,742
1179,414
1515,482
1566,094
1687,064
1704,17
1674,311
1667,558
1647,113
1688,995
1694,231
1696,737
1767,946
1785,198
1723,721
1681,44
1620,57
1555,274
1448,808
1305,794
1163,999
1089,964
1046,728
1029,864
1049,087
1152,032
1484,868
1544,139
1675,787
1709,901
1686,057
1667,158
1622,212
1655,004
1666,797
1658,053
1737,565
1761,849
1694,054
1643,147
1585,346
1509,898
1400,792
1277,887
1131,668
1308,856
1207,8980000000001
1188,183
1206,394
1322,3400000000001
1411,733
1353,955
1534,335
1616,941
1614,732
1602,41
1587,284
1666,584
1726,813
1739,221
1760,376
1692,355
1633,767
1586,38
1530,251
1498,634
1562,156
1479,673
1297,985
1415,008
1383,618
1317,3400000000001
1319,681
1311,92
1416,574
1499,794
1491,301
1588,759
1686,324
1699,947
1679,241
1663,021
1645,74
1735,186
1767,371
1694,455
1649,446
1675,042
1625,579
1668,497
1576,449
1509,383
1380,904
1424,4189999999999
1382,963
1243,667
1220,373
1398,9859999999999
1774,5
1647,364
1619,578
1631,17
1618,586
1623,646
1601,174
1637,925
1621,29
1618,321
1689,437
1697,374
1640,863
1597,693
1548,051
1464,903
1399,09
1453,123
1275,491
1223,432
1077,6390000000001
1079,438
1052,71
1216,2820000000002
1396,681
1458,199
1597,852
1674,942
1680,356
1732,876
1773,027
1840,418
1701,217
1634,025
1689,251
1681,625
1663,851
1639,785
1598,723
1516,482
1430,052
1496,51
1323,135
1456,144
1324,296
1222,437
1173,1109999999999
1388,068
1793,145
1513,07
1638,872
1685,903
1670,31
1663,604
1609,0
1695,354
1696,668
1683,378
1738,086
1755,15
1688,588
1640,239
1600,886
1522,839
1421,709
1289,519
1159,086
1132,731
1037,999
1022,556
1040,462
1173,365
1546,514
1513,111
1644,997
1701,42
1691,281
1691,965
1718,496
1691,102
1745,196
1743,106
1760,404
1769,497
1712,882
1661,434
1616,392
1548,722
1456,438
1404,001
1348,258
1275,379
1087,819
1022,535
1037,335
1202,7
1518,516
1508,37
1627,217
1684,646
1658,452
1635,253
1596,404
1643,13
1648,608
1651,669
1704,352
1730,17
1669,139
1623,967
1569,168
1454,116
1378,914
1264,556
1137,962
1080,395
1008,699
977,439
976,008
1050,908
1176,952
1345,931
1535,233
1624,004
1689,606
1722,361
1693,054
1630,208
1594,857
1574,783
1677,67
1704,715
1647,632
1593,504
1539,775
1454,069
1355,85
1256,988
1125,628
1097,1309999999999
1018,171
993,365
982,724
1018,945
1085,769
1214,985
1386,779
1506,141
1548,896
1560,99
1526,413
1480,239
1536,812
1698,546
1864,437
2025,774
1905,662
1750,531
1712,19
1567,196
1372,796
1274,633
1154,198
1037,935
987,52
966,545
978,661
1090,441
1467,807
1532,632
1651,922
1675,959
1637,755
1615,623
1594,575
1561,22
1644,163
1844,175
1901,508
1838,903
1744,075
1647,254
1642,77
1632,804
1591,811
1586,369
1387,464
1382,902
1314,604
1145,8220000000001
1139,627
1284,358
1590,833
1613,229
1677,479
1642,448
1594,493
1563,152
1538,559
1593,314
1670,271
1688,237
1823,245
1784,696
1658,749
1601,336
1561,436
1490,064
1388,074
1251,275
1117,898
1304,475
1156,364
1107,0520000000001
1135,851
1301,722
1672,55
1524,571
1669,925
1628,245
1592,464
1586,871
1568,725
1549,39
1646,948
1651,97
1752,583
1685,917
1671,291
1621,081
1569,342
1443,504
1400,048
1402,649
1283,649
1411,767
1292,547
1217,367
1230,938
1456,755
1752,035
1471,254
1578,146
1608,83
1543,654
1553,699
1676,308
1639,879
1570,926
1540,41
1585,04
1618,156
1524,303
1538,747
1509,881
1541,821
1329,986
1471,761
1176,972
1332,931
1249,6889999999999
1106,8200000000002
1027,037
1120,0990000000002
1413,766
1490,153
1571,347
1607,513
1582,864
1592,464
1551,451
1585,914
1560,022
1548,423
1640,176
1682,998
1595,792
1613,153
1527,003
1530,499
1494,458
1555,18
1518,81
1604,03
1490,519
1355,009
1422,488
1445,596
1654,19
1745,424
1889,115
2135,572
2145,806
2141,962
2108,601
2188,388
2166,451
2104,935
2190,9809999999998
2192,362
1990,272
1762,015
1741,71
1560,367
1422,276
1312,183
1075,194
1042,6219999999998
1051,268
910,758
901,545
936,644
1032,133
1190,076
1313,9
1425,167
1472,907
1486,757
1501,411
1488,107
1551,069
1627,361
1695,676
1750,576
1632,595
1537,577
1486,969
1393,794
1282,682
1160,007
1033,283
950,144
913,84
903,845
898,128
992,838
1211,601
1426,225
1534,694
1583,046
1590,482
1609,718
1596,282
1727,981
1747,99
1725,269
1731,486
1735,671
1659,146
1625,055
1587,989
1492,289
1406,316
1316,132
1121,96
1013,93
963,323
998,824
970,131
1052,9560000000001
1250,107
1431,227
1544,764
1589,591
1580,91
1569,988
1549,692
1601,834
1612,076
1583,998
1685,073
1760,962
1698,617
1652,03
1606,71
1534,191
1444,492
1319,606
1149,178
1451,676
1421,4189999999999
1298,077
1268,5
1280,353
1478,085
1539,788
1696,564
1783,985
1679,234
1586,338
1584,878
1584,323
1676,091
1773,258
1693,81
2031,237
1734,227
1596,658
1566,646
1506,839
1418,266
1475,481
1270,341
1073,6770000000001
981,859
943,073
954,463
1046,28
1232,693
1397,108
1531,329
1587,918
1576,019
1568,224
1546,423
1574,222
1565,784
1561,375
1657,88
1721,798
1670,097
1626,202
1580,886
1521,212
1432,564
1301,14
1150,654
1043,436
1006,002
989,31
1005,776
1158,244
1421,145
1477,505
1619,825
1672,3
1649,819
1631,347
1596,839
1622,793
1618,531
1628,723
1706,529
1739,319
1685,012
1633,739
1580,15
1510,144
1433,207
1351,956
1246,054
1426,004
1239,502
1091,848
1051,0520000000001
1124,199
1309,932
1352,253
1588,874
1766,229
1813,881
1830,633
1733,969
1716,613
1710,634
1696,995
1802,398
1978,009
1826,183
1703,881
1672,459
1581,766
1537,523
1452,701
1332,96
1291,039
1149,874
1041,2350000000001
1049,116
1027,646
1125,567
1220,967
1420,071
1570,679
1634,128
1636,206
1617,514
1589,943
1560,577
1590,236
1706,355
1972,227
1874,145
1705,342
1645,06
1579,428
1451,595
1301,725
1200,501
1058,094
996,775
999,588
1013,253
1106,319
1305,824
1503,966
1659,778
1711,789
1704,727
1682,384
1640,278
1670,542
1662,347
1662,009
1755,127
1851,954
1881,746
1808,851
1793,467
1829,933
1802,345
1726,962
1604,745
1710,423
1522,239
1503,048
1449,353
1470,3
1606,863
1523,576
1648,397
1717,797
1715,231
1692,368
1642,617
1671,157
1677,38
1690,243
1766,457
1833,771
1771,133
1696,281
1606,147
1514,531
1399,434
1339,484
""
