873,0
773,0
640,0
563,0
745,0
655,0
545,0
441,0
617,0
625,0
584,0
557,0
514,0
519,0
546,0
695,0
879,0
824,0
776,0
790,0
805,0
688,0
719,0
759,0
628,0
659,0
679,0
721,0
743,0
784,0
792,0
663,0
744,0
741,0
749,0
734,0
745,0
698,0
698,0
723,0
731,0
715,0
728,0
751,0
717,0
667,0
639,0
650,0
625,0
574,0
646,0
626,0
612,0
646,0
652,0
512,0
608,0
556,0
599,0
605,0
570,0
578,0
637,0
734,0
789,0
698,0
752,0
707,0
746,0
747,0
745,0
901,0
739,0
811,0
913,0
990,0
935,0
905,0
800,0
855,0
897,0
937,0
962,0
941,0
877,0
827,0
872,0
1043,0
927,0
944,0
939,0
969,0
981,0
816,0
813,0
892,0
993,0
941,0
894,0
825,0
834,0
785,0
852,0
938,0
960,0
1051,0
993,0
912,0
830,0
841,0
873,0
909,0
1129,0
1047,0
944,0
872,0
827,0
595,0
647,0
637,0
614,0
625,0
634,0
657,0
665,0
645,0
779,0
886,0
893,0
888,0
877,0
897,0
878,0
876,0
872,0
911,0
1068,0
1054,0
1085,0
1068,0
920,0
755,0
703,0
622,0
748,0
646,0
681,0
661,0
619,0
826,0
880,0
889,0
909,0
891,0
879,0
801,0
787,0
848,0
852,0
871,0
907,0
913,0
924,0
939,0
928,0
1020,0
973,0
970,0
824,0
767,0
796,0
771,0
823,0
861,0
808,0
903,0
959,0
949,0
955,0
893,0
870,0
865,0
538,0
921,0
964,0
988,0
983,0
980,0
883,0
854,0
758,0
797,0
858,0
983,0
931,0
925,0
928,0
764,0
888,0
969,0
1069,0
1070,0
1041,0
991,0
959,0
988,0
986,0
988,0
1043,0
1035,0
1057,0
1031,0
886,0
829,0
711,0
674,0
807,0
874,0
948,0
945,0
901,0
908,0
877,0
957,0
924,0
929,0
891,0
799,0
885,0
913,0
804,0
865,0
940,0
1063,0
990,0
931,0
807,0
645,0
747,0
738,0
937,0
939,0
942,0
961,0
952,0
930,0
850,0
856,0
722,0
731,0
674,0
711,0
759,0
813,0
854,0
984,0
938,0
909,0
923,0
952,0
944,0
832,0
792,0
745,0
873,0
797,0
766,0
819,0
781,0
759,0
809,0
809,0
847,0
825,0
783,0
728,0
768,0
821,0
896,0
989,0
965,0
852,0
898,0
917,0
857,0
826,0
884,0
866,0
795,0
711,0
700,0
733,0
784,0
755,0
988,0
1134,0
1118,0
1102,0
1062,0
1080,0
963,0
970,0
951,0
1035,0
1111,0
1099,0
1106,0
1069,0
952,0
923,0
829,0
707,0
840,0
962,0
937,0
924,0
921,0
858,0
1015,0
1038,0
1041,0
1196,0
1084,0
1048,0
985,0
965,0
976,0
1033,0
1120,0
1151,0
1132,0
1126,0
993,0
713,0
813,0
804,0
762,0
804,0
899,0
837,0
807,0
812,0
1149,0
1197,0
1129,0
1062,0
1097,0
1092,0
1037,0
1034,0
1065,0
1104,0
1147,0
1166,0
1193,0
1170,0
1081,0
936,0
911,0
871,0
838,0
883,0
887,0
924,0
921,0
856,0
992,0
1081,0
1086,0
1110,0
1097,0
1115,0
1023,0
990,0
891,0
1155,0
1139,0
1089,0
1098,0
1114,0
1001,0
845,0
704,0
802,0
789,0
796,0
829,0
792,0
856,0
865,0
819,0
890,0
915,0
918,0
945,0
929,0
844,0
857,0
811,0
870,0
924,0
923,0
924,0
903,0
788,0
711,0
672,0
738,0
651,0
651,0
768,0
622,0
545,0
725,0
676,0
657,0
720,0
640,0
692,0
711,0
724,0
710,0
809,0
847,0
819,0
840,0
811,0
851,0
946,0
937,0
928,0
953,0
932,0
1019,0
964,0
884,0
919,0
993,0
1096,0
1048,0
958,0
1002,0
1038,0
1051,0
1146,0
1148,0
1118,0
1088,0
1042,0
1009,0
1022,0
1069,0
1029,0
1007,0
995,0
1096,0
878,0
865,0
796,0
814,0
744,0
858,0
750,0
876,0
870,0
867,0
841,0
801,0
796,0
841,0
747,0
933,0
882,0
925,0
915,0
886,0
823,0
710,0
549,0
590,0
793,0
763,0
798,0
838,0
812,0
789,0
758,0
844,0
822,0
823,0
818,0
769,0
763,0
858,0
712,0
868,0
840,0
904,0
945,0
933,0
795,0
759,0
608,0
674,0
603,0
630,0
658,0
665,0
771,0
872,0
806,0
815,0
818,0
810,0
779,0
729,0
729,0
769,0
640,0
771,0
809,0
840,0
1000,0
882,0
842,0
745,0
715,0
767,0
642,0
698,0
672,0
733,0
743,0
711,0
595,0
760,0
821,0
862,0
875,0
816,0
801,0
784,0
779,0
848,0
866,0
944,0
1011,0
996,0
847,0
789,0
596,0
568,0
565,0
579,0
586,0
591,0
553,0
576,0
880,0
925,0
941,0
996,0
851,0
762,0
740,0
745,0
778,0
851,0
900,0
918,0
944,0
930,0
693,0
696,0
643,0
618,0
726,0
702,0
691,0
742,0
784,0
786,0
691,0
746,0
733,0
857,0
845,0
860,0
923,0
865,0
857,0
859,0
902,0
843,0
853,0
965,0
989,0
696,0
708,0
744,0
1033,0
1053,0
1033,0
932,0
890,0
943,0
967,0
912,0
865,0
819,0
787,0
764,0
811,0
947,0
942,0
958,0
932,0
936,0
930,0
901,0
885,0
848,0
819,0
799,0
812,0
783,0
852,0
272,0
813,0
833,0
803,0
874,0
872,0
867,0
836,0
963,0
896,0
989,0
1037,0
1020,0
925,0
987,0
946,0
893,0
733,0
780,0
834,0
847,0
865,0
983,0
847,0
741,0
809,0
869,0
761,0
889,0
861,0
853,0
860,0
781,0
784,0
849,0
856,0
862,0
820,0
734,0
840,0
807,0
725,0
663,0
733,0
779,0
822,0
697,0
691,0
699,0
689,0
751,0
793,0
864,0
963,0
956,0
867,0
815,0
862,0
943,0
879,0
852,0
1083,0
1096,0
1078,0
1063,0
904,0
750,0
814,0
930,0
773,0
745,0
848,0
833,0
820,0
724,0
771,0
913,0
888,0
860,0
787,0
735,0
739,0
822,0
779,0
810,0
998,0
900,0
1039,0
1044,0
887,0
803,0
1102,0
979,0
854,0
894,0
926,0
948,0
896,0
858,0
857,0
923,0
920,0
922,0
881,0
765,0
717,0
786,0
722,0
781,0
901,0
974,0
1067,0
989,0
780,0
683,0
646,0
721,0
446,0
531,0
605,0
580,0
633,0
653,0
585,0
703,0
705,0
687,0
705,0
668,0
651,0
552,0
653,0
726,0
880,0
806,0
813,0
820,0
721,0
591,0
563,0
654,0
648,0
739,0
680,0
609,0
595,0
642,0
641,0
613,0
566,0
547,0
524,0
504,0
470,0
425,0
486,0
557,0
649,0
661,0
648,0
632,0
618,0
574,0
615,0
649,0
669,0
665,0
622,0
632,0
600,0
527,0
424,0
453,0
481,0
458,0
491,0
469,0
376,0
397,0
255,0
386,0
508,0
478,0
538,0
624,0
399,0
476,0
587,0
654,0
674,0
688,0
751,0
661,0
638,0
583,0
492,0
471,0
571,0
571,0
583,0
494,0
482,0
509,0
456,0
449,0
522,0
593,0
625,0
682,0
558,0
565,0
413,0
511,0
454,0
380,0
392,0
318,0
372,0
480,0
419,0
559,0
610,0
743,0
786,0
760,0
679,0
650,0
623,0
490,0
544,0
531,0
591,0
548,0
415,0
318,0
265,0
251,0
322,0
332,0
385,0
405,0
371,0
374,0
509,0
570,0
594,0
619,0
844,0
723,0
672,0
647,0
620,0
651,0
680,0
777,0
805,0
757,0
507,0
704,0
519,0
643,0
723,0
632,0
567,0
586,0
548,0
581,0
564,0
653,0
672,0
695,0
621,0
482,0
503,0
584,0
601,0
583,0
630,0
621,0
561,0
652,0
492,0
453,0
514,0
550,0
384,0
446,0
407,0
359,0
384,0
365,0
380,0
406,0
489,0
453,0
441,0
435,0
439,0
446,0
452,0
473,0
647,0
635,0
661,0
721,0
602,0
627,0
501,0
557,0
566,0
621,0
683,0
633,0
637,0
715,0
696,0
693,0
695,0
743,0
681,0
547,0
561,0
637,0
676,0
643,0
610,0
757,0
758,0
788,0
776,0
801,0
797,0
665,0
697,0
695,0
156,0
489,0
499,0
595,0
656,0
597,0
730,0
680,0
649,0
552,0
580,0
557,0
510,0
488,0
690,0
748,0
761,0
679,0
548,0
484,0
670,0
642,0
552,0
505,0
451,0
462,0
464,0
476,0
553,0
642,0
746,0
724,0
681,0
581,0
514,0
453,0
602,0
507,0
620,0
631,0
669,0
667,0
550,0
470,0
577,0
558,0
338,0
333,0
343,0
390,0
385,0
369,0
460,0
521,0
531,0
508,0
445,0
379,0
350,0
370,0
414,0
438,0
502,0
548,0
552,0
581,0
472,0
412,0
446,0
463,0
567,0
552,0
430,0
415,0
468,0
428,0
412,0
630,0
630,0
591,0
497,0
430,0
457,0
471,0
491,0
494,0
666,0
853,0
807,0
838,0
897,0
613,0
632,0
597,0
700,0
537,0
557,0
599,0
582,0
562,0
609,0
606,0
788,0
721,0
617,0
547,0
598,0
527,0
629,0
637,0
637,0
716,0
752,0
740,0
571,0
623,0
720,0
766,0
713,0
662,0
618,0
494,0
459,0
484,0
449,0
382,0
470,0
543,0
538,0
452,0
409,0
414,0
462,0
572,0
623,0
695,0
751,0
722,0
697,0
650,0
777,0
494,0
702,0
619,0
519,0
495,0
641,0
690,0
672,0
583,0
605,0
540,0
549,0
604,0
669,0
674,0
690,0
739,0
807,0
811,0
831,0
858,0
874,0
881,0
830,0
998,0
733,0
706,0
712,0
711,0
768,0
754,0
787,0
675,0
636,0
643,0
640,0
632,0
678,0
620,0
561,0
575,0
584,0
805,0
796,0
862,0
874,0
652,0
574,0
619,0
665,0
538,0
510,0
578,0
598,0
693,0
891,0
958,0
989,0
970,0
912,0
827,0
858,0
821,0
677,0
326,0
1216,0
1145,0
1005,0
1129,0
1242,0
899,0
888,0
909,0
697,0
650,0
680,0
682,0
689,0
691,0
871,0
891,0
972,0
950,0
912,0
779,0
832,0
844,0
705,0
969,0
1007,0
965,0
1026,0
1057,0
922,0
807,0
1045,0
1038,0
942,0
889,0
820,0
752,0
783,0
839,0
968,0
406,0
1079,0
1037,0
1030,0
1063,0
1083,0
1030,0
1083,0
1043,0
894,0
980,0
1123,0
1054,0
847,0
959,0
929,0
928,0
826,0
875,0
766,0
670,0
750,0
848,0
976,0
881,0
988,0
927,0
868,0
803,0
662,0
673,0
762,0
802,0
936,0
1047,0
1144,0
1123,0
1075,0
960,0
928,0
912,0
777,0
715,0
582,0
616,0
644,0
725,0
733,0
685,0
820,0
831,0
759,0
706,0
735,0
660,0
700,0
741,0
894,0
887,0
1019,0
1018,0
1017,0
935,0
947,0
850,0
645,0
652,0
617,0
568,0
597,0
571,0
528,0
650,0
810,0
835,0
852,0
796,0
676,0
677,0
723,0
753,0
892,0
996,0
1140,0
926,0
764,0
747,0
655,0
659,0
461,0
387,0
63,0
401,0
385,0
440,0
662,0
636,0
684,0
799,0
821,0
691,0
624,0
591,0
580,0
614,0
586,0
793,0
790,0
717,0
678,0
525,0
648,0
654,0
528,0
626,0
745,0
732,0
622,0
622,0
715,0
646,0
654,0
662,0
649,0
534,0
484,0
450,0
489,0
505,0
586,0
600,0
696,0
665,0
585,0
426,0
564,0
546,0
306,0
418,0
408,0
421,0
444,0
504,0
607,0
730,0
773,0
792,0
676,0
757,0
597,0
578,0
684,0
693,0
765,0
953,0
950,0
1013,0
838,0
553,0
524,0
473,0
581,0
671,0
752,0
745,0
639,0
597,0
770,0
899,0
946,0
871,0
881,0
795,0
802,0
736,0
878,0
791,0
924,0
1053,0
1162,0
897,0
846,0
674,0
668,0
690,0
636,0
650,0
657,0
588,0
665,0
825,0
931,0
949,0
1078,0
1090,0
1194,0
1048,0
1072,0
1005,0
961,0
912,0
1004,0
1028,0
1030,0
1052,0
921,0
886,0
828,0
815,0
803,0
757,0
665,0
676,0
636,0
686,0
726,0
788,0
868,0
961,0
861,0
805,0
778,0
791,0
940,0
989,0
1073,0
1037,0
954,0
917,0
941,0
874,0
875,0
803,0
688,0
690,0
684,0
745,0
701,0
583,0
476,0
597,0
626,0
579,0
521,0
515,0
531,0
566,0
683,0
805,0
795,0
829,0
823,0
801,0
679,0
739,0
704,0
714,0
336,0
259,0
159,0
174,0
192,0
387,0
570,0
751,0
893,0
926,0
838,0
836,0
849,0
861,0
810,0
880,0
1037,0
1068,0
1082,0
1046,0
918,0
640,0
468,0
512,0
334,0
337,0
348,0
363,0
361,0
437,0
589,0
829,0
1002,0
948,0
1002,0
926,0
872,0
889,0
861,0
1041,0
969,0
1202,0
1477,0
1465,0
1286,0
1021,0
841,0
847,0
1040,0
1047,0
1084,0
1061,0
1020,0
946,0
1085,0
1246,0
1296,0
1196,0
1180,0
1065,0
1099,0
1096,0
1147,0
1117,0
1158,0
1310,0
1458,0
1436,0
1093,0
915,0
790,0
788,0
877,0
894,0
933,0
923,0
902,0
852,0
948,0
1255,0
1226,0
1197,0
1023,0
962,0
1042,0
945,0
991,0
962,0
1036,0
1138,0
1093,0
1102,0
1070,0
949,0
853,0
824,0
744,0
782,0
798,0
817,0
796,0
814,0
821,0
1069,0
1118,0
1075,0
946,0
863,0
875,0
864,0
836,0
949,0
980,0
1086,0
1258,0
1266,0
980,0
870,0
704,0
693,0
759,0
754,0
785,0
747,0
725,0
717,0
693,0
760,0
739,0
740,0
688,0
626,0
586,0
597,0
759,0
815,0
891,0
866,0
862,0
868,0
799,0
721,0
555,0
596,0
731,0
754,0
738,0
716,0
746,0
722,0
703,0
673,0
641,0
739,0
753,0
809,0
871,0
808,0
845,0
1013,0
904,0
947,0
1037,0
992,0
894,0
792,0
726,0
726,0
720,0
737,0
1202,0
729,0
709,0
715,0
881,0
1169,0
1153,0
1149,0
1037,0
1011,0
1077,0
1085,0
1085,0
1055,0
1103,0
1188,0
1152,0
1353,0
1377,0
947,0
786,0
719,0
785,0
784,0
798,0
798,0
770,0
774,0
815,0
1025,0
1110,0
1097,0
1083,0
1065,0
1067,0
1024,0
1015,0
1071,0
1130,0
1224,0
1232,0
1246,0
1141,0
901,0
760,0
734,0
576,0
546,0
436,0
434,0
493,0
531,0
676,0
1034,0
1067,0
1034,0
997,0
1021,0
956,0
928,0
943,0
998,0
1045,0
1100,0
1197,0
1278,0
1080,0
913,0
686,0
519,0
516,0
512,0
464,0
479,0
460,0
527,0
811,0
994,0
1084,0
1102,0
1038,0
981,0
895,0
933,0
897,0
983,0
922,0
1093,0
1208,0
1233,0
1043,0
891,0
731,0
669,0
544,0
485,0
521,0
503,0
481,0
547,0
858,0
981,0
1147,0
1182,0
1153,0
1020,0
937,0
966,0
1026,0
1058,0
1048,0
1224,0
1332,0
1349,0
1042,0
919,0
712,0
677,0
512,0
606,0
599,0
594,0
501,0
488,0
465,0
588,0
734,0
880,0
842,0
783,0
646,0
674,0
697,0
884,0
861,0
1123,0
1200,0
1107,0
927,0
759,0
654,0
602,0
655,0
364,0
424,0
406,0
322,0
297,0
305,0
461,0
619,0
599,0
607,0
698,0
636,0
659,0
739,0
847,0
786,0
874,0
976,0
958,0
809,0
669,0
582,0
526,0
491,0
532,0
747,0
520,0
481,0
476,0
670,0
755,0
1019,0
984,0
1001,0
889,0
850,0
799,0
821,0
888,0
886,0
983,0
1086,0
1114,0
839,0
767,0
685,0
624,0
585,0
485,0
470,0
459,0
442,0
449,0
700,0
854,0
1100,0
975,0
1005,0
806,0
765,0
760,0
819,0
949,0
1004,0
1130,0
1271,0
1365,0
988,0
910,0
788,0
619,0
486,0
530,0
513,0
521,0
556,0
531,0
710,0
802,0
891,0
858,0
777,0
664,0
642,0
660,0
679,0
705,0
838,0
898,0
1031,0
1033,0
1047,0
923,0
682,0
585,0
539,0
488,0
523,0
506,0
486,0
494,0
866,0
807,0
970,0
941,0
841,0
746,0
681,0
694,0
660,0
695,0
907,0
889,0
871,0
1012,0
902,0
841,0
650,0
611,0
466,0
376,0
369,0
394,0
365,0
370,0
639,0
724,0
906,0
909,0
719,0
689,0
638,0
621,0
650,0
716,0
852,0
876,0
936,0
947,0
853,0
664,0
645,0
407,0
597,0
600,0
616,0
609,0
622,0
606,0
608,0
591,0
646,0
581,0
613,0
575,0
481,0
438,0
502,0
560,0
621,0
618,0
701,0
725,0
610,0
519,0
476,0
460,0
510,0
494,0
325,0
326,0
329,0
334,0
369,0
506,0
595,0
570,0
623,0
631,0
556,0
578,0
647,0
669,0
826,0
811,0
842,0
776,0
735,0
560,0
495,0
498,0
552,0
515,0
174,0
475,0
487,0
618,0
628,0
658,0
678,0
656,0
542,0
596,0
670,0
580,0
546,0
502,0
585,0
640,0
647,0
662,0
572,0
550,0
479,0
433,0
444,0
507,0
475,0
479,0
458,0
465,0
495,0
548,0
602,0
601,0
540,0
564,0
555,0
545,0
535,0
600,0
604,0
668,0
792,0
801,0
766,0
668,0
481,0
389,0
419,0
425,0
440,0
400,0
394,0
376,0
472,0
570,0
639,0
610,0
527,0
523,0
498,0
519,0
528,0
567,0
656,0
819,0
988,0
982,0
862,0
591,0
518,0
378,0
442,0
502,0
573,0
515,0
498,0
453,0
372,0
580,0
594,0
606,0
601,0
587,0
614,0
545,0
526,0
645,0
683,0
787,0
1019,0
1022,0
730,0
661,0
540,0
338,0
364,0
434,0
452,0
443,0
385,0
406,0
525,0
476,0
678,0
645,0
622,0
596,0
608,0
519,0
546,0
598,0
695,0
718,0
920,0
950,0
782,0
645,0
609,0
504,0
530,0
428,0
511,0
545,0
534,0
407,0
556,0
655,0
711,0
639,0
558,0
472,0
455,0
480,0
483,0
576,0
652,0
813,0
982,0
940,0
919,0
879,0
830,0
552,0
723,0
0,0
0,0
490,0
461,0
446,0
403,0
470,0
651,0
677,0
595,0
492,0
462,0
477,0
569,0
664,0
717,0
867,0
931,0
1036,0
876,0
859,0
795,0
757,0
618,0
654,0
1678,0
678,0
670,0
770,0
731,0
774,0
751,0
763,0
660,0
530,0
501,0
479,0
501,0
503,0
640,0
905,0
967,0
1064,0
1047,0
967,0
762,0
574,0
472,0
454,0
480,0
442,0
423,0
517,0
599,0
711,0
753,0
649,0
598,0
601,0
536,0
574,0
587,0
681,0
692,0
809,0
965,0
992,0
1128,0
944,0
664,0
715,0
421,0
507,0
578,0
567,0
658,0
554,0
569,0
711,0
672,0
594,0
568,0
477,0
490,0
511,0
559,0
600,0
643,0
709,0
822,0
894,0
942,0
748,0
587,0
277,0
494,0
469,0
450,0
417,0
488,0
585,0
564,0
611,0
601,0
478,0
598,0
410,0
371,0
298,0
341,0
384,0
397,0
725,0
834,0
682,0
919,0
760,0
728,0
553,0
349,0
411,0
387,0
400,0
385,0
391,0
419,0
570,0
698,0
833,0
639,0
534,0
507,0
461,0
403,0
408,0
438,0
639,0
716,0
869,0
862,0
721,0
715,0
377,0
535,0
517,0
467,0
544,0
569,0
532,0
534,0
674,0
610,0
659,0
698,0
680,0
677,0
593,0
580,0
615,0
632,0
727,0
785,0
772,0
762,0
731,0
608,0
427,0
456,0
448,0
530,0
563,0
563,0
524,0
511,0
399,0
335,0
268,0
317,0
346,0
347,0
478,0
515,0
487,0
602,0
618,0
595,0
728,0
639,0
502,0
366,0
368,0
296,0
434,0
530,0
528,0
532,0
417,0
518,0
594,0
546,0
510,0
457,0
457,0
401,0
338,0
261,0
274,0
375,0
449,0
668,0
966,0
960,0
651,0
526,0
410,0
447,0
451,0
486,0
493,0
473,0
405,0
520,0
688,0
764,0
684,0
632,0
499,0
409,0
386,0
340,0
289,0
349,0
571,0
768,0
1101,0
1095,0
863,0
702,0
554,0
412,0
426,0
491,0
519,0
498,0
452,0
528,0
691,0
682,0
561,0
509,0
344,0
277,0
268,0
232,0
197,0
274,0
556,0
679,0
1081,0
1053,0
770,0
641,0
466,0
354,0
397,0
481,0
492,0
462,0
408,0
501,0
590,0
530,0
368,0
177,0
171,0
191,0
248,0
149,0
156,0
259,0
444,0
660,0
1000,0
1016,0
696,0
563,0
426,0
473,0
477,0
404,0
416,0
416,0
489,0
554,0
703,0
672,0
563,0
354,0
439,0
442,0
359,0
343,0
345,0
399,0
584,0
731,0
1023,0
964,0
817,0
758,0
509,0
170,0
157,0
197,0
200,0
187,0
189,0
288,0
400,0
455,0
466,0
402,0
314,0
188,0
205,0
241,0
277,0
411,0
500,0
567,0
653,0
721,0
667,0
597,0
397,0
369,0
362,0
405,0
393,0
389,0
399,0
447,0
376,0
348,0
289,0
178,0
189,0
133,0
187,0
212,0
267,0
367,0
355,0
461,0
563,0
542,0
468,0
372,0
241,0
290,0
261,0
221,0
63,0
250,0
185,0
304,0
428,0
492,0
512,0
414,0
265,0
255,0
297,0
320,0
344,0
333,0
349,0
463,0
632,0
681,0
565,0
492,0
406,0
280,0
214,0
158,0
170,0
286,0
281,0
325,0
404,0
452,0
408,0
377,0
351,0
283,0
326,0
366,0
347,0
430,0
351,0
466,0
740,0
804,0
0,0
0,0
46,0
385,0
410,0
420,0
405,0
331,0
312,0
288,0
389,0
275,0
236,0
223,0
168,0
181,0
182,0
168,0
151,0
173,0
279,0
365,0
863,0
838,0
452,0
443,0
281,0
406,0
431,0
459,0
452,0
422,0
375,0
378,0
504,0
517,0
411,0
382,0
289,0
179,0
186,0
174,0
188,0
284,0
345,0
610,0
1033,0
1099,0
630,0
535,0
417,0
417,0
462,0
475,0
436,0
438,0
431,0
421,0
567,0
463,0
303,0
253,0
327,0
267,0
244,0
203,0
178,0
213,0
450,0
573,0
978,0
962,0
615,0
519,0
431,0
693,0
570,0
467,0
427,0
377,0
386,0
432,0
589,0
625,0
613,0
562,0
501,0
499,0
538,0
473,0
562,0
627,0
659,0
821,0
890,0
897,0
821,0
730,0
762,0
691,0
622,0
638,0
638,0
638,0
579,0
538,0
587,0
630,0
603,0
513,0
403,0
357,0
366,0
285,0
429,0
590,0
591,0
665,0
781,0
755,0
749,0
726,0
495,0
393,0
383,0
340,0
313,0
314,0
288,0
413,0
429,0
437,0
432,0
451,0
422,0
462,0
477,0
546,0
492,0
446,0
417,0
484,0
673,0
659,0
532,0
401,0
388,0
326,0
325,0
345,0
362,0
314,0
342,0
350,0
309,0
339,0
332,0
277,0
277,0
291,0
281,0
251,0
205,0
248,0
342,0
437,0
690,0
770,0
520,0
470,0
309,0
542,0
477,0
496,0
518,0
480,0
478,0
451,0
592,0
473,0
498,0
423,0
341,0
238,0
231,0
262,0
277,0
265,0
412,0
607,0
835,0
845,0
706,0
531,0
369,0
339,0
395,0
432,0
421,0
415,0
393,0
435,0
716,0
707,0
504,0
365,0
224,0
217,0
230,0
174,0
198,0
244,0
403,0
535,0
927,0
971,0
744,0
510,0
352,0
298,0
286,0
276,0
284,0
286,0
295,0
329,0
458,0
503,0
367,0
354,0
388,0
367,0
281,0
252,0
289,0
314,0
401,0
463,0
680,0
767,0
492,0
317,0
335,0
573,0
594,0
597,0
613,0
585,0
538,0
511,0
443,0
403,0
234,0
216,0
175,0
89,0
95,0
104,0
119,0
134,0
273,0
551,0
591,0
593,0
586,0
568,0
516,0
480,0
465,0
484,0
465,0
394,0
371,0
360,0
266,0
313,0
291,0
337,0
258,0
239,0
281,0
375,0
415,0
433,0
607,0
760,0
794,0
770,0
699,0
670,0
580,0
710,0
772,0
158,0
748,0
653,0
575,0
550,0
443,0
449,0
385,0
239,0
198,0
235,0
299,0
343,0
311,0
310,0
338,0
566,0
978,0
929,0
683,0
508,0
353,0
530,0
504,0
461,0
450,0
415,0
368,0
370,0
416,0
359,0
334,0
204,0
250,0
233,0
223,0
193,0
199,0
215,0
328,0
515,0
567,0
533,0
505,0
384,0
331,0
308,0
375,0
386,0
369,0
383,0
387,0
403,0
453,0
445,0
409,0
386,0
338,0
367,0
377,0
313,0
308,0
326,0
361,0
444,0
502,0
779,0
471,0
366,0
305,0
428,0
414,0
434,0
432,0
431,0
478,0
381,0
383,0
290,0
212,0
129,0
278,0
252,0
213,0
193,0
187,0
236,0
344,0
409,0
452,0
534,0
419,0
373,0
341,0
412,0
307,0
318,0
341,0
313,0
328,0
359,0
310,0
503,0
438,0
479,0
493,0
431,0
322,0
330,0
309,0
275,0
488,0
618,0
641,0
579,0
641,0
541,0
464,0
452,0
391,0
391,0
334,0
320,0
287,0
157,0
251,0
332,0
304,0
271,0
228,0
190,0
171,0
110,0
171,0
227,0
281,0
418,0
451,0
458,0
404,0
261,0
212,0
304,0
294,0
324,0
324,0
288,0
239,0
151,0
241,0
326,0
315,0
273,0
106,0
88,0
96,0
119,0
142,0
152,0
315,0
432,0
518,0
528,0
469,0
378,0
426,0
418,0
326,0
313,0
255,0
185,0
177,0
199,0
342,0
465,0
438,0
483,0
414,0
342,0
258,0
241,0
172,0
147,0
228,0
423,0
552,0
571,0
398,0
337,0
217,0
492,0
462,0
384,0
435,0
394,0
338,0
314,0
313,0
294,0
335,0
235,0
365,0
331,0
294,0
267,0
280,0
353,0
372,0
434,0
403,0
672,0
447,0
355,0
290,0
422,0
376,0
329,0
336,0
365,0
371,0
425,0
395,0
437,0
433,0
413,0
321,0
265,0
253,0
209,0
228,0
308,0
334,0
418,0
589,0
679,0
594,0
380,0
329,0
364,0
426,0
413,0
413,0
456,0
487,0
431,0
421,0
427,0
372,0
351,0
416,0
298,0
201,0
209,0
276,0
247,0
289,0
483,0
763,0
817,0
631,0
398,0
325,0
535,0
537,0
519,0
481,0
421,0
409,0
450,0
487,0
385,0
363,0
334,0
312,0
258,0
248,0
229,0
220,0
247,0
287,0
365,0
639,0
696,0
530,0
449,0
469,0
570,0
744,0
664,0
645,0
564,0
536,0
514,0
525,0
427,0
405,0
355,0
296,0
221,0
247,0
279,0
335,0
369,0
422,0
509,0
597,0
613,0
593,0
398,0
443,0
802,0
894,0
834,0
716,0
691,0
672,0
609,0
556,0
566,0
586,0
555,0
511,0
372,0
376,0
357,0
406,0
458,0
678,0
827,0
788,0
675,0
738,0
697,0
664,0
634,0
681,0
652,0
663,0
624,0
556,0
532,0
555,0
503,0
519,0
420,0
296,0
288,0
305,0
263,0
254,0
261,0
402,0
514,0
579,0
582,0
643,0
483,0
443,0
235,0
269,0
299,0
308,0
266,0
273,0
247,0
279,0
262,0
218,0
180,0
139,0
114,0
97,0
100,0
92,0
158,0
151,0
254,0
466,0
629,0
371,0
224,0
206,0
360,0
347,0
351,0
381,0
411,0
429,0
430,0
514,0
296,0
506,0
576,0
833,0
449,0
423,0
409,0
425,0
392,0
480,0
630,0
798,0
745,0
712,0
563,0
488,0
536,0
500,0
438,0
417,0
438,0
451,0
425,0
544,0
400,0
342,0
353,0
234,0
241,0
242,0
232,0
273,0
295,0
420,0
696,0
863,0
842,0
772,0
684,0
671,0
699,0
638,0
544,0
482,0
479,0
456,0
366,0
561,0
427,0
394,0
381,0
272,0
317,0
354,0
291,0
314,0
338,0
338,0
520,0
618,0
573,0
547,0
441,0
436,0
580,0
578,0
558,0
534,0
512,0
495,0
487,0
492,0
442,0
431,0
384,0
353,0
369,0
413,0
419,0
387,0
410,0
524,0
595,0
729,0
660,0
778,0
697,0
500,0
671,0
645,0
605,0
514,0
457,0
452,0
364,0
483,0
460,0
471,0
365,0
334,0
343,0
406,0
440,0
477,0
582,0
634,0
774,0
875,0
777,0
832,0
801,0
588,0
549,0
526,0
0,0
454,0
472,0
450,0
521,0
546,0
536,0
638,0
616,0
584,0
536,0
524,0
566,0
601,0
502,0
581,0
716,0
877,0
854,0
824,0
661,0
676,0
739,0
729,0
685,0
675,0
654,0
679,0
607,0
594,0
554,0
552,0
549,0
368,0
315,0
318,0
289,0
303,0
472,0
535,0
634,0
692,0
683,0
645,0
721,0
732,0
797,0
731,0
684,0
700,0
664,0
660,0
522,0
521,0
617,0
653,0
706,0
730,0
709,0
754,0
687,0
508,0
545,0
638,0
674,0
740,0
804,0
580,0
549,0
495,0
405,0
422,0
446,0
474,0
484,0
455,0
372,0
730,0
717,0
677,0
559,0
774,0
1008,0
956,0
855,0
898,0
1090,0
1252,0
1206,0
1273,0
1006,0
1128,0
1194,0
732,0
624,0
607,0
500,0
477,0
494,0
501,0
562,0
522,0
501,0
346,0
322,0
291,0
294,0
274,0
251,0
304,0
339,0
415,0
493,0
662,0
704,0
628,0
713,0
446,0
565,0
649,0
551,0
532,0
507,0
494,0
398,0
368,0
398,0
387,0
426,0
352,0
296,0
305,0
262,0
295,0
306,0
400,0
538,0
586,0
647,0
587,0
586,0
427,0
493,0
417,0
401,0
339,0
316,0
351,0
332,0
436,0
549,0
525,0
385,0
427,0
371,0
412,0
438,0
461,0
400,0
549,0
658,0
702,0
726,0
672,0
633,0
500,0
442,0
391,0
385,0
377,0
360,0
364,0
315,0
304,0
223,0
208,0
207,0
208,0
240,0
265,0
208,0
206,0
269,0
379,0
557,0
772,0
850,0
829,0
698,0
471,0
719,0
708,0
654,0
644,0
606,0
662,0
657,0
676,0
699,0
612,0
616,0
533,0
332,0
317,0
295,0
288,0
305,0
346,0
436,0
520,0
524,0
506,0
426,0
328,0
248,0
293,0
344,0
387,0
438,0
418,0
438,0
395,0
361,0
348,0
325,0
477,0
452,0
448,0
424,0
419,0
436,0
488,0
588,0
629,0
605,0
560,0
514,0
448,0
472,0
523,0
522,0
529,0
530,0
518,0
551,0
627,0
482,0
465,0
393,0
336,0
319,0
325,0
321,0
287,0
333,0
457,0
604,0
832,0
988,0
921,0
693,0
565,0
524,0
529,0
529,0
542,0
533,0
583,0
531,0
588,0
586,0
445,0
394,0
292,0
200,0
141,0
130,0
155,0
197,0
316,0
646,0
677,0
654,0
545,0
451,0
347,0
502,0
509,0
476,0
452,0
422,0
434,0
458,0
516,0
433,0
440,0
360,0
312,0
290,0
285,0
308,0
332,0
367,0
470,0
465,0
708,0
692,0
502,0
406,0
418,0
73,0
76,0
80,0
81,0
76,0
81,0
63,0
50,0
28,0
30,0
35,0
35,0
29,0
39,0
38,0
45,0
48,0
46,0
93,0
135,0
115,0
143,0
79,0
82,0
437,0
416,0
420,0
402,0
424,0
447,0
476,0
489,0
489,0
523,0
465,0
378,0
376,0
303,0
313,0
316,0
289,0
386,0
462,0
552,0
603,0
547,0
599,0
533,0
338,0
292,0
331,0
287,0
287,0
258,0
319,0
501,0
507,0
424,0
362,0
337,0
349,0
339,0
262,0
238,0
291,0
277,0
392,0
618,0
680,0
543,0
372,0
349,0
336,0
263,0
315,0
288,0
264,0
249,0
229,0
220,0
327,0
405,0
260,0
230,0
256,0
241,0
235,0
280,0
275,0
282,0
274,0
357,0
415,0
398,0
322,0
350,0
308,0
164,0
186,0
197,0
193,0
237,0
225,0
397,0
428,0
493,0
385,0
296,0
227,0
216,0
225,0
206,0
176,0
351,0
414,0
446,0
436,0
403,0
261,0
141,0
280,0
250,0
214,0
247,0
260,0
333,0
377,0
510,0
541,0
542,0
394,0
281,0
255,0
213,0
122,0
120,0
147,0
265,0
384,0
550,0
600,0
457,0
223,0
196,0
398,0
362,0
401,0
435,0
391,0
428,0
406,0
438,0
410,0
391,0
305,0
304,0
289,0
290,0
301,0
316,0
326,0
266,0
409,0
522,0
527,0
496,0
442,0
465,0
450,0
461,0
456,0
387,0
380,0
399,0
364,0
320,0
272,0
261,0
251,0
243,0
225,0
236,0
245,0
237,0
233,0
270,0
538,0
504,0
493,0
502,0
594,0
574,0
468,0
394,0
12,0
390,0
355,0
411,0
148,0
370,0
358,0
117,0
169,0
132,0
160,0
96,0
72,0
84,0
139,0
153,0
380,0
801,0
657,0
599,0
474,0
408,0
568,0
503,0
447,0
479,0
475,0
503,0
337,0
547,0
517,0
619,0
663,0
595,0
591,0
310,0
253,0
264,0
236,0
316,0
480,0
689,0
568,0
665,0
572,0
537,0
533,0
467,0
452,0
468,0
439,0
494,0
540,0
425,0
579,0
494,0
426,0
429,0
384,0
433,0
431,0
432,0
470,0
471,0
538,0
602,0
731,0
591,0
633,0
636,0
551,0
527,0
551,0
570,0
553,0
602,0
524,0
516,0
537,0
524,0
535,0
461,0
483,0
374,0
335,0
235,0
297,0
450,0
517,0
536,0
548,0
533,0
508,0
515,0
594,0
606,0
616,0
628,0
602,0
648,0
592,0
568,0
544,0
505,0
506,0
423,0
407,0
605,0
613,0
515,0
364,0
434,0
747,0
865,0
834,0
783,0
707,0
600,0
433,0
663,0
581,0
601,0
614,0
647,0
617,0
644,0
706,0
587,0
534,0
403,0
363,0
335,0
292,0
363,0
384,0
519,0
614,0
690,0
707,0
676,0
694,0
349,0
628,0
636,0
641,0
566,0
486,0
527,0
443,0
392,0
206,0
205,0
288,0
286,0
288,0
175,0
200,0
174,0
197,0
407,0
495,0
508,0
464,0
419,0
556,0
585,0
519,0
506,0
104,0
444,0
427,0
479,0
312,0
554,0
475,0
365,0
321,0
327,0
328,0
250,0
156,0
221,0
262,0
385,0
511,0
624,0
425,0
415,0
354,0
277,0
452,0
431,0
380,0
400,0
377,0
451,0
271,0
649,0
947,0
793,0
703,0
585,0
503,0
251,0
180,0
193,0
272,0
319,0
577,0
983,0
599,0
491,0
314,0
280,0
446,0
460,0
427,0
407,0
418,0
439,0
348,0
824,0
990,0
654,0
434,0
377,0
342,0
273,0
246,0
230,0
278,0
320,0
784,0
1052,0
885,0
515,0
312,0
256,0
344,0
312,0
399,0
418,0
458,0
359,0
345,0
571,0
704,0
527,0
380,0
372,0
284,0
264,0
228,0
173,0
224,0
244,0
478,0
626,0
558,0
378,0
283,0
222,0
313,0
330,0
408,0
407,0
437,0
372,0
393,0
456,0
504,0
489,0
373,0
315,0
272,0
279,0
241,0
205,0
252,0
326,0
501,0
575,0
640,0
639,0
456,0
344,0
396,0
355,0
326,0
319,0
272,0
298,0
268,0
305,0
415,0
578,0
483,0
350,0
365,0
325,0
258,0
346,0
319,0
430,0
589,0
631,0
739,0
723,0
725,0
626,0
534,0
408,0
344,0
317,0
274,0
257,0
284,0
268,0
338,0
409,0
417,0
244,0
226,0
156,0
243,0
291,0
265,0
320,0
527,0
655,0
787,0
756,0
611,0
550,0
416,0
313,0
0,0
321,0
310,0
372,0
167,0
253,0
330,0
356,0
352,0
313,0
371,0
336,0
216,0
219,0
202,0
278,0
372,0
474,0
485,0
467,0
366,0
334,0
516,0
420,0
447,0
460,0
462,0
418,0
298,0
365,0
371,0
442,0
538,0
409,0
501,0
451,0
352,0
311,0
368,0
576,0
714,0
886,0
900,0
778,0
708,0
686,0
532,0
449,0
432,0
447,0
404,0
359,0
455,0
506,0
526,0
559,0
544,0
522,0
529,0
406,0
375,0
389,0
423,0
517,0
550,0
752,0
777,0
730,0
778,0
697,0
642,0
477,0
523,0
552,0
544,0
483,0
464,0
510,0
584,0
509,0
406,0
292,0
184,0
229,0
259,0
260,0
276,0
363,0
657,0
777,0
653,0
556,0
517,0
491,0
357,0
302,0
395,0
381,0
386,0
322,0
318,0
370,0
336,0
290,0
287,0
192,0
290,0
302,0
294,0
273,0
292,0
349,0
373,0
643,0
530,0
437,0
480,0
316,0
500,0
383,0
272,0
300,0
361,0
404,0
350,0
445,0
416,0
387,0
371,0
314,0
340,0
334,0
248,0
260,0
483,0
571,0
573,0
632,0
656,0
631,0
544,0
451,0
407,0
378,0
454,0
512,0
525,0
462,0
422,0
385,0
405,0
406,0
400,0
370,0
388,0
380,0
382,0
421,0
464,0
581,0
581,0
553,0
632,0
633,0
576,0
436,0
444,0
419,0
476,0
460,0
448,0
353,0
367,0
481,0
446,0
440,0
225,0
265,0
237,0
244,0
270,0
293,0
357,0
318,0
421,0
511,0
515,0
472,0
375,0
383,0
436,0
435,0
424,0
446,0
451,0
426,0
412,0
453,0
545,0
596,0
540,0
504,0
412,0
376,0
352,0
347,0
334,0
315,0
609,0
767,0
831,0
722,0
585,0
511,0
554,0
578,0
562,0
574,0
566,0
552,0
438,0
472,0
527,0
574,0
554,0
568,0
558,0
503,0
444,0
412,0
450,0
454,0
438,0
555,0
692,0
691,0
552,0
569,0
529,0
577,0
548,0
535,0
560,0
567,0
494,0
472,0
715,0
764,0
703,0
619,0
466,0
457,0
473,0
466,0
554,0
623,0
665,0
770,0
844,0
786,0
692,0
604,0
629,0
625,0
618,0
625,0
584,0
577,0
589,0
544,0
475,0
494,0
564,0
637,0
743,0
689,0
650,0
589,0
682,0
597,0
622,0
739,0
744,0
693,0
799,0
921,0
892,0
909,0
918,0
931,0
865,0
850,0
796,0
735,0
649,0
682,0
610,0
580,0
541,0
485,0
445,0
512,0
642,0
647,0
695,0
674,0
876,0
858,0
927,0
789,0
776,0
804,0
676,0
657,0
662,0
642,0
737,0
707,0
710,0
638,0
583,0
479,0
352,0
390,0
420,0
416,0
594,0
494,0
651,0
635,0
737,0
705,0
760,0
719,0
666,0
628,0
584,0
636,0
630,0
693,0
505,0
547,0
410,0
392,0
386,0
349,0
370,0
429,0
387,0
402,0
402,0
414,0
459,0
514,0
529,0
491,0
719,0
789,0
911,0
952,0
912,0
927,0
865,0
945,0
752,0
571,0
487,0
704,0
679,0
690,0
692,0
718,0
592,0
454,0
442,0
469,0
727,0
897,0
787,0
720,0
580,0
500,0
443,0
503,0
565,0
590,0
559,0
593,0
571,0
822,0
918,0
781,0
712,0
640,0
494,0
450,0
381,0
398,0
394,0
538,0
942,0
960,0
876,0
748,0
577,0
441,0
507,0
374,0
421,0
451,0
355,0
316,0
278,0
958,0
962,0
799,0
829,0
789,0
590,0
474,0
443,0
441,0
468,0
542,0
865,0
1152,0
1010,0
675,0
605,0
389,0
308,0
298,0
236,0
284,0
239,0
248,0
396,0
641,0
725,0
675,0
575,0
538,0
401,0
322,0
232,0
232,0
270,0
464,0
668,0
834,0
778,0
552,0
464,0
379,0
401,0
412,0
464,0
467,0
344,0
292,0
319,0
358,0
361,0
306,0
250,0
141,0
178,0
188,0
175,0
248,0
241,0
339,0
338,0
358,0
419,0
463,0
419,0
473,0
724,0
764,0
713,0
669,0
594,0
569,0
571,0
416,0
373,0
295,0
353,0
235,0
244,0
262,0
337,0
401,0
415,0
419,0
485,0
415,0
369,0
368,0
420,0
340,0
383,0
360,0
392,0
410,0
381,0
404,0
368,0
567,0
667,0
483,0
495,0
446,0
366,0
374,0
343,0
344,0
443,0
454,0
635,0
694,0
628,0
561,0
416,0
248,0
459,0
446,0
444,0
459,0
414,0
472,0
512,0
485,0
476,0
458,0
387,0
267,0
221,0
212,0
159,0
187,0
300,0
456,0
530,0
581,0
639,0
563,0
539,0
513,0
672,0
731,0
643,0
684,0
611,0
647,0
315,0
833,0
919,0
837,0
721,0
675,0
543,0
470,0
395,0
391,0
404,0
551,0
693,0
707,0
580,0
589,0
416,0
366,0
668,0
560,0
504,0
538,0
536,0
534,0
357,0
479,0
681,0
790,0
889,0
869,0
868,0
771,0
543,0
564,0
534,0
827,0
953,0
1008,0
934,0
700,0
604,0
607,0
897,0
889,0
787,0
749,0
692,0
754,0
464,0
666,0
711,0
703,0
534,0
430,0
428,0
427,0
268,0
255,0
246,0
319,0
482,0
580,0
643,0
479,0
518,0
598,0
813,0
860,0
822,0
730,0
705,0
680,0
589,0
601,0
485,0
511,0
574,0
554,0
447,0
406,0
397,0
451,0
492,0
542,0
593,0
557,0
618,0
613,0
657,0
800,0
832,0
773,0
726,0
657,0
644,0
602,0
577,0
558,0
602,0
644,0
486,0
247,0
236,0
224,0
275,0
269,0
423,0
591,0
674,0
641,0
698,0
829,0
866,0
685,0
877,0
798,0
775,0
787,0
770,0
663,0
445,0
394,0
336,0
310,0
277,0
257,0
265,0
318,0
317,0
287,0
370,0
307,0
338,0
468,0
506,0
507,0
604,0
581,0
659,0
635,0
605,0
636,0
582,0
561,0
405,0
420,0
429,0
457,0
449,0
390,0
359,0
333,0
307,0
312,0
354,0
424,0
481,0
612,0
674,0
650,0
611,0
586,0
624,0
605,0
537,0
534,0
439,0
471,0
387,0
464,0
497,0
486,0
582,0
531,0
536,0
536,0
474,0
468,0
534,0
596,0
532,0
633,0
596,0
574,0
529,0
515,0
759,0
759,0
732,0
678,0
664,0
801,0
604,0
542,0
532,0
487,0
400,0
359,0
347,0
417,0
358,0
373,0
377,0
456,0
507,0
598,0
577,0
542,0
447,0
570,0
585,0
794,0
861,0
842,0
795,0
788,0
343,0
475,0
599,0
597,0
350,0
295,0
243,0
171,0
275,0
227,0
242,0
273,0
415,0
548,0
562,0
543,0
572,0
623,0
774,0
948,0
1007,0
973,0
867,0
838,0
971,0
865,0
849,0
732,0
633,0
597,0
597,0
555,0
539,0
524,0
653,0
743,0
991,0
1053,0
1160,0
1088,0
1011,0
983,0
1017,0
1012,0
913,0
884,0
760,0
697,0
664,0
589,0
659,0
690,0
568,0
415,0
490,0
438,0
510,0
549,0
549,0
748,0
948,0
874,0
867,0
853,0
885,0
890,0
793,0
678,0
628,0
619,0
656,0
750,0
819,0
756,0
549,0
515,0
340,0
458,0
403,0
437,0
508,0
674,0
633,0
642,0
672,0
587,0
697,0
677,0
685,0
703,0
654,0
702,0
744,0
704,0
719,0
628,0
577,0
498,0
519,0
526,0
611,0
506,0
448,0
575,0
626,0
545,0
594,0
612,0
734,0
713,0
688,0
664,0
573,0
705,0
617,0
685,0
837,0
821,0
774,0
596,0
622,0
505,0
605,0
566,0
590,0
566,0
600,0
594,0
614,0
582,0
740,0
638,0
713,0
830,0
873,0
722,0
636,0
638,0
783,0
680,0
701,0
674,0
644,0
605,0
788,0
585,0
542,0
548,0
500,0
485,0
462,0
467,0
528,0
579,0
718,0
788,0
863,0
989,0
970,0
842,0
711,0
752,0
677,0
589,0
557,0
585,0
590,0
708,0
850,0
668,0
689,0
619,0
640,0
645,0
642,0
648,0
625,0
673,0
700,0
786,0
926,0
923,0
933,0
743,0
575,0
568,0
480,0
515,0
564,0
555,0
556,0
563,0
509,0
564,0
488,0
360,0
321,0
345,0
395,0
403,0
434,0
447,0
526,0
553,0
610,0
613,0
670,0
627,0
548,0
671,0
644,0
551,0
510,0
411,0
407,0
433,0
404,0
408,0
477,0
482,0
416,0
283,0
326,0
413,0
426,0
500,0
651,0
678,0
780,0
808,0
729,0
638,0
733,0
781,0
691,0
716,0
717,0
725,0
735,0
760,0
525,0
546,0
585,0
556,0
551,0
562,0
659,0
662,0
674,0
699,0
591,0
552,0
590,0
592,0
653,0
574,0
828,0
902,0
901,0
834,0
749,0
692,0
648,0
637,0
517,0
722,0
870,0
929,0
922,0
963,0
905,0
882,0
875,0
922,0
915,0
623,0
542,0
482,0
517,0
614,0
725,0
711,0
828,0
819,0
801,0
793,0
791,0
772,0
787,0
842,0
814,0
804,0
587,0
480,0
450,0
448,0
545,0
602,0
667,0
779,0
835,0
732,0
759,0
712,0
847,0
882,0
774,0
664,0
589,0
587,0
590,0
625,0
763,0
757,0
607,0
575,0
499,0
468,0
524,0
570,0
536,0
509,0
526,0
610,0
700,0
760,0
698,0
644,0
707,0
681,0
628,0
566,0
518,0
517,0
520,0
463,0
501,0
432,0
564,0
507,0
510,0
460,0
532,0
495,0
495,0
475,0
424,0
605,0
807,0
937,0
859,0
791,0
557,0
590,0
590,0
546,0
537,0
535,0
535,0
536,0
446,0
529,0
432,0
475,0
397,0
381,0
382,0
368,0
369,0
389,0
426,0
458,0
521,0
675,0
641,0
527,0
508,0
399,0
465,0
493,0
536,0
576,0
559,0
591,0
492,0
405,0
323,0
347,0
408,0
268,0
268,0
226,0
213,0
240,0
358,0
294,0
488,0
555,0
611,0
644,0
514,0
507,0
649,0
648,0
702,0
721,0
692,0
607,0
672,0
731,0
729,0
770,0
714,0
714,0
690,0
687,0
680,0
688,0
700,0
744,0
793,0
959,0
953,0
809,0
702,0
662,0
859,0
833,0
813,0
762,0
776,0
766,0
816,0
847,0
770,0
718,0
660,0
648,0
735,0
733,0
644,0
623,0
655,0
757,0
939,0
969,0
954,0
910,0
873,0
648,0
562,0
555,0
564,0
566,0
574,0
586,0
617,0
733,0
733,0
658,0
625,0
662,0
682,0
687,0
674,0
698,0
825,0
948,0
1002,0
1076,0
961,0
934,0
757,0
603,0
615,0
607,0
636,0
655,0
644,0
617,0
639,0
721,0
767,0
736,0
709,0
678,0
627,0
667,0
682,0
666,0
747,0
816,0
971,0
991,0
917,0
893,0
759,0
677,0
651,0
619,0
630,0
636,0
622,0
612,0
687,0
1031,0
1082,0
1108,0
1101,0
1032,0
962,0
964,0
903,0
897,0
934,0
1034,0
1172,0
1167,0
988,0
911,0
775,0
610,0
464,0
506,0
502,0
543,0
531,0
490,0
504,0
405,0
385,0
381,0
316,0
335,0
403,0
402,0
377,0
370,0
400,0
482,0
685,0
718,0
698,0
709,0
641,0
526,0
545,0
575,0
556,0
585,0
617,0
650,0
599,0
424,0
353,0
352,0
235,0
223,0
231,0
248,0
220,0
220,0
251,0
317,0
476,0
597,0
596,0
577,0
536,0
561,0
599,0
518,0
587,0
592,0
569,0
564,0
546,0
656,0
674,0
647,0
606,0
645,0
589,0
568,0
581,0
616,0
624,0
809,0
1012,0
1095,0
1056,0
959,0
698,0
522,0
534,0
533,0
503,0
516,0
492,0
528,0
601,0
767,0
748,0
706,0
708,0
684,0
620,0
584,0
550,0
589,0
599,0
689,0
918,0
1150,0
1065,0
915,0
831,0
632,0
584,0
534,0
533,0
553,0
553,0
541,0
706,0
769,0
842,0
734,0
780,0
764,0
665,0
609,0
584,0
581,0
673,0
797,0
1052,0
1188,0
1004,0
996,0
830,0
703,0
532,0
509,0
520,0
525,0
513,0
523,0
566,0
612,0
627,0
584,0
563,0
521,0
486,0
513,0
506,0
481,0
619,0
757,0
845,0
1130,0
934,0
934,0
644,0
558,0
564,0
588,0
622,0
626,0
605,0
581,0
535,0
586,0
621,0
656,0
603,0
504,0
471,0
488,0
381,0
464,0
474,0
603,0
784,0
876,0
810,0
773,0
761,0
518,0
536,0
577,0
594,0
601,0
592,0
561,0
541,0
475,0
436,0
384,0
360,0
340,0
363,0
272,0
237,0
225,0
233,0
400,0
590,0
643,0
600,0
537,0
456,0
485,0
589,0
498,0
468,0
451,0
453,0
469,0
496,0
609,0
565,0
550,0
490,0
452,0
449,0
463,0
540,0
551,0
504,0
501,0
616,0
779,0
767,0
735,0
668,0
725,0
551,0
521,0
531,0
545,0
513,0
554,0
611,0
634,0
684,0
596,0
513,0
501,0
568,0
578,0
549,0
579,0
586,0
623,0
937,0
963,0
719,0
696,0
641,0
620,0
565,0
502,0
499,0
498,0
516,0
607,0
459,0
554,0
563,0
609,0
589,0
526,0
523,0
507,0
554,0
607,0
533,0
671,0
783,0
897,0
859,0
690,0
655,0
476,0
555,0
515,0
533,0
582,0
546,0
502,0
501,0
539,0
548,0
584,0
625,0
619,0
629,0
582,0
546,0
589,0
722,0
622,0
684,0
718,0
701,0
726,0
613,0
538,0
522,0
516,0
533,0
561,0
544,0
534,0
576,0
661,0
686,0
725,0
761,0
691,0
676,0
636,0
591,0
631,0
730,0
945,0
1349,0
1352,0
1345,0
1198,0
838,0
611,0
661,0
712,0
651,0
580,0
571,0
622,0
637,0
851,0
960,0
949,0
749,0
711,0
682,0
717,0
607,0
673,0
653,0
931,0
1088,0
1205,0
1176,0
1129,0
809,0
724,0
559,0
617,0
556,0
586,0
607,0
622,0
663,0
564,0
495,0
447,0
343,0
332,0
346,0
373,0
386,0
338,0
343,0
496,0
631,0
786,0
751,0
765,0
593,0
607,0
579,0
527,0
485,0
502,0
497,0
417,0
424,0
415,0
450,0
359,0
338,0
338,0
333,0
459,0
500,0
492,0
510,0
573,0
610,0
585,0
724,0
759,0
624,0
624,0
574,0
575,0
610,0
615,0
609,0
575,0
465,0
545,0
775,0
763,0
730,0
471,0
433,0
426,0
410,0
413,0
396,0
477,0
829,0
979,0
1027,0
673,0
469,0
256,0
390,0
417,0
388,0
380,0
414,0
451,0
497,0
750,0
884,0
797,0
646,0
539,0
497,0
491,0
517,0
525,0
606,0
815,0
1062,0
1111,0
1074,0
849,0
466,0
467,0
673,0
608,0
587,0
620,0
682,0
766,0
732,0
488,0
482,0
427,0
446,0
393,0
397,0
405,0
372,0
406,0
424,0
446,0
636,0
690,0
665,0
546,0
623,0
711,0
704,0
661,0
640,0
658,0
711,0
726,0
598,0
591,0
717,0
658,0
525,0
459,0
421,0
423,0
414,0
416,0
469,0
737,0
691,0
736,0
692,0
544,0
560,0
514,0
519,0
555,0
554,0
603,0
626,0
578,0
560,0
807,0
899,0
878,0
695,0
503,0
448,0
430,0
411,0
467,0
489,0
665,0
919,0
956,0
971,0
722,0
600,0
552,0
514,0
523,0
561,0
592,0
588,0
597,0
550,0
410,0
567,0
585,0
525,0
469,0
377,0
364,0
400,0
450,0
520,0
588,0
621,0
646,0
623,0
599,0
500,0
493,0
470,0
474,0
326,0
350,0
354,0
360,0
393,0
477,0
530,0
520,0
488,0
419,0
406,0
343,0
293,0
349,0
480,0
623,0
416,0
466,0
576,0
671,0
517,0
576,0
464,0
451,0
500,0
505,0
466,0
442,0
526,0
701,0
741,0
652,0
517,0
473,0
500,0
406,0
440,0
565,0
508,0
443,0
682,0
819,0
800,0
686,0
540,0
661,0
638,0
730,0
754,0
682,0
672,0
676,0
523,0
496,0
502,0
512,0
363,0
303,0
329,0
366,0
379,0
372,0
294,0
315,0
461,0
555,0
596,0
390,0
326,0
347,0
392,0
367,0
358,0
462,0
499,0
479,0
450,0
465,0
444,0
504,0
543,0
493,0
509,0
516,0
503,0
539,0
528,0
540,0
543,0
650,0
720,0
477,0
470,0
487,0
462,0
384,0
383,0
402,0
421,0
475,0
380,0
494,0
512,0
483,0
463,0
424,0
463,0
489,0
485,0
502,0
531,0
540,0
894,0
959,0
986,0
525,0
404,0
441,0
526,0
522,0
509,0
573,0
556,0
605,0
475,0
537,0
586,0
487,0
541,0
569,0
538,0
512,0
522,0
477,0
450,0
527,0
670,0
717,0
713,0
549,0
552,0
22,0
627,0
620,0
574,0
544,0
508,0
542,0
554,0
571,0
582,0
591,0
627,0
582,0
589,0
562,0
561,0
587,0
673,0
731,0
626,0
564,0
492,0
525,0
449,0
480,0
611,0
554,0
529,0
562,0
539,0
505,0
512,0
557,0
640,0
650,0
604,0
570,0
299,0
264,0
336,0
401,0
626,0
759,0
834,0
730,0
544,0
660,0
699,0
720,0
481,0
524,0
625,0
643,0
658,0
564,0
523,0
608,0
603,0
508,0
431,0
454,0
449,0
411,0
382,0
389,0
454,0
669,0
1041,0
1149,0
1086,0
647,0
418,0
331,0
460,0
513,0
534,0
586,0
498,0
422,0
695,0
1098,0
1117,0
1064,0
695,0
586,0
546,0
528,0
457,0
470,0
714,0
1326,0
1195,0
1243,0
1277,0
1311,0
838,0
524,0
599,0
374,0
395,0
426,0
403,0
560,0
644,0
813,0
802,0
731,0
532,0
488,0
412,0
419,0
403,0
503,0
491,0
537,0
813,0
857,0
981,0
656,0
564,0
627,0
571,0
440,0
406,0
378,0
454,0
596,0
506,0
579,0
759,0
559,0
467,0
406,0
377,0
377,0
405,0
543,0
644,0
584,0
823,0
811,0
851,0
600,0
688,0
682,0
532,0
445,0
558,0
618,0
614,0
734,0
722,0
969,0
1086,0
807,0
719,0
640,0
474,0
411,0
399,0
514,0
578,0
534,0
823,0
884,0
911,0
710,0
527,0
569,0
621,0
695,0
709,0
702,0
665,0
617,0
537,0
453,0
466,0
428,0
445,0
460,0
503,0
485,0
509,0
516,0
477,0
510,0
544,0
558,0
578,0
574,0
583,0
531,0
490,0
388,0
370,0
424,0
412,0
396,0
398,0
434,0
389,0
405,0
333,0
315,0
322,0
324,0
324,0
377,0
497,0
455,0
507,0
592,0
631,0
508,0
530,0
512,0
627,0
650,0
676,0
674,0
627,0
571,0
661,0
852,0
998,0
973,0
883,0
790,0
692,0
656,0
632,0
635,0
785,0
1128,0
1216,0
1173,0
1165,0
886,0
772,0
594,0
613,0
575,0
526,0
541,0
505,0
509,0
653,0
967,0
1082,0
933,0
741,0
643,0
548,0
558,0
544,0
498,0
600,0
835,0
1064,0
1184,0
1233,0
858,0
565,0
598,0
555,0
534,0
541,0
566,0
626,0
680,0
583,0
574,0
623,0
577,0
503,0
479,0
339,0
347,0
326,0
426,0
504,0
547,0
664,0
918,0
767,0
509,0
537,0
523,0
570,0
558,0
568,0
529,0
569,0
492,0
369,0
481,0
383,0
379,0
388,0
392,0
394,0
355,0
375,0
383,0
374,0
18,0
100,0
285,0
121,0
0,0
0,0
0,0
632,0
683,0
655,0
667,0
732,0
732,0
607,0
342,0
418,0
450,0
429,0
429,0
333,0
318,0
316,0
286,0
297,0
444,0
475,0
648,0
433,0
385,0
422,0
377,0
286,0
232,0
196,0
215,0
244,0
273,0
246,0
197,0
199,0
150,0
96,0
78,0
125,0
136,0
222,0
257,0
153,0
247,0
301,0
392,0
489,0
383,0
280,0
254,0
468,0
499,0
468,0
472,0
469,0
417,0
351,0
373,0
331,0
268,0
181,0
182,0
104,0
161,0
163,0
203,0
361,0
333,0
265,0
277,0
297,0
394,0
383,0
485,0
407,0
353,0
285,0
267,0
294,0
286,0
415,0
663,0
799,0
877,0
829,0
805,0
723,0
705,0
655,0
558,0
549,0
758,0
996,0
1175,0
1100,0
857,0
780,0
589,0
420,0
464,0
388,0
380,0
267,0
259,0
374,0
645,0
582,0
518,0
618,0
641,0
415,0
513,0
558,0
366,0
400,0
522,0
885,0
1019,0
976,0
769,0
541,0
459,0
364,0
450,0
392,0
427,0
359,0
328,0
330,0
484,0
539,0
471,0
380,0
261,0
252,0
262,0
246,0
327,0
350,0
384,0
610,0
813,0
656,0
475,0
428,0
393,0
545,0
538,0
529,0
535,0
573,0
572,0
431,0
419,0
456,0
401,0
428,0
322,0
459,0
431,0
422,0
404,0
475,0
614,0
761,0
782,0
705,0
453,0
387,0
418,0
310,0
271,0
284,0
297,0
294,0
305,0
300,0
388,0
472,0
466,0
356,0
374,0
429,0
396,0
413,0
429,0
482,0
428,0
419,0
413,0
403,0
488,0
532,0
516,0
679,0
489,0
413,0
378,0
379,0
421,0
395,0
419,0
514,0
536,0
606,0
605,0
567,0
600,0
582,0
596,0
615,0
645,0
845,0
830,0
705,0
718,0
752,0
750,0
666,0
432,0
422,0
378,0
396,0
418,0
401,0
368,0
437,0
436,0
456,0
394,0
441,0
485,0
488,0
477,0
526,0
492,0
597,0
543,0
515,0
533,0
496,0
500,0
309,0
252,0
267,0
257,0
245,0
293,0
387,0
408,0
497,0
397,0
394,0
317,0
350,0
301,0
305,0
286,0
304,0
405,0
656,0
698,0
583,0
325,0
283,0
327,0
335,0
302,0
249,0
238,0
270,0
324,0
304,0
323,0
405,0
401,0
341,0
405,0
504,0
481,0
471,0
496,0
516,0
452,0
571,0
584,0
573,0
432,0
465,0
600,0
537,0
486,0
408,0
377,0
436,0
451,0
454,0
431,0
405,0
453,0
495,0
471,0
485,0
473,0
464,0
457,0
469,0
512,0
653,0
636,0
617,0
573,0
537,0
499,0
599,0
570,0
529,0
448,0
477,0
453,0
448,0
608,0
596,0
604,0
512,0
462,0
508,0
518,0
498,0
501,0
511,0
525,0
657,0
618,0
617,0
445,0
402,0
414,0
483,0
522,0
521,0
497,0
491,0
510,0
483,0
505,0
478,0
397,0
420,0
586,0
658,0
655,0
717,0
728,0
687,0
577,0
530,0
607,0
481,0
583,0
716,0
744,0
679,0
566,0
524,0
523,0
570,0
570,0
443,0
523,0
592,0
665,0
667,0
602,0
631,0
651,0
649,0
628,0
748,0
775,0
685,0
599,0
663,0
657,0
616,0
594,0
733,0
606,0
595,0
578,0
534,0
567,0
617,0
667,0
818,0
896,0
932,0
895,0
905,0
900,0
920,0
902,0
919,0
903,0
839,0
875,0
976,0
994,0
991,0
991,0
812,0
732,0
669,0
664,0
709,0
806,0
673,0
466,0
529,0
515,0
445,0
390,0
414,0
416,0
443,0
487,0
583,0
440,0
661,0
783,0
612,0
391,0
472,0
480,0
374,0
408,0
443,0
447,0
416,0
443,0
475,0
746,0
800,0
768,0
621,0
604,0
586,0
571,0
455,0
484,0
471,0
593,0
663,0
711,0
560,0
448,0
684,0
569,0
524,0
477,0
482,0
550,0
653,0
897,0
918,0
919,0
869,0
793,0
661,0
740,0
737,0
780,0
781,0
810,0
898,0
957,0
902,0
791,0
1039,0
1160,0
1328,0
1275,0
1324,0
1082,0
951,0
940,0
1120,0
1018,0
1095,0
852,0
675,0
673,0
659,0
694,0
542,0
557,0
525,0
542,0
577,0
779,0
916,0
875,0
667,0
595,0
797,0
889,0
704,0
674,0
642,0
554,0
642,0
786,0
668,0
885,0
1016,0
989,0
883,0
856,0
705,0
725,0
571,0
531,0
557,0
665,0
943,0
1029,0
797,0
677,0
592,0
686,0
942,0
788,0
622,0
658,0
613,0
638,0
741,0
534,0
527,0
520,0
475,0
402,0
367,0
373,0
363,0
399,0
627,0
694,0
719,0
604,0
545,0
502,0
688,0
790,0
798,0
845,0
795,0
775,0
788,0
867,0
832,0
661,0
642,0
700,0
662,0
622,0
600,0
686,0
748,0
784,0
936,0
1094,0
1269,0
903,0
952,0
886,0
837,0
1022,0
853,0
669,0
560,0
476,0
579,0
792,0
698,0
738,0
626,0
595,0
581,0
444,0
615,0
649,0
608,0
628,0
619,0
788,0
825,0
764,0
953,0
898,0
960,0
922,0
916,0
953,0
893,0
891,0
973,0
879,0
697,0
826,0
799,0
821,0
758,0
657,0
602,0
525,0
452,0
604,0
748,0
824,0
890,0
856,0
869,0
902,0
798,0
783,0
656,0
698,0
609,0
595,0
600,0
679,0
713,0
692,0
703,0
654,0
529,0
585,0
380,0
346,0
269,0
296,0
484,0
657,0
723,0
742,0
710,0
666,0
665,0
665,0
838,0
765,0
763,0
748,0
744,0
1056,0
993,0
884,0
693,0
740,0
715,0
704,0
623,0
621,0
606,0
619,0
682,0
910,0
981,0
952,0
1050,0
322,0
296,0
302,0
872,0
820,0
891,0
895,0
910,0
944,0
813,0
851,0
721,0
678,0
606,0
575,0
480,0
451,0
441,0
555,0
844,0
885,0
1111,0
1002,0
970,0
1128,0
1192,0
1158,0
1088,0
1129,0
1033,0
1043,0
1058,0
1167,0
1060,0
1074,0
974,0
995,0
922,0
798,0
837,0
748,0
762,0
803,0
957,0
1027,0
1098,0
935,0
1142,0
1014,0
935,0
818,0
957,0
864,0
696,0
711,0
687,0
690,0
717,0
785,0
846,0
879,0
850,0
736,0
523,0
537,0
577,0
668,0
962,0
1126,0
1089,0
930,0
908,0
950,0
969,0
1026,0
870,0
1092,0
1022,0
1009,0
1057,0
1121,0
1288,0
1158,0
1015,0
842,0
795,0
756,0
654,0
635,0
646,0
639,0
907,0
1206,0
1126,0
1061,0
1162,0
1253,0
1298,0
1341,0
1373,0
1271,0
1266,0
1299,0
1317,0
1371,0
1473,0
1226,0
1099,0
919,0
867,0
688,0
720,0
809,0
809,0
892,0
953,0
1079,0
979,0
912,0
950,0
1063,0
1065,0
1119,0
1102,0
1374,0
1420,0
1406,0
1358,0
1318,0
1305,0
1014,0
875,0
817,0
822,0
696,0
677,0
728,0
765,0
787,0
833,0
920,0
909,0
853,0
872,0
1061,0
1095,0
1224,0
1172,0
1213,0
1149,0
1152,0
1141,0
1238,0
1198,0
1052,0
879,0
824,0
786,0
762,0
668,0
658,0
665,0
832,0
1032,0
1072,0
1139,0
1039,0
976,0
1129,0
1204,0
1318,0
1403,0
1280,0
1264,0
1298,0
1336,0
1385,0
1286,0
1243,0
1154,0
1080,0
997,0
863,0
563,0
621,0
640,0
689,0
818,0
1036,0
899,0
920,0
851,0
696,0
724,0
687,0
797,0
622,0
595,0
564,0
746,0
843,0
931,0
988,0
1009,0
981,0
875,0
993,0
1139,0
1186,0
1225,0
1303,0
1319,0
1293,0
1168,0
1070,0
974,0
932,0
866,0
822,0
855,0
598,0
549,0
499,0
471,0
497,0
569,0
592,0
499,0
514,0
353,0
272,0
318,0
387,0
581,0
843,0
1053,0
1346,0
1268,0
1213,0
1143,0
1118,0
1110,0
1027,0
1004,0
1060,0
1119,0
1125,0
1160,0
1205,0
1303,0
1306,0
1251,0
1199,0
1059,0
887,0
718,0
748,0
820,0
889,0
1091,0
1401,0
1359,0
1306,0
1164,0
1221,0
955,0
1055,0
1052,0
827,0
969,0
955,0
962,0
992,0
1006,0
1043,0
1063,0
1029,0
963,0
985,0
967,0
967,0
991,0
1011,0
1068,0
1108,0
990,0
979,0
930,0
764,0
899,0
123,0
130,0
649,0
581,0
513,0
491,0
490,0
644,0
935,0
1138,0
1084,0
1094,0
1065,0
994,0
920,0
910,0
1049,0
1044,0
1078,0
1008,0
984,0
1009,0
1105,0
1001,0
956,0
870,0
631,0
663,0
661,0
744,0
784,0
1018,0
1093,0
1105,0
1139,0
1198,0
1016,0
985,0
973,0
956,0
1088,0
1003,0
1134,0
1102,0
1077,0
1034,0
1080,0
843,0
750,0
704,0
552,0
600,0
636,0
639,0
630,0
730,0
968,0
1008,0
963,0
916,0
963,0
991,0
985,0
1053,0
1044,0
986,0
920,0
1009,0
997,0
993,0
1171,0
1008,0
941,0
859,0
754,0
647,0
694,0
762,0
774,0
907,0
967,0
1036,0
1170,0
1046,0
955,0
955,0
850,0
885,0
1071,0
1323,0
1406,0
1337,0
1321,0
1252,0
1138,0
1136,0
1155,0
1008,0
1013,0
743,0
651,0
643,0
707,0
854,0
904,0
971,0
957,0
923,0
802,0
733,0
719,0
824,0
1018,0
1231,0
1414,0
1335,0
1207,0
1124,0
1155,0
1075,0
1119,0
1040,0
822,0
782,0
720,0
704,0
793,0
1030,0
1060,0
935,0
930,0
889,0
816,0
814,0
717,0
767,0
812,0
883,0
908,0
1019,0
891,0
880,0
854,0
905,0
808,0
682,0
510,0
575,0
586,0
591,0
571,0
728,0
828,0
821,0
920,0
906,0
811,0
773,0
740,0
735,0
873,0
938,0
990,0
1147,0
967,0
957,0
879,0
713,0
789,0
669,0
737,0
654,0
598,0
589,0
725,0
907,0
763,0
893,0
866,0
880,0
752,0
640,0
645,0
682,0
736,0
840,0
947,0
1092,0
1126,0
1016,0
1062,0
1053,0
1076,0
812,0
811,0
749,0
726,0
754,0
793,0
1017,0
727,0
764,0
708,0
706,0
655,0
657,0
644,0
717,0
743,0
970,0
943,0
942,0
948,0
953,0
872,0
886,0
870,0
746,0
908,0
786,0
698,0
721,0
801,0
1115,0
986,0
953,0
998,0
960,0
617,0
558,0
579,0
591,0
671,0
865,0
867,0
875,0
814,0
834,0
1051,0
1056,0
966,0
849,0
887,0
682,0
582,0
665,0
728,0
821,0
872,0
963,0
976,0
869,0
737,0
638,0
586,0
633,0
813,0
1049,0
1191,0
1234,0
1192,0
1196,0
1156,0
1116,0
1053,0
857,0
976,0
805,0
694,0
700,0
764,0
802,0
868,0
1032,0
1048,0
1165,0
1129,0
1058,0
615,0
637,0
774,0
1059,0
1186,0
1113,0
1165,0
1200,0
1242,0
1251,0
1111,0
850,0
855,0
668,0
659,0
701,0
693,0
856,0
643,0
659,0
723,0
722,0
715,0
688,0
630,0
617,0
691,0
806,0
811,0
835,0
878,0
791,0
695,0
882,0
1025,0
1008,0
1208,0
1209,0
1190,0
1097,0
1211,0
1308,0
1115,0
777,0
787,0
798,0
795,0
971,0
1016,0
1010,0
1051,0
831,0
915,0
993,0
983,0
889,0
860,0
976,0
1271,0
1102,0
750,0
737,0
696,0
767,0
818,0
907,0
755,0
786,0
892,0
827,0
681,0
646,0
547,0
564,0
579,0
895,0
942,0
923,0
995,0
919,0
729,0
572,0
501,0
478,0
548,0
550,0
482,0
465,0
597,0
770,0
606,0
802,0
956,0
883,0
755,0
695,0
718,0
717,0
800,0
835,0
968,0
1010,0
1008,0
908,0
1016,0
858,0
871,0
629,0
754,0
682,0
705,0
743,0
828,0
1092,0
944,0
861,0
799,0
937,0
854,0
857,0
797,0
768,0
888,0
947,0
1041,0
1051,0
1081,0
956,0
822,0
564,0
544,0
525,0
571,0
612,0
665,0
698,0
659,0
639,0
612,0
544,0
528,0
552,0
539,0
563,0
522,0
512,0
453,0
703,0
845,0
857,0
892,0
812,0
674,0
595,0
610,0
632,0
528,0
437,0
393,0
356,0
306,0
305,0
362,0
592,0
565,0
469,0
468,0
491,0
530,0
543,0
480,0
780,0
953,0
884,0
787,0
730,0
721,0
643,0
701,0
639,0
536,0
549,0
580,0
581,0
530,0
500,0
376,0
648,0
668,0
697,0
774,0
714,0
642,0
647,0
841,0
948,0
958,0
871,0
815,0
805,0
711,0
727,0
877,0
919,0
816,0
699,0
636,0
561,0
528,0
700,0
530,0
593,0
612,0
643,0
708,0
694,0
768,0
772,0
831,0
782,0
768,0
757,0
774,0
734,0
631,0
658,0
770,0
645,0
688,0
638,0
541,0
540,0
599,0
776,0
784,0
810,0
766,0
757,0
716,0
587,0
515,0
538,0
626,0
699,0
835,0
898,0
835,0
718,0
643,0
537,0
676,0
878,0
934,0
894,0
851,0
865,0
1002,0
942,0
791,0
843,0
902,0
876,0
787,0
707,0
684,0
736,0
835,0
890,0
942,0
945,0
926,0
815,0
661,0
724,0
858,0
843,0
772,0
647,0
617,0
601,0
677,0
733,0
740,0
803,0
771,0
764,0
726,0
684,0
659,0
617,0
771,0
931,0
1044,0
1038,0
964,0
853,0
792,0
961,0
1061,0
969,0
756,0
843,0
824,0
761,0
778,0
863,0
902,0
521,0
539,0
556,0
425,0
376,0
392,0
369,0
318,0
623,0
681,0
749,0
805,0
861,0
943,0
1027,0
802,0
742,0
800,0
752,0
874,0
911,0
949,0
1018,0
794,0
901,0
689,0
587,0
569,0
595,0
572,0
664,0
779,0
732,0
770,0
715,0
788,0
774,0
709,0
646,0
591,0
862,0
946,0
744,0
651,0
674,0
643,0
774,0
815,0
989,0
952,0
943,0
890,0
843,0
822,0
818,0
852,0
931,0
992,0
1003,0
1007,0
982,0
807,0
741,0
718,0
791,0
702,0
725,0
757,0
765,0
761,0
681,0
672,0
773,0
845,0
842,0
793,0
738,0
751,0
751,0
817,0
895,0
956,0
1013,0
986,0
865,0
783,0
834,0
840,0
782,0
755,0
802,0
829,0
837,0
830,0
1082,0
720,0
799,0
1051,0
1062,0
1002,0
963,0
1012,0
1004,0
1090,0
1151,0
1113,0
1140,0
1148,0
1094,0
956,0
732,0
916,0
1032,0
1160,0
1136,0
1108,0
1076,0
1180,0
1288,0
772,0
898,0
1103,0
1070,0
1216,0
1188,0
1038,0
970,0
985,0
973,0
1120,0
1100,0
1020,0
938,0
842,0
985,0
1138,0
880,0
1048,0
1100,0
1073,0
1035,0
1100,0
1271,0
942,0
994,0
1072,0
1119,0
1079,0
1013,0
1053,0
985,0
1022,0
1015,0
1057,0
1037,0
1019,0
984,0
1059,0
921,0
1124,0
1193,0
1337,0
1334,0
1192,0
1151,0
1186,0
1299,0
1276,0
1183,0
1189,0
1264,0
1040,0
1041,0
1136,0
1182,0
1297,0
1365,0
1428,0
1193,0
1185,0
1236,0
1369,0
1402,0
1404,0
1247,0
1243,0
1064,0
929,0
880,0
817,0
1007,0
1034,0
1149,0
1322,0
1253,0
1240,0
1190,0
1175,0
1247,0
1259,0
1156,0
1114,0
1095,0
1012,0
1006,0
1338,0
1400,0
1402,0
1366,0
1314,0
896,0
683,0
528,0
596,0
915,0
948,0
806,0
896,0
887,0
856,0
826,0
789,0
822,0
829,0
894,0
1093,0
1084,0
1105,0
925,0
864,0
815,0
1078,0
1165,0
835,0
724,0
649,0
663,0
694,0
973,0
812,0
832,0
931,0
999,0
987,0
983,0
887,0
840,0
865,0
941,0
1007,0
1055,0
1017,0
963,0
827,0
822,0
939,0
1087,0
1015,0
983,0
868,0
809,0
875,0
1128,0
933,0
972,0
1091,0
1062,0
1062,0
1051,0
1046,0
980,0
1044,0
1178,0
1204,0
1257,0
1302,0
1241,0
986,0
875,0
831,0
906,0
988,0
1070,0
1127,0
1128,0
1051,0
929,0
962,0
1081,0
1256,0
1259,0
1280,0
1243,0
1244,0
1216,0
1190,0
1085,0
1131,0
1149,0
1109,0
944,0
819,0
723,0
806,0
759,0
949,0
970,0
1028,0
1038,0
1103,0
1268,0
1183,0
1065,0
1054,0
1096,0
1116,0
1077,0
1051,0
913,0
966,0
1031,0
1043,0
1031,0
981,0
928,0
1014,0
1121,0
1266,0
1243,0
979,0
985,0
1029,0
1047,0
1035,0
1077,0
1130,0
1016,0
938,0
939,0
981,0
854,0
772,0
709,0
641,0
796,0
952,0
818,0
715,0
793,0
760,0
808,0
871,0
811,0
745,0
849,0
825,0
845,0
820,0
891,0
885,0
965,0
1129,0
1108,0
1119,0
1028,0
998,0
929,0
995,0
966,0
1097,0
1056,0
1104,0
1064,0
959,0
919,0
866,0
710,0
639,0
591,0
516,0
502,0
483,0
634,0
580,0
618,0
788,0
772,0
750,0
747,0
657,0
604,0
692,0
733,0
858,0
881,0
906,0
961,0
648,0
497,0
489,0
504,0
583,0
584,0
594,0
621,0
575,0
725,0
861,0
733,0
1038,0
1051,0
1047,0
1059,0
901,0
878,0
665,0
820,0
1119,0
1067,0
906,0
811,0
784,0
790,0
827,0
1024,0
819,0
823,0
728,0
693,0
851,0
1004,0
919,0
945,0
937,0
913,0
1040,0
920,0
782,0
829,0
614,0
825,0
1001,0
1013,0
807,0
1029,0
900,0
760,0
555,0
826,0
801,0
827,0
754,0
769,0
851,0
795,0
787,0
733,0
835,0
833,0
806,0
827,0
783,0
759,0
782,0
836,0
836,0
875,0
793,0
786,0
934,0
1032,0
842,0
958,0
611,0
644,0
728,0
736,0
706,0
551,0
728,0
950,0
1017,0
890,0
945,0
885,0
848,0
773,0
831,0
1022,0
1123,0
1108,0
1105,0
1117,0
1165,0
1095,0
1088,0
938,0
853,0
913,0
862,0
833,0
821,0
866,0
688,0
775,0
1040,0
1122,0
1120,0
1107,0
1071,0
1002,0
1092,0
1135,0
1201,0
1124,0
1101,0
1105,0
1057,0
1037,0
934,0
786,0
917,0
949,0
917,0
818,0
834,0
884,0
963,0
1078,0
970,0
945,0
1018,0
924,0
962,0
1019,0
1019,0
1109,0
1162,0
1149,0
1050,0
1104,0
1041,0
975,0
1076,0
1028,0
714,0
621,0
587,0
510,0
552,0
728,0
883,0
971,0
1180,0
1218,0
1179,0
1140,0
1112,0
1002,0
1012,0
1095,0
1067,0
1260,0
1197,0
1162,0
1020,0
925,0
980,0
802,0
949,0
870,0
791,0
825,0
864,0
1010,0
815,0
963,0
1033,0
1122,0
1174,0
1031,0
830,0
802,0
994,0
1233,0
1228,0
1199,0
1116,0
1174,0
1100,0
984,0
1027,0
890,0
1062,0
1017,0
862,0
843,0
889,0
1094,0
1057,0
954,0
1064,0
1074,0
1105,0
1111,0
1056,0
1103,0
1142,0
1152,0
1219,0
948,0
1136,0
1436,0
1098,0
770,0
1187,0
796,0
833,0
902,0
898,0
949,0
944,0
895,0
885,0
876,0
786,0
793,0
756,0
768,0
768,0
768,0
931,0
914,0
973,0
673,0
896,0
1008,0
884,0
1073,0
914,0
806,0
657,0
314,0
140,0
114,0
165,0
271,0
375,0
479,0
460,0
528,0
436,0
493,0
514,0
566,0
531,0
423,0
543,0
299,0
507,0
958,0
1004,0
860,0
814,0
739,0
736,0
621,0
645,0
674,0
672,0
666,0
692,0
733,0
710,0
788,0
747,0
798,0
845,0
765,0
839,0
876,0
992,0
918,0
779,0
804,0
763,0
721,0
638,0
658,0
790,0
700,0
616,0
552,0
486,0
510,0
611,0
571,0
874,0
789,0
669,0
616,0
646,0
703,0
713,0
756,0
835,0
839,0
733,0
704,0
623,0
510,0
546,0
320,0
127,0
133,0
274,0
370,0
367,0
267,0
182,0
313,0
369,0
500,0
609,0
589,0
549,0
495,0
469,0
474,0
634,0
658,0
608,0
486,0
474,0
405,0
337,0
347,0
643,0
664,0
783,0
881,0
870,0
739,0
719,0
898,0
1113,0
1157,0
1202,0
1214,0
1006,0
930,0
806,0
1009,0
1251,0
1270,0
1300,0
1303,0
1007,0
935,0
876,0
750,0
924,0
891,0
933,0
1053,0
1074,0
1106,0
1094,0
1035,0
1055,0
1066,0
1070,0
1098,0
1164,0
1119,0
1015,0
1036,0
1016,0
965,0
1040,0
929,0
731,0
693,0
652,0
910,0
1117,0
1167,0
1200,0
1222,0
1198,0
1110,0
970,0
964,0
931,0
897,0
1001,0
1080,0
1163,0
1118,0
1125,0
1211,0
1144,0
1161,0
1186,0
1259,0
1085,0
1195,0
1120,0
1022,0
