1055,0
1091,0
1108,0
1128,0
1030,0
1013,0
1058,0
1154,0
1099,0
1190,0
1240,0
1296,0
1171,0
1134,0
1110,0
1104,0
1085,0
1104,0
1097,0
1139,0
1037,0
1013,0
988,0
1034,0
1052,0
1128,0
911,0
966,0
920,0
898,0
858,0
1147,0
1195,0
1176,0
1172,0
1158,0
1172,0
1177,0
1116,0
1171,0
1092,0
1033,0
1047,0
1052,0
1095,0
1077,0
1112,0
1145,0
1086,0
1032,0
958,0
996,0
1015,0
1047,0
1152,0
1129,0
1148,0
1110,0
920,0
888,0
903,0
932,0
947,0
939,0
991,0
1012,0
1109,0
1059,0
978,0
947,0
968,0
1056,0
1006,0
1080,0
1077,0
1131,0
1102,0
1069,0
1178,0
1038,0
1241,0
1203,0
1280,0
1309,0
1335,0
1281,0
1234,0
1271,0
1364,0
1345,0
1373,0
1353,0
1045,0
1150,0
1137,0
1117,0
1288,0
1309,0
1337,0
1369,0
1346,0
1347,0
1302,0
1145,0
1442,0
1417,0
1431,0
1483,0
1481,0
1522,0
1513,0
1458,0
1471,0
1371,0
1423,0
1436,0
1207,0
1137,0
1187,0
1172,0
1289,0
1375,0
1338,0
1358,0
1392,0
1331,0
1280,0
1210,0
1425,0
1355,0
1342,0
1356,0
1355,0
1389,0
1385,0
1444,0
1367,0
1514,0
1555,0
1552,0
1313,0
1214,0
1280,0
1321,0
1259,0
1232,0
1277,0
1309,0
1307,0
1358,0
1261,0
1415,0
1795,0
1754,0
1796,0
1856,0
1873,0
1842,0
1816,0
1800,0
1818,0
1751,0
1716,0
1686,0
1469,0
1244,0
1248,0
1318,0
1353,0
1376,0
1419,0
1423,0
1435,0
1375,0
1315,0
1466,0
1629,0
1671,0
1687,0
1646,0
1586,0
1598,0
669,0
1071,0
1598,0
1604,0
1634,0
1621,0
1393,0
1352,0
1258,0
1289,0
1403,0
1437,0
1461,0
1435,0
1438,0
1468,0
1411,0
1338,0
1481,0
1462,0
1443,0
1451,0
1421,0
1391,0
1409,0
1424,0
1418,0
1466,0
1455,0
1477,0
1296,0
1161,0
1159,0
1184,0
1088,0
1089,0
1003,0
1021,0
1008,0
1023,0
1096,0
956,0
944,0
931,0
925,0
1050,0
1077,0
969,0
997,0
997,0
1198,0
1291,0
1339,0
1318,0
1287,0
1171,0
1290,0
1355,0
1057,0
1152,0
1207,0
1243,0
1241,0
1076,0
1104,0
1133,0
1312,0
1302,0
1320,0
1328,0
1299,0
1318,0
1335,0
1315,0
1327,0
1353,0
1339,0
1337,0
1137,0
1054,0
1004,0
1028,0
1186,0
1166,0
1153,0
1190,0
1210,0
1168,0
1063,0
1200,0
1239,0
1204,0
1234,0
1254,0
1307,0
1249,0
1250,0
1306,0
1305,0
1384,0
1365,0
1335,0
1173,0
987,0
955,0
1040,0
1190,0
1187,0
1124,0
1121,0
1327,0
1395,0
1478,0
1395,0
1437,0
1398,0
1279,0
1264,0
1195,0
1171,0
1135,0
1193,0
1307,0
1391,0
1422,0
1427,0
1349,0
1035,0
965,0
972,0
1020,0
940,0
959,0
987,0
978,0
1069,0
1161,0
1177,0
1359,0
1370,0
1404,0
1459,0
1418,0
1325,0
1332,0
1319,0
1297,0
1263,0
1278,0
1239,0
1121,0
1103,0
1087,0
1096,0
1102,0
1000,0
1092,0
999,0
990,0
1077,0
1292,0
1394,0
1529,0
1555,0
1549,0
1539,0
1477,0
1475,0
1397,0
1295,0
1356,0
1437,0
1428,0
1359,0
1205,0
1174,0
947,0
1053,0
943,0
939,0
983,0
968,0
934,0
904,0
1111,0
969,0
1073,0
1107,0
1106,0
1132,0
1073,0
1089,0
1097,0
1075,0
1039,0
1163,0
1213,0
1227,0
1105,0
1220,0
1222,0
1190,0
1222,0
1251,0
1232,0
1261,0
1190,0
1123,0
1102,0
1034,0
999,0
1047,0
1054,0
1085,0
1108,0
1092,0
981,0
883,0
938,0
983,0
987,0
1190,0
982,0
838,0
837,0
869,0
952,0
969,0
1020,0
1083,0
1035,0
918,0
959,0
1084,0
1301,0
1286,0
1337,0
1395,0
1407,0
1430,0
1325,0
1333,0
1304,0
1310,0
1269,0
1308,0
1287,0
1030,0
881,0
879,0
892,0
825,0
874,0
877,0
832,0
810,0
948,0
1075,0
1288,0
1305,0
1403,0
1413,0
1434,0
1429,0
1325,0
1257,0
1372,0
1373,0
1403,0
1383,0
1290,0
1154,0
992,0
932,0
829,0
815,0
843,0
837,0
823,0
753,0
973,0
1251,0
1327,0
1313,0
1332,0
1347,0
1278,0
1230,0
1210,0
1277,0
1341,0
1375,0
1318,0
1280,0
1187,0
1007,0
988,0
990,0
850,0
912,0
918,0
913,0
903,0
846,0
1053,0
1254,0
1350,0
1363,0
1331,0
1358,0
1316,0
1302,0
1311,0
1322,0
1359,0
1325,0
1379,0
1327,0
1144,0
998,0
937,0
947,0
891,0
927,0
942,0
929,0
846,0
864,0
998,0
1119,0
1240,0
1306,0
1275,0
1280,0
1267,0
1203,0
1178,0
1216,0
1288,0
1343,0
1345,0
1303,0
1089,0
998,0
982,0
950,0
1018,0
1044,0
1083,0
1065,0
1055,0
1031,0
990,0
1052,0
1198,0
1256,0
1275,0
1272,0
1310,0
1295,0
1320,0
1350,0
1371,0
1525,0
1591,0
1590,0
1583,0
1334,0
1329,0
1337,0
1352,0
1327,0
1348,0
1342,0
1317,0
1305,0
1320,0
1343,0
1388,0
1508,0
1511,0
1507,0
1537,0
1506,0
1461,0
1461,0
1482,0
1471,0
1587,0
1611,0
1510,0
1516,0
1575,0
1519,0
1434,0
1445,0
1507,0
1536,0
1512,0
1529,0
1550,0
1646,0
1770,0
1825,0
1772,0
1773,0
1803,0
1801,0
1731,0
1657,0
1631,0
1709,0
1729,0
1783,0
1833,0
1669,0
1580,0
1553,0
1520,0
1530,0
1554,0
1531,0
1494,0
1405,0
1349,0
1558,0
1609,0
1531,0
1552,0
1511,0
1487,0
1495,0
1575,0
1570,0
1610,0
1638,0
1737,0
1730,0
1587,0
1446,0
1373,0
1495,0
1482,0
1484,0
1500,0
1507,0
1529,0
1466,0
1428,0
1578,0
1731,0
1802,0
1846,0
1875,0
1908,0
1842,0
1844,0
1856,0
1823,0
1763,0
1761,0
1696,0
1659,0
1533,0
1433,0
1513,0
1418,0
1481,0
1480,0
1469,0
1375,0
1317,0
1341,0
1368,0
1613,0
1670,0
1670,0
1669,0
1668,0
1617,0
1581,0
1451,0
1457,0
1467,0
1460,0
1435,0
1283,0
1275,0
1226,0
1274,0
1218,0
1229,0
1230,0
1235,0
1227,0
1187,0
1297,0
1356,0
1461,0
1486,0
1534,0
1592,0
1567,0
1582,0
1524,0
1492,0
1488,0
1523,0
1549,0
1526,0
1327,0
1311,0
1294,0
1318,0
1064,0
1076,0
1118,0
1117,0
1073,0
1000,0
1084,0
1089,0
1241,0
1263,0
1273,0
1336,0
1411,0
1407,0
1369,0
1312,0
1355,0
1368,0
1389,0
1366,0
1274,0
1187,0
1195,0
1192,0
1020,0
1013,0
1052,0
1059,0
1041,0
1034,0
1090,0
1047,0
1036,0
1040,0
1156,0
1224,0
1297,0
1319,0
1308,0
1271,0
1216,0
1226,0
1203,0
1248,0
1159,0
1219,0
1126,0
1133,0
1303,0
1350,0
1370,0
1369,0
1366,0
1377,0
1511,0
1721,0
1703,0
1709,0
1743,0
1768,0
1848,0
1836,0
1813,0
1736,0
1710,0
1685,0
1708,0
1753,0
1727,0
1604,0
1577,0
1557,0
1639,0
1614,0
1611,0
1596,0
1554,0
1482,0
1598,0
1542,0
1654,0
1730,0
1695,0
1701,0
1532,0
1542,0
1509,0
1502,0
1497,0
1509,0
1557,0
1534,0
1411,0
1361,0
1349,0
1355,0
1434,0
1463,0
1468,0
1471,0
1453,0
1382,0
1411,0
1424,0
1534,0
1572,0
1686,0
1724,0
1769,0
1675,0
1656,0
1624,0
1597,0
1564,0
1591,0
1627,0
1384,0
1326,0
1328,0
1308,0
1349,0
1410,0
1458,0
1466,0
1455,0
1367,0
1385,0
1464,0
1668,0
1716,0
1853,0
1944,0
1810,0
1834,0
1756,0
1697,0
1700,0
1728,0
1823,0
1809,0
1675,0
1542,0
1565,0
1467,0
1256,0
1208,0
1270,0
1235,0
1267,0
1187,0
1311,0
1429,0
1541,0
1545,0
1571,0
1673,0
1682,0
1657,0
1700,0
1584,0
1437,0
1482,0
1443,0
1439,0
1458,0
1253,0
1151,0
1144,0
1163,0
1128,0
1144,0
1125,0
1123,0
1105,0
1128,0
1179,0
1281,0
1310,0
1325,0
1364,0
1382,0
1346,0
1278,0
1243,0
1320,0
1340,0
1343,0
1337,0
1238,0
1122,0
1055,0
1061,0
1039,0
1048,0
1088,0
1086,0
1080,0
1083,0
1111,0
1119,0
1180,0
1196,0
1215,0
1248,0
1254,0
1248,0
1230,0
1220,0
1291,0
1442,0
1449,0
1445,0
1447,0
1320,0
1288,0
1295,0
1384,0
1386,0
1294,0
1249,0
1231,0
1382,0
1445,0
1542,0
1607,0
1615,0
1715,0
1621,0
1704,0
1697,0
1719,0
1748,0
1741,0
1851,0
1826,0
1796,0
1714,0
1644,0
1572,0
1533,0
1608,0
1580,0
1532,0
1490,0
1447,0
1558,0
1522,0
1662,0
1771,0
1795,0
1802,0
1799,0
1786,0
1811,0
1848,0
1839,0
1862,0
1826,0
1826,0
1855,0
1846,0
1814,0
1803,0
1803,0
1790,0
1808,0
1824,0
1856,0
1797,0
1692,0
1774,0
1663,0
1859,0
1842,0
1877,0
1817,0
1799,0
1787,0
1840,0
1882,0
1861,0
1846,0
1849,0
1919,0
1903,0
1816,0
1885,0
1819,0
1830,0
1777,0
1751,0
1742,0
1762,0
1716,0
1750,0
1736,0
1794,0
1804,0
1750,0
1744,0
1828,0
1705,0
1644,0
1567,0
1678,0
1599,0
1628,0
1525,0
1688,0
1626,0
1551,0
1578,0
1495,0
1415,0
1412,0
1395,0
1395,0
1405,0
1522,0
1597,0
1643,0
1636,0
1599,0
1196,0
1650,0
1499,0
1354,0
1427,0
1433,0
1362,0
1443,0
1528,0
1513,0
1457,0
1292,0
1381,0
1529,0
1542,0
1549,0
1550,0
1539,0
1550,0
1581,0
1536,0
1388,0
1369,0
1386,0
1411,0
1442,0
1421,0
1411,0
1412,0
1428,0
1403,0
1403,0
1440,0
1435,0
1382,0
1406,0
1407,0
1599,0
1553,0
1561,0
1598,0
1584,0
1569,0
1526,0
1425,0
1452,0
1509,0
1501,0
1505,0
1486,0
1518,0
1528,0
1519,0
1489,0
1445,0
1403,0
1426,0
1422,0
1439,0
1485,0
1463,0
1535,0
1556,0
1592,0
1611,0
1572,0
1511,0
1513,0
1537,0
1478,0
1502,0
1542,0
1721,0
1806,0
1307,0
1773,0
1713,0
1629,0
1612,0
1603,0
1644,0
1760,0
1761,0
1761,0
1761,0
1705,0
1673,0
1705,0
1737,0
1721,0
1597,0
1558,0
1590,0
1591,0
1601,0
1617,0
1547,0
1526,0
1478,0
1569,0
1641,0
1664,0
1552,0
1563,0
1572,0
1607,0
1507,0
1422,0
1413,0
1620,0
1638,0
1636,0
1635,0
1626,0
1591,0
1506,0
1494,0
1542,0
1562,0
1544,0
1561,0
1449,0
1399,0
1397,0
1399,0
1490,0
1533,0
1551,0
1550,0
1537,0
1466,0
1436,0
1396,0
1289,0
1294,0
1274,0
1270,0
1231,0
1229,0
1416,0
1485,0
1440,0
1420,0
1354,0
1480,0
1475,0
1429,0
1383,0
1318,0
1379,0
1382,0
1460,0
1478,0
1506,0
1434,0
1373,0
1271,0
1347,0
1363,0
1361,0
1363,0
1340,0
1301,0
1381,0
1440,0
1651,0
1622,0
1568,0
1621,0
1736,0
1621,0
1529,0
1414,0
1510,0
1527,0
1523,0
1578,0
1514,0
1454,0
1396,0
1361,0
1205,0
1219,0
1255,0
1282,0
1259,0
1212,0
1226,0
1206,0
1267,0
1360,0
1385,0
1398,0
1386,0
1317,0
1317,0
1366,0
1399,0
1365,0
1421,0
1447,0
1336,0
1183,0
1175,0
1166,0
893,0
900,0
932,0
905,0
907,0
883,0
987,0
1127,0
1072,0
1235,0
1230,0
1254,0
1240,0
1081,0
1075,0
1074,0
1235,0
1293,0
1304,0
1334,0
1302,0
1271,0
1167,0
1145,0
945,0
978,0
1001,0
999,0
976,0
924,0
1192,0
1414,0
1426,0
1448,0
1404,0
1409,0
1394,0
1397,0
1383,0
1356,0
1428,0
1422,0
1467,0
1456,0
1468,0
1310,0
1166,0
1109,0
1029,0
1004,0
1038,0
1040,0
1034,0
1039,0
1248,0
1482,0
1470,0
1467,0
1387,0
1389,0
1380,0
1310,0
1321,0
1289,0
1478,0
1543,0
1576,0
1550,0
1473,0
1297,0
1190,0
1192,0
1051,0
1052,0
1068,0
1067,0
1067,0
1069,0
1345,0
1469,0
1456,0
1419,0
1431,0
1331,0
1338,0
1327,0
1329,0
1364,0
1457,0
1524,0
1532,0
1523,0
1494,0
1311,0
1224,0
1229,0
988,0
981,0
1090,0
1177,0
1120,0
1088,0
1536,0
1672,0
1625,0
1651,0
1559,0
1458,0
1473,0
1507,0
1444,0
1367,0
1539,0
1500,0
1561,0
1559,0
1423,0
1420,0
1267,0
1266,0
1202,0
1235,0
1274,0
1315,0
1301,0
1122,0
1675,0
1761,0
1707,0
1704,0
1566,0
1513,0
1348,0
1418,0
1353,0
1341,0
1432,0
1421,0
1481,0
1591,0
1445,0
1481,0
1220,0
1176,0
875,0
938,0
969,0
989,0
981,0
939,0
1143,0
1232,0
1288,0
1268,0
1154,0
1145,0
1155,0
1125,0
1094,0
1078,0
1185,0
1349,0
1429,0
1413,0
1330,0
1212,0
1195,0
1123,0
913,0
1001,0
1035,0
1077,0
952,0
954,0
1122,0
1143,0
1384,0
1276,0
1276,0
1235,0
1002,0
1021,0
954,0
803,0
1030,0
1199,0
1223,0
1227,0
1151,0
1117,0
1121,0
1122,0
1007,0
959,0
977,0
980,0
962,0
1003,0
1313,0
1387,0
1369,0
1310,0
1297,0
1228,0
1228,0
1246,0
1239,0
1206,0
1248,0
1263,0
1286,0
1299,0
1287,0
1183,0
1121,0
1097,0
973,0
954,0
1041,0
1058,0
980,0
952,0
1365,0
1411,0
1463,0
1443,0
1362,0
1321,0
1256,0
1251,0
1234,0
1305,0
1367,0
1395,0
1432,0
1497,0
1431,0
1439,0
1328,0
870,0
928,0
984,0
1033,0
1130,0
1116,0
926,0
1326,0
1362,0
1416,0
1432,0
1440,0
1369,0
1349,0
1252,0
1177,0
1325,0
1308,0
1214,0
1204,0
1224,0
1217,0
1135,0
1123,0
987,0
797,0
782,0
803,0
784,0
735,0
787,0
1082,0
1191,0
1281,0
1369,0
1365,0
1329,0
1227,0
1199,0
1194,0
1288,0
1335,0
1350,0
1343,0
1375,0
1304,0
1149,0
1081,0
958,0
1000,0
941,0
1002,0
1047,0
994,0
1051,0
1296,0
1482,0
1520,0
1523,0
1548,0
1435,0
1410,0
1353,0
1353,0
1414,0
1361,0
1424,0
1473,0
1424,0
1302,0
1291,0
1187,0
1066,0
662,0
652,0
761,0
774,0
728,0
773,0
877,0
868,0
891,0
855,0
806,0
748,0
741,0
713,0
711,0
750,0
736,0
821,0
904,0
904,0
852,0
798,0
725,0
735,0
547,0
530,0
420,0
407,0
397,0
373,0
550,0
574,0
622,0
640,0
612,0
584,0
552,0
525,0
538,0
541,0
672,0
768,0
901,0
914,0
852,0
839,0
686,0
645,0
519,0
506,0
536,0
538,0
508,0
594,0
792,0
825,0
884,0
897,0
909,0
876,0
819,0
790,0
753,0
762,0
866,0
1031,0
1033,0
1063,0
1018,0
861,0
687,0
744,0
551,0
519,0
582,0
615,0
579,0
529,0
789,0
848,0
908,0
872,0
792,0
719,0
567,0
556,0
651,0
735,0
764,0
929,0
948,0
997,0
959,0
892,0
738,0
596,0
569,0
591,0
594,0
559,0
601,0
622,0
810,0
817,0
884,0
887,0
861,0
797,0
632,0
532,0
551,0
647,0
728,0
846,0
977,0
1050,0
856,0
807,0
651,0
627,0
535,0
513,0
501,0
474,0
455,0
427,0
561,0
687,0
728,0
662,0
576,0
517,0
360,0
367,0
468,0
585,0
600,0
623,0
796,0
788,0
712,0
585,0
551,0
661,0
633,0
540,0
507,0
550,0
569,0
532,0
555,0
549,0
746,0
848,0
834,0
907,0
765,0
754,0
711,0
696,0
676,0
804,0
760,0
879,0
771,0
616,0
504,0
580,0
500,0
484,0
481,0
529,0
502,0
490,0
511,0
514,0
526,0
602,0
607,0
584,0
537,0
569,0
572,0
631,0
676,0
633,0
664,0
652,0
617,0
584,0
589,0
616,0
550,0
566,0
545,0
486,0
496,0
440,0
641,0
571,0
490,0
339,0
182,0
271,0
215,0
236,0
294,0
353,0
474,0
696,0
711,0
694,0
531,0
475,0
395,0
395,0
506,0
559,0
601,0
610,0
616,0
582,0
960,0
1017,0
1044,0
999,0
1043,0
997,0
875,0
785,0
856,0
826,0
1052,0
1065,0
1056,0
1060,0
1101,0
1025,0
761,0
756,0
709,0
734,0
728,0
724,0
667,0
686,0
986,0
1066,0
1006,0
949,0
882,0
777,0
682,0
607,0
657,0
755,0
820,0
955,0
1011,0
1110,0
1089,0
921,0
821,0
738,0
640,0
675,0
750,0
673,0
684,0
616,0
967,0
945,0
912,0
844,0
802,0
760,0
661,0
711,0
842,0
939,0
1131,0
1197,0
1126,0
1253,0
1211,0
1127,0
999,0
860,0
798,0
860,0
947,0
914,0
881,0
887,0
1081,0
1110,0
1049,0
1045,0
909,0
861,0
804,0
733,0
725,0
816,0
854,0
816,0
816,0
863,0
912,0
854,0
789,0
748,0
644,0
698,0
809,0
854,0
713,0
696,0
1038,0
1083,0
436,0
1113,0
1079,0
1127,0
1061,0
1020,0
1044,0
1097,0
1252,0
1210,0
1201,0
1253,0
1117,0
1075,0
946,0
745,0
679,0
723,0
780,0
832,0
799,0
808,0
1209,0
1230,0
1188,0
1025,0
926,0
933,0
799,0
690,0
731,0
739,0
916,0
1076,0
1183,0
1184,0
1147,0
1032,0
881,0
909,0
737,0
600,0
476,0
518,0
519,0
542,0
799,0
860,0
888,0
960,0
911,0
931,0
824,0
854,0
844,0
905,0
966,0
925,0
1051,0
976,0
889,0
837,0
754,0
756,0
706,0
672,0
733,0
770,0
731,0
748,0
1132,0
1179,0
1159,0
1115,0
1119,0
1128,0
936,0
977,0
1006,0
1051,0
1147,0
1354,0
1297,0
1294,0
1251,0
1288,0
1082,0
959,0
848,0
900,0
984,0
1084,0
1093,0
999,0
1264,0
1299,0
1223,0
1181,0
1219,0
1093,0
960,0
848,0
830,0
779,0
926,0
1118,0
1186,0
1228,0
1276,0
1320,0
1080,0
896,0
888,0
940,0
1048,0
1112,0
1024,0
952,0
1199,0
1180,0
1033,0
977,0
950,0
988,0
780,0
797,0
895,0
920,0
995,0
1151,0
1139,0
1161,0
1137,0
1095,0
899,0
810,0
723,0
761,0
827,0
852,0
835,0
883,0
1221,0
1391,0
1403,0
1359,0
1231,0
1065,0
1093,0
1035,0
898,0
792,0
1117,0
1274,0
1267,0
1270,0
1299,0
1147,0
919,0
785,0
767,0
799,0
826,0
855,0
822,0
822,0
1093,0
1152,0
1163,0
1152,0
1075,0
919,0
791,0
763,0
752,0
757,0
1036,0
1141,0
1177,0
1226,0
1212,0
1128,0
904,0
843,0
567,0
591,0
591,0
580,0
608,0
588,0
760,0
828,0
864,0
783,0
749,0
769,0
641,0
597,0
604,0
678,0
811,0
947,0
1031,0
999,0
1012,0
987,0
807,0
749,0
656,0
656,0
0,0
639,0
691,0
648,0
697,0
748,0
769,0
825,0
849,0
774,0
667,0
625,0
630,0
681,0
735,0
815,0
964,0
924,0
1048,0
1001,0
762,0
755,0
665,0
888,0
689,0
689,0
678,0
724,0
1015,0
1213,0
1284,0
1312,0
1233,0
1060,0
1021,0
943,0
954,0
1020,0
1037,0
1250,0
1386,0
1362,0
1334,0
1323,0
1110,0
997,0
882,0
547,0
967,0
1054,0
1099,0
1070,0
1437,0
1448,0
1576,0
1523,0
1471,0
1337,0
1179,0
1169,0
1061,0
1126,0
1256,0
1412,0
1530,0
1513,0
1489,0
994,0
1287,0
1067,0
940,0
977,0
1066,0
1036,0
1027,0
970,0
1329,0
1377,0
1445,0
1335,0
1227,0
1132,0
965,0
980,0
925,0
901,0
1021,0
1177,0
1450,0
1313,0
1332,0
1235,0
1111,0
974,0
672,0
702,0
834,0
835,0
820,0
702,0
1060,0
1050,0
994,0
847,0
749,0
597,0
506,0
516,0
518,0
464,0
478,0
617,0
1021,0
1084,0
1118,0
1100,0
837,0
750,0
588,0
702,0
730,0
768,0
793,0
723,0
825,0
829,0
796,0
704,0
689,0
597,0
495,0
529,0
522,0
529,0
594,0
740,0
834,0
866,0
863,0
894,0
726,0
636,0
483,0
470,0
452,0
511,0
548,0
543,0
542,0
570,0
584,0
586,0
603,0
608,0
416,0
476,0
519,0
499,0
511,0
460,0
527,0
494,0
544,0
584,0
586,0
607,0
495,0
386,0
430,0
417,0
473,0
450,0
367,0
393,0
400,0
472,0
463,0
383,0
377,0
350,0
241,0
411,0
502,0
756,0
610,0
688,0
670,0
656,0
422,0
433,0
601,0
630,0
554,0
508,0
565,0
618,0
816,0
887,0
929,0
901,0
865,0
704,0
641,0
630,0
569,0
539,0
499,0
587,0
704,0
813,0
678,0
582,0
569,0
556,0
352,0
443,0
441,0
411,0
392,0
490,0
574,0
685,0
696,0
686,0
577,0
524,0
562,0
618,0
588,0
551,0
499,0
442,0
492,0
533,0
567,0
643,0
448,0
89,0
440,0
528,0
561,0
623,0
600,0
572,0
533,0
574,0
618,0
627,0
578,0
667,0
709,0
803,0
765,0
756,0
776,0
795,0
890,0
755,0
759,0
706,0
664,0
563,0
637,0
682,0
749,0
735,0
724,0
760,0
910,0
1020,0
935,0
916,0
784,0
787,0
758,0
790,0
733,0
747,0
759,0
851,0
850,0
867,0
871,0
926,0
815,0
808,0
723,0
670,0
684,0
712,0
666,0
683,0
823,0
836,0
849,0
736,0
696,0
737,0
690,0
741,0
716,0
698,0
698,0
802,0
953,0
835,0
829,0
946,0
844,0
588,0
543,0
594,0
648,0
611,0
558,0
652,0
722,0
680,0
654,0
697,0
648,0
599,0
600,0
475,0
434,0
442,0
435,0
639,0
838,0
724,0
725,0
675,0
624,0
583,0
459,0
396,0
399,0
387,0
406,0
397,0
471,0
478,0
477,0
471,0
513,0
435,0
392,0
258,0
257,0
312,0
325,0
407,0
539,0
529,0
572,0
578,0
547,0
418,0
399,0
455,0
460,0
510,0
494,0
482,0
775,0
851,0
773,0
794,0
819,0
676,0
683,0
737,0
716,0
634,0
640,0
669,0
800,0
808,0
807,0
792,0
680,0
516,0
508,0
498,0
147,0
426,0
392,0
470,0
681,0
800,0
878,0
861,0
930,0
860,0
935,0
901,0
848,0
812,0
929,0
865,0
925,0
923,0
1041,0
1127,0
849,0
937,0
716,0
816,0
872,0
737,0
673,0
757,0
884,0
814,0
772,0
698,0
687,0
694,0
621,0
673,0
612,0
703,0
735,0
821,0
842,0
784,0
821,0
928,0
854,0
910,0
860,0
970,0
778,0
986,0
937,0
958,0
1211,0
1347,0
1102,0
824,0
751,0
760,0
668,0
725,0
773,0
800,0
767,0
831,0
825,0
926,0
899,0
968,0
861,0
597,0
706,0
802,0
824,0
767,0
731,0
796,0
1088,0
1222,0
1141,0
998,0
834,0
818,0
820,0
985,0
934,0
871,0
1059,0
969,0
882,0
998,0
1046,0
917,0
786,0
589,0
608,0
636,0
600,0
485,0
504,0
635,0
703,0
653,0
771,0
743,0
698,0
541,0
496,0
514,0
455,0
437,0
442,0
459,0
663,0
779,0
738,0
701,0
621,0
450,0
428,0
410,0
451,0
500,0
530,0
515,0
481,0
511,0
560,0
479,0
448,0
572,0
521,0
471,0
405,0
493,0
592,0
555,0
516,0
690,0
766,0
649,0
513,0
469,0
450,0
461,0
534,0
574,0
554,0
530,0
752,0
853,0
955,0
874,0
797,0
709,0
685,0
775,0
827,0
797,0
749,0
718,0
742,0
701,0
774,0
788,0
684,0
613,0
601,0
517,0
565,0
528,0
495,0
657,0
998,0
1069,0
1295,0
1201,0
1155,0
1171,0
1043,0
933,0
944,0
967,0
923,0
923,0
908,0
811,0
855,0
724,0
629,0
633,0
463,0
580,0
662,0
539,0
475,0
488,0
703,0
944,0
1196,0
1105,0
1056,0
967,0
958,0
932,0
865,0
750,0
754,0
761,0
726,0
731,0
755,0
658,0
675,0
705,0
626,0
690,0
677,0
611,0
576,0
549,0
752,0
895,0
877,0
777,0
708,0
603,0
593,0
654,0
583,0
457,0
558,0
622,0
768,0
881,0
863,0
726,0
599,0
635,0
388,0
442,0
422,0
376,0
351,0
369,0
585,0
735,0
703,0
668,0
484,0
434,0
377,0
361,0
327,0
309,0
351,0
485,0
578,0
674,0
685,0
586,0
553,0
528,0
337,0
384,0
469,0
424,0
420,0
575,0
558,0
521,0
426,0
478,0
368,0
232,0
180,0
228,0
199,0
190,0
277,0
376,0
412,0
442,0
489,0
451,0
381,0
363,0
302,0
326,0
352,0
326,0
330,0
414,0
364,0
265,0
244,0
267,0
248,0
229,0
159,0
243,0
263,0
263,0
327,0
365,0
325,0
410,0
402,0
405,0
403,0
268,0
304,0
413,0
394,0
378,0
344,0
348,0
733,0
806,0
761,0
626,0
482,0
500,0
467,0
468,0
400,0
456,0
441,0
533,0
574,0
759,0
756,0
811,0
649,0
597,0
557,0
649,0
498,0
652,0
701,0
657,0
828,0
1014,0
924,0
786,0
590,0
609,0
690,0
575,0
556,0
602,0
578,0
752,0
966,0
1168,0
1154,0
990,0
720,0
809,0
734,0
808,0
855,0
822,0
840,0
871,0
959,0
1095,0
1049,0
768,0
630,0
709,0
680,0
571,0
453,0
541,0
577,0
673,0
704,0
832,0
799,0
726,0
524,0
475,0
510,0
569,0
578,0
559,0
594,0
534,0
750,0
1001,0
967,0
865,0
712,0
659,0
692,0
718,0
610,0
741,0
704,0
747,0
781,0
967,0
916,0
838,0
687,0
636,0
531,0
536,0
577,0
539,0
582,0
773,0
1125,0
1294,0
1314,0
1251,0
1170,0
1083,0
1086,0
1079,0
1005,0
1033,0
1025,0
1064,0
1291,0
1351,0
1256,0
1250,0
937,0
825,0
737,0
652,0
636,0
602,0
629,0
670,0
785,0
855,0
845,0
741,0
711,0
820,0
836,0
835,0
749,0
752,0
788,0
889,0
1112,0
1142,0
1119,0
1178,0
1132,0
892,0
555,0
622,0
647,0
638,0
676,0
888,0
871,0
880,0
764,0
719,0
735,0
804,0
762,0
677,0
511,0
405,0
434,0
620,0
895,0
1081,0
1070,0
1078,0
893,0
753,0
729,0
782,0
828,0
793,0
812,0
891,0
1009,0
1068,0
1279,0
1451,0
1403,0
1385,0
1333,0
1291,0
1272,0
1238,0
1132,0
1213,0
1225,0
1358,0
1349,0
1310,0
1179,0
964,0
673,0
622,0
445,0
410,0
433,0
705,0
908,0
1050,0
1048,0
986,0
875,0
816,0
765,0
662,0
560,0
603,0
764,0
803,0
877,0
477,0
1058,0
1051,0
853,0
770,0
510,0
579,0
278,0
604,0
670,0
639,0
884,0
1023,0
1014,0
703,0
778,0
798,0
848,0
758,0
761,0
732,0
733,0
689,0
620,0
729,0
861,0
741,0
673,0
581,0
714,0
732,0
815,0
817,0
796,0
800,0
1175,0
1333,0
1317,0
1104,0
1070,0
1192,0
1226,0
1193,0
1177,0
1208,0
1196,0
1302,0
1244,0
1274,0
1142,0
1170,0
1074,0
936,0
756,0
667,0
697,0
721,0
725,0
789,0
957,0
1066,0
1148,0
1117,0
1085,0
1102,0
1100,0
1144,0
1093,0
997,0
940,0
954,0
1025,0
1007,0
897,0
954,0
793,0
682,0
542,0
518,0
503,0
491,0
514,0
670,0
706,0
681,0
609,0
485,0
388,0
329,0
254,0
328,0
392,0
423,0
404,0
337,0
454,0
509,0
457,0
421,0
504,0
169,0
545,0
634,0
664,0
767,0
592,0
622,0
597,0
652,0
628,0
305,0
294,0
350,0
332,0
394,0
428,0
465,0
519,0
509,0
755,0
681,0
627,0
533,0
441,0
536,0
395,0
352,0
344,0
368,0
342,0
324,0
492,0
507,0
438,0
399,0
340,0
316,0
380,0
397,0
336,0
397,0
431,0
430,0
648,0
624,0
567,0
639,0
467,0
196,0
388,0
337,0
305,0
280,0
295,0
316,0
594,0
677,0
775,0
731,0
720,0
647,0
516,0
496,0
391,0
299,0
287,0
463,0
616,0
647,0
646,0
609,0
604,0
468,0
317,0
362,0
129,0
344,0
267,0
254,0
874,0
1057,0
1092,0
1172,0
1260,0
1271,0
1203,0
1121,0
970,0
793,0
716,0
1039,0
1091,0
1194,0
1029,0
919,0
853,0
511,0
323,0
308,0
277,0
234,0
191,0
191,0
369,0
475,0
495,0
431,0
427,0
486,0
503,0
442,0
511,0
424,0
564,0
485,0
672,0
873,0
850,0
778,0
507,0
321,0
259,0
301,0
206,0
262,0
284,0
253,0
593,0
643,0
822,0
764,0
757,0
836,0
827,0
744,0
732,0
627,0
669,0
540,0
700,0
844,0
781,0
730,0
523,0
431,0
427,0
484,0
458,0
409,0
439,0
491,0
384,0
438,0
511,0
454,0
368,0
317,0
302,0
305,0
354,0
307,0
311,0
443,0
804,0
877,0
809,0
892,0
629,0
450,0
373,0
433,0
415,0
433,0
434,0
427,0
393,0
369,0
339,0
305,0
325,0
309,0
270,0
275,0
328,0
345,0
409,0
450,0
415,0
505,0
494,0
494,0
479,0
393,0
381,0
395,0
422,0
418,0
407,0
372,0
516,0
657,0
592,0
438,0
406,0
349,0
355,0
408,0
348,0
373,0
317,0
452,0
578,0
663,0
549,0
632,0
623,0
634,0
603,0
593,0
638,0
677,0
698,0
662,0
824,0
838,0
806,0
757,0
789,0
756,0
723,0
786,0
835,0
811,0
680,0
878,0
1069,0
1078,0
806,0
1076,0
926,0
974,0
760,0
759,0
719,0
678,0
673,0
717,0
941,0
873,0
809,0
808,0
979,0
938,0
951,0
977,0
1063,0
853,0
722,0
786,0
898,0
843,0
808,0
827,0
728,0
790,0
777,0
683,0
752,0
736,0
747,0
779,0
1126,0
1057,0
957,0
669,0
599,0
556,0
540,0
599,0
517,0
538,0
508,0
581,0
926,0
967,0
808,0
831,0
916,0
756,0
567,0
614,0
426,0
656,0
646,0
608,0
751,0
851,0
840,0
766,0
809,0
778,0
800,0
793,0
803,0
800,0
846,0
909,0
975,0
1134,0
987,0
779,0
762,0
717,0
940,0
923,0
820,0
828,0
788,0
865,0
859,0
869,0
833,0
677,0
598,0
619,0
733,0
685,0
797,0
760,0
783,0
708,0
745,0
864,0
789,0
847,0
851,0
959,0
944,0
954,0
833,0
823,0
804,0
801,0
750,0
818,0
739,0
707,0
718,0
697,0
630,0
764,0
863,0
923,0
938,0
848,0
681,0
441,0
577,0
500,0
476,0
413,0
551,0
447,0
468,0
537,0
561,0
558,0
520,0
465,0
403,0
363,0
378,0
351,0
400,0
374,0
339,0
348,0
385,0
497,0
424,0
521,0
560,0
407,0
421,0
352,0
561,0
630,0
551,0
542,0
489,0
471,0
268,0
425,0
439,0
421,0
360,0
323,0
331,0
221,0
152,0
167,0
219,0
325,0
484,0
804,0
725,0
564,0
461,0
461,0
325,0
297,0
287,0
295,0
292,0
289,0
427,0
654,0
633,0
476,0
358,0
266,0
194,0
160,0
252,0
202,0
258,0
273,0
597,0
666,0
607,0
575,0
448,0
330,0
380,0
404,0
368,0
292,0
324,0
266,0
584,0
667,0
625,0
543,0
468,0
325,0
343,0
240,0
235,0
250,0
304,0
461,0
734,0
951,0
868,0
754,0
680,0
250,0
288,0
299,0
366,0
337,0
319,0
293,0
461,0
639,0
572,0
548,0
550,0
411,0
336,0
440,0
434,0
379,0
398,0
388,0
671,0
924,0
858,0
719,0
620,0
303,0
377,0
384,0
422,0
412,0
391,0
387,0
468,0
468,0
444,0
376,0
365,0
354,0
319,0
322,0
240,0
217,0
248,0
313,0
404,0
479,0
454,0
422,0
385,0
362,0
459,0
497,0
485,0
554,0
603,0
674,0
521,0
482,0
566,0
620,0
717,0
582,0
497,0
544,0
695,0
723,0
737,0
638,0
410,0
348,0
381,0
370,0
439,0
363,0
360,0
322,0
335,0
355,0
373,0
344,0
422,0
556,0
570,0
480,0
365,0
294,0
290,0
173,0
167,0
167,0
200,0
216,0
315,0
414,0
485,0
403,0
286,0
297,0
359,0
379,0
389,0
388,0
347,0
342,0
516,0
787,0
805,0
683,0
539,0
467,0
537,0
535,0
529,0
573,0
545,0
648,0
714,0
733,0
702,0
710,0
690,0
563,0
545,0
558,0
610,0
593,0
618,0
508,0
678,0
714,0
685,0
601,0
476,0
373,0
392,0
347,0
287,0
303,0
294,0
378,0
580,0
659,0
593,0
632,0
551,0
379,0
416,0
453,0
477,0
477,0
479,0
428,0
430,0
504,0
473,0
444,0
397,0
349,0
252,0
215,0
218,0
215,0
212,0
318,0
520,0
635,0
583,0
623,0
622,0
390,0
350,0
364,0
457,0
465,0
455,0
331,0
523,0
616,0
602,0
618,0
638,0
539,0
456,0
333,0
272,0
248,0
224,0
502,0
482,0
603,0
584,0
531,0
598,0
400,0
335,0
308,0
259,0
277,0
268,0
274,0
298,0
328,0
284,0
273,0
229,0
160,0
147,0
144,0
143,0
195,0
281,0
322,0
348,0
305,0
318,0
297,0
356,0
178,0
320,0
275,0
312,0
304,0
280,0
338,0
276,0
245,0
144,0
141,0
115,0
147,0
97,0
130,0
108,0
181,0
350,0
202,0
277,0
336,0
249,0
251,0
359,0
243,0
377,0
317,0
282,0
293,0
347,0
520,0
431,0
644,0
580,0
494,0
524,0
496,0
402,0
361,0
372,0
358,0
360,0
432,0
470,0
462,0
454,0
468,0
458,0
419,0
547,0
542,0
479,0
506,0
530,0
647,0
561,0
731,0
593,0
492,0
441,0
356,0
308,0
354,0
402,0
344,0
403,0
401,0
465,0
623,0
585,0
473,0
489,0
404,0
462,0
396,0
409,0
408,0
412,0
400,0
609,0
733,0
696,0
689,0
557,0
413,0
293,0
364,0
411,0
404,0
365,0
594,0
769,0
957,0
936,0
747,0
741,0
553,0
542,0
473,0
478,0
495,0
513,0
481,0
863,0
968,0
889,0
902,0
749,0
569,0
390,0
341,0
217,0
206,0
366,0
638,0
852,0
907,0
847,0
722,0
677,0
601,0
559,0
535,0
465,0
550,0
501,0
640,0
621,0
863,0
774,0
556,0
462,0
500,0
622,0
658,0
665,0
683,0
656,0
594,0
567,0
604,0
568,0
608,0
626,0
679,0
851,0
886,0
872,0
919,0
856,0
871,0
915,0
939,0
888,0
868,0
864,0
869,0
840,0
856,0
776,0
799,0
845,0
860,0
821,0
689,0
819,0
850,0
796,0
805,0
747,0
704,0
564,0
571,0
537,0
588,0
599,0
681,0
691,0
709,0
750,0
767,0
795,0
840,0
781,0
847,0
815,0
620,0
518,0
478,0
433,0
394,0
448,0
434,0
421,0
487,0
523,0
536,0
495,0
447,0
428,0
678,0
537,0
443,0
360,0
330,0
368,0
380,0
423,0
458,0
380,0
392,0
505,0
795,0
732,0
689,0
470,0
416,0
468,0
481,0
567,0
619,0
544,0
447,0
594,0
1023,0
998,0
827,0
640,0
541,0
445,0
428,0
354,0
393,0
487,0
685,0
955,0
1150,0
1050,0
1052,0
920,0
740,0
771,0
819,0
848,0
821,0
778,0
732,0
859,0
917,0
862,0
743,0
631,0
640,0
573,0
559,0
532,0
554,0
566,0
629,0
642,0
806,0
771,0
816,0
614,0
468,0
103,0
151,0
219,0
210,0
217,0
141,0
440,0
440,0
412,0
342,0
252,0
217,0
187,0
215,0
187,0
236,0
259,0
336,0
552,0
765,0
684,0
578,0
486,0
283,0
305,0
271,0
275,0
298,0
297,0
284,0
552,0
669,0
621,0
438,0
448,0
443,0
213,0
143,0
144,0
189,0
271,0
395,0
717,0
819,0
708,0
630,0
596,0
505,0
453,0
499,0
496,0
445,0
458,0
474,0
543,0
608,0
465,0
456,0
335,0
331,0
277,0
227,0
194,0
152,0
168,0
230,0
350,0
352,0
409,0
366,0
336,0
200,0
447,0
417,0
375,0
309,0
268,0
317,0
315,0
104,0
119,0
131,0
185,0
159,0
162,0
187,0
243,0
325,0
238,0
428,0
392,0
502,0
589,0
561,0
536,0
491,0
616,0
525,0
441,0
373,0
357,0
338,0
465,0
562,0
617,0
704,0
685,0
604,0
501,0
423,0
257,0
272,0
335,0
394,0
575,0
659,0
659,0
555,0
430,0
236,0
382,0
328,0
292,0
320,0
326,0
386,0
372,0
394,0
305,0
263,0
225,0
174,0
214,0
157,0
155,0
150,0
124,0
162,0
303,0
406,0
406,0
315,0
346,0
320,0
377,0
344,0
271,0
281,0
256,0
343,0
307,0
188,0
161,0
194,0
290,0
296,0
146,0
115,0
190,0
195,0
169,0
133,0
267,0
390,0
356,0
363,0
368,0
334,0
359,0
421,0
382,0
367,0
360,0
395,0
185,0
119,0
127,0
248,0
273,0
226,0
219,0
182,0
177,0
174,0
180,0
215,0
390,0
420,0
410,0
263,0
248,0
317,0
371,0
405,0
490,0
532,0
513,0
410,0
380,0
423,0
394,0
349,0
328,0
244,0
249,0
248,0
243,0
248,0
288,0
316,0
415,0
541,0
519,0
328,0
390,0
258,0
526,0
509,0
464,0
469,0
489,0
487,0
520,0
432,0
371,0
413,0
398,0
347,0
263,0
250,0
271,0
362,0
351,0
468,0
405,0
473,0
466,0
430,0
477,0
432,0
452,0
512,0
558,0
621,0
448,0
471,0
428,0
391,0
359,0
296,0
245,0
252,0
290,0
361,0
393,0
504,0
312,0
476,0
592,0
669,0
634,0
586,0
618,0
628,0
638,0
714,0
732,0
742,0
746,0
720,0
729,0
618,0
530,0
532,0
600,0
513,0
596,0
568,0
581,0
585,0
681,0
598,0
683,0
759,0
833,0
742,0
728,0
583,0
520,0
583,0
621,0
647,0
631,0
627,0
573,0
656,0
608,0
501,0
432,0
447,0
458,0
443,0
389,0
458,0
510,0
604,0
692,0
759,0
863,0
802,0
682,0
607,0
511,0
611,0
691,0
701,0
683,0
674,0
607,0
632,0
608,0
571,0
504,0
507,0
493,0
429,0
410,0
456,0
530,0
580,0
729,0
857,0
880,0
749,0
619,0
632,0
796,0
905,0
892,0
931,0
905,0
758,0
887,0
702,0
735,0
730,0
575,0
633,0
655,0
612,0
571,0
582,0
712,0
866,0
884,0
1012,0
960,0
921,0
912,0
747,0
737,0
814,0
862,0
879,0
911,0
867,0
1046,0
1084,0
1028,0
981,0
842,0
854,0
786,0
730,0
672,0
584,0
728,0
913,0
1134,0
1171,0
1143,0
1102,0
1074,0
714,0
517,0
586,0
585,0
659,0
728,0
815,0
874,0
749,0
758,0
691,0
615,0
520,0
534,0
521,0
364,0
415,0
440,0
583,0
811,0
834,0
795,0
800,0
825,0
834,0
661,0
796,0
879,0
910,0
1023,0
931,0
759,0
682,0
592,0
511,0
412,0
381,0
389,0
353,0
365,0
375,0
389,0
686,0
1077,0
1179,0
1133,0
1092,0
1066,0
966,0
776,0
851,0
950,0
975,0
972,0
1037,0
1140,0
1013,0
953,0
528,0
935,0
846,0
816,0
860,0
746,0
780,0
784,0
845,0
897,0
905,0
787,0
913,0
860,0
737,0
828,0
727,0
713,0
718,0
702,0
751,0
938,0
907,0
756,0
689,0
673,0
658,0
666,0
666,0
665,0
648,0
636,0
682,0
880,0
985,0
962,0
961,0
976,0
846,0
848,0
821,0
816,0
804,0
810,0
778,0
962,0
844,0
824,0
384,0
272,0
717,0
290,0
681,0
675,0
607,0
647,0
748,0
876,0
963,0
1035,0
916,0
870,0
844,0
612,0
613,0
741,0
838,0
784,0
776,0
890,0
844,0
816,0
888,0
771,0
683,0
603,0
658,0
673,0
670,0
678,0
804,0
1131,0
1194,0
1137,0
944,0
806,0
698,0
690,0
670,0
736,0
824,0
865,0
854,0
1080,0
650,0
873,0
759,0
702,0
619,0
395,0
387,0
384,0
388,0
439,0
808,0
943,0
1002,0
953,0
951,0
809,0
579,0
475,0
522,0
490,0
459,0
503,0
522,0
534,0
494,0
492,0
473,0
440,0
521,0
508,0
491,0
475,0
496,0
549,0
576,0
466,0
757,0
715,0
711,0
440,0
382,0
385,0
460,0
431,0
453,0
509,0
577,0
546,0
442,0
394,0
332,0
318,0
258,0
258,0
337,0
387,0
432,0
489,0
423,0
449,0
572,0
470,0
490,0
455,0
526,0
429,0
500,0
582,0
560,0
565,0
467,0
370,0
420,0
479,0
471,0
465,0
423,0
266,0
258,0
241,0
266,0
267,0
305,0
327,0
436,0
423,0
313,0
334,0
317,0
375,0
393,0
396,0
354,0
350,0
321,0
383,0
372,0
335,0
314,0
332,0
402,0
307,0
337,0
341,0
318,0
340,0
369,0
368,0
514,0
521,0
411,0
391,0
361,0
614,0
655,0
620,0
590,0
540,0
581,0
396,0
376,0
343,0
327,0
302,0
267,0
188,0
365,0
307,0
317,0
206,0
296,0
333,0
460,0
443,0
350,0
345,0
452,0
549,0
582,0
614,0
541,0
580,0
629,0
485,0
362,0
261,0
226,0
225,0
154,0
191,0
232,0
197,0
156,0
171,0
236,0
344,0
386,0
320,0
228,0
243,0
358,0
406,0
452,0
449,0
498,0
505,0
499,0
450,0
151,0
218,0
268,0
290,0
261,0
349,0
325,0
275,0
264,0
284,0
327,0
381,0
457,0
421,0
319,0
296,0
380,0
476,0
511,0
471,0
432,0
421,0
450,0
451,0
321,0
353,0
365,0
336,0
423,0
493,0
447,0
470,0
536,0
506,0
462,0
503,0
549,0
605,0
577,0
607,0
455,0
898,0
878,0
752,0
660,0
557,0
565,0
563,0
567,0
570,0
612,0
621,0
559,0
604,0
723,0
800,0
800,0
823,0
793,0
551,0
578,0
518,0
507,0
585,0
632,0
582,0
531,0
420,0
483,0
471,0
534,0
368,0
429,0
476,0
564,0
560,0
609,0
624,0
643,0
593,0
568,0
565,0
575,0
595,0
545,0
627,0
528,0
537,0
607,0
516,0
599,0
556,0
559,0
610,0
671,0
563,0
441,0
451,0
457,0
405,0
399,0
407,0
342,0
298,0
298,0
312,0
371,0
573,0
669,0
517,0
395,0
388,0
355,0
470,0
500,0
582,0
613,0
635,0
619,0
657,0
634,0
536,0
452,0
410,0
380,0
321,0
312,0
351,0
338,0
371,0
440,0
577,0
768,0
759,0
746,0
538,0
530,0
407,0
422,0
533,0
630,0
640,0
722,0
1004,0
1070,0
1031,0
807,0
658,0
522,0
334,0
254,0
374,0
418,0
422,0
581,0
821,0
909,0
815,0
740,0
575,0
458,0
470,0
443,0
469,0
528,0
550,0
513,0
743,0
604,0
553,0
480,0
257,0
238,0
212,0
190,0
274,0
282,0
315,0
267,0
396,0
408,0
348,0
271,0
271,0
339,0
258,0
394,0
333,0
294,0
332,0
358,0
284,0
185,0
174,0
184,0
251,0
297,0
270,0
324,0
318,0
308,0
395,0
269,0
272,0
424,0
352,0
338,0
358,0
444,0
505,0
527,0
451,0
454,0
467,0
476,0
394,0
267,0
250,0
262,0
152,0
127,0
211,0
298,0
326,0
365,0
358,0
428,0
221,0
369,0
454,0
412,0
371,0
483,0
524,0
538,0
474,0
459,0
443,0
425,0
564,0
731,0
703,0
620,0
444,0
378,0
356,0
318,0
252,0
224,0
226,0
229,0
297,0
371,0
341,0
424,0
355,0
347,0
369,0
431,0
438,0
438,0
386,0
396,0
277,0
193,0
290,0
216,0
204,0
214,0
166,0
182,0
179,0
174,0
187,0
265,0
294,0
271,0
286,0
303,0
268,0
360,0
416,0
418,0
476,0
493,0
504,0
467,0
346,0
307,0
269,0
249,0
223,0
242,0
313,0
251,0
242,0
234,0
188,0
252,0
303,0
330,0
327,0
345,0
238,0
269,0
468,0
520,0
543,0
598,0
569,0
564,0
464,0
304,0
319,0
272,0
241,0
280,0
364,0
396,0
436,0
394,0
338,0
393,0
341,0
416,0
253,0
362,0
388,0
336,0
540,0
574,0
611,0
598,0
609,0
611,0
470,0
446,0
580,0
565,0
544,0
488,0
494,0
530,0
474,0
456,0
478,0
504,0
483,0
382,0
313,0
254,0
309,0
508,0
533,0
610,0
624,0
663,0
645,0
608,0
609,0
549,0
598,0
499,0
424,0
384,0
343,0
368,0
372,0
373,0
320,0
334,0
358,0
359,0
394,0
404,0
414,0
467,0
673,0
858,0
834,0
815,0
789,0
711,0
737,0
656,0
794,0
786,0
801,0
807,0
820,0
825,0
885,0
857,0
699,0
615,0
723,0
701,0
701,0
749,0
668,0
661,0
671,0
672,0
656,0
638,0
639,0
708,0
531,0
663,0
787,0
750,0
758,0
752,0
798,0
837,0
841,0
798,0
766,0
776,0
745,0
721,0
702,0
679,0
736,0
713,0
624,0
707,0
696,0
724,0
719,0
616,0
599,0
701,0
730,0
749,0
730,0
730,0
763,0
760,0
802,0
859,0
858,0
807,0
794,0
651,0
616,0
651,0
618,0
565,0
725,0
767,0
731,0
785,0
778,0
861,0
855,0
908,0
923,0
984,0
972,0
954,0
979,0
963,0
998,0
987,0
981,0
857,0
885,0
689,0
563,0
573,0
611,0
539,0
606,0
672,0
644,0
596,0
634,0
748,0
664,0
910,0
954,0
1033,0
980,0
981,0
962,0
942,0
947,0
991,0
852,0
757,0
686,0
434,0
337,0
369,0
331,0
342,0
423,0
382,0
363,0
426,0
519,0
595,0
675,0
734,0
868,0
808,0
815,0
805,0
795,0
880,0
862,0
812,0
792,0
656,0
652,0
723,0
802,0
722,0
480,0
618,0
542,0
536,0
377,0
389,0
354,0
363,0
359,0
330,0
318,0
319,0
357,0
381,0
337,0
417,0
465,0
557,0
606,0
695,0
699,0
670,0
611,0
601,0
445,0
425,0
782,0
905,0
1052,0
926,0
915,0
915,0
841,0
732,0
758,0
728,0
557,0
606,0
576,0
622,0
675,0
676,0
655,0
576,0
645,0
686,0
680,0
625,0
535,0
746,0
822,0
841,0
841,0
891,0
884,0
784,0
665,0
605,0
594,0
644,0
527,0
477,0
406,0
443,0
438,0
387,0
435,0
466,0
640,0
693,0
634,0
644,0
584,0
356,0
446,0
413,0
437,0
480,0
483,0
461,0
319,0
288,0
254,0
323,0
294,0
239,0
276,0
228,0
242,0
221,0
261,0
382,0
428,0
530,0
577,0
477,0
498,0
204,0
227,0
196,0
221,0
237,0
253,0
331,0
191,0
361,0
284,0
260,0
182,0
245,0
206,0
236,0
233,0
263,0
291,0
437,0
498,0
577,0
568,0
492,0
410,0
225,0
302,0
413,0
410,0
373,0
304,0
353,0
346,0
387,0
310,0
363,0
323,0
199,0
238,0
235,0
219,0
274,0
352,0
437,0
451,0
512,0
562,0
437,0
349,0
231,0
425,0
459,0
418,0
414,0
410,0
401,0
425,0
549,0
496,0
390,0
355,0
348,0
334,0
339,0
360,0
389,0
510,0
520,0
609,0
555,0
485,0
570,0
553,0
439,0
439,0
478,0
479,0
459,0
425,0
418,0
373,0
347,0
312,0
263,0
272,0
239,0
213,0
225,0
228,0
212,0
301,0
386,0
522,0
591,0
572,0
568,0
493,0
404,0
369,0
429,0
421,0
397,0
362,0
381,0
357,0
326,0
226,0
201,0
168,0
173,0
168,0
153,0
139,0
116,0
178,0
297,0
401,0
491,0
613,0
597,0
566,0
530,0
439,0
504,0
502,0
501,0
502,0
444,0
409,0
336,0
343,0
404,0
389,0
368,0
238,0
213,0
237,0
212,0
329,0
426,0
441,0
506,0
478,0
348,0
382,0
363,0
394,0
394,0
445,0
460,0
457,0
455,0
357,0
395,0
529,0
523,0
417,0
354,0
296,0
289,0
349,0
383,0
384,0
493,0
494,0
501,0
405,0
405,0
399,0
349,0
382,0
430,0
437,0
440,0
454,0
484,0
393,0
327,0
334,0
374,0
385,0
386,0
445,0
356,0
414,0
454,0
459,0
469,0
580,0
578,0
559,0
559,0
443,0
368,0
329,0
352,0
342,0
356,0
376,0
380,0
537,0
520,0
499,0
568,0
568,0
530,0
495,0
479,0
476,0
431,0
432,0
508,0
646,0
696,0
642,0
675,0
550,0
403,0
439,0
461,0
462,0
487,0
464,0
433,0
499,0
399,0
432,0
411,0
412,0
444,0
414,0
457,0
417,0
450,0
465,0
551,0
687,0
746,0
748,0
721,0
657,0
539,0
513,0
482,0
426,0
486,0
476,0
422,0
416,0
403,0
471,0
481,0
422,0
417,0
443,0
469,0
431,0
463,0
427,0
457,0
629,0
633,0
597,0
615,0
511,0
400,0
470,0
387,0
397,0
328,0
281,0
289,0
257,0
292,0
374,0
443,0
397,0
306,0
362,0
326,0
336,0
340,0
410,0
427,0
484,0
512,0
603,0
559,0
499,0
492,0
438,0
466,0
461,0
476,0
465,0
484,0
603,0
564,0
554,0
562,0
445,0
378,0
294,0
303,0
393,0
417,0
434,0
489,0
586,0
618,0
575,0
583,0
495,0
366,0
523,0
494,0
467,0
419,0
448,0
434,0
467,0
533,0
581,0
525,0
471,0
453,0
393,0
394,0
432,0
533,0
502,0
591,0
666,0
696,0
622,0
598,0
645,0
635,0
605,0
553,0
530,0
435,0
541,0
488,0
531,0
650,0
688,0
588,0
603,0
659,0
740,0
675,0
624,0
609,0
571,0
555,0
725,0
781,0
734,0
732,0
580,0
529,0
553,0
535,0
547,0
563,0
577,0
515,0
539,0
502,0
590,0
594,0
538,0
536,0
468,0
406,0
413,0
378,0
418,0
667,0
760,0
804,0
757,0
754,0
626,0
502,0
547,0
581,0
580,0
647,0
623,0
523,0
467,0
578,0
556,0
547,0
507,0
401,0
315,0
249,0
360,0
378,0
396,0
404,0
595,0
689,0
645,0
550,0
588,0
542,0
546,0
540,0
548,0
537,0
546,0
534,0
337,0
331,0
443,0
618,0
691,0
560,0
535,0
498,0
507,0
570,0
657,0
674,0
848,0
862,0
886,0
750,0
634,0
556,0
604,0
669,0
583,0
483,0
473,0
501,0
538,0
648,0
701,0
704,0
685,0
626,0
561,0
549,0
590,0
581,0
594,0
622,0
724,0
867,0
769,0
717,0
650,0
547,0
416,0
432,0
391,0
386,0
414,0
433,0
417,0
502,0
503,0
536,0
549,0
433,0
308,0
320,0
303,0
350,0
389,0
399,0
578,0
593,0
617,0
721,0
570,0
452,0
349,0
412,0
421,0
401,0
361,0
339,0
467,0
560,0
548,0
493,0
457,0
433,0
442,0
401,0
388,0
387,0
446,0
507,0
619,0
622,0
605,0
644,0
582,0
438,0
380,0
396,0
425,0
414,0
397,0
438,0
610,0
646,0
623,0
637,0
674,0
490,0
518,0
497,0
513,0
561,0
638,0
706,0
865,0
847,0
757,0
818,0
823,0
748,0
567,0
652,0
651,0
645,0
655,0
659,0
856,0
938,0
904,0
890,0
785,0
743,0
707,0
720,0
698,0
645,0
724,0
791,0
838,0
825,0
811,0
861,0
694,0
564,0
477,0
549,0
534,0
551,0
493,0
417,0
721,0
682,0
698,0
673,0
563,0
545,0
515,0
521,0
531,0
554,0
592,0
592,0
649,0
644,0
639,0
724,0
489,0
434,0
315,0
338,0
354,0
331,0
292,0
306,0
368,0
554,0
568,0
509,0
456,0
445,0
442,0
440,0
447,0
473,0
557,0
550,0
604,0
644,0
660,0
668,0
651,0
454,0
318,0
317,0
330,0
336,0
337,0
348,0
350,0
329,0
341,0
258,0
259,0
268,0
237,0
287,0
280,0
322,0
276,0
353,0
512,0
537,0
452,0
510,0
472,0
434,0
419,0
447,0
485,0
507,0
488,0
521,0
623,0
646,0
690,0
692,0
671,0
639,0
619,0
595,0
527,0
661,0
615,0
636,0
738,0
722,0
678,0
724,0
669,0
603,0
581,0
635,0
673,0
646,0
644,0
597,0
721,0
732,0
718,0
673,0
701,0
732,0
640,0
582,0
536,0
534,0
612,0
738,0
834,0
1045,0
961,0
821,0
667,0
576,0
443,0
471,0
503,0
506,0
493,0
451,0
711,0
785,0
803,0
716,0
706,0
482,0
361,0
311,0
225,0
279,0
425,0
623,0
760,0
743,0
779,0
682,0
642,0
477,0
487,0
508,0
508,0
486,0
498,0
480,0
747,0
794,0
756,0
711,0
807,0
528,0
487,0
505,0
440,0
428,0
554,0
621,0
776,0
643,0
697,0
703,0
594,0
491,0
494,0
535,0
555,0
589,0
568,0
490,0
754,0
774,0
752,0
800,0
787,0
713,0
568,0
538,0
510,0
577,0
648,0
725,0
690,0
641,0
667,0
678,0
574,0
594,0
538,0
556,0
576,0
605,0
558,0
483,0
510,0
608,0
599,0
629,0
481,0
442,0
337,0
351,0
287,0
321,0
380,0
534,0
651,0
595,0
592,0
643,0
597,0
486,0
506,0
583,0
629,0
644,0
617,0
596,0
683,0
590,0
567,0
546,0
547,0
359,0
342,0
210,0
269,0
303,0
306,0
389,0
704,0
627,0
638,0
572,0
608,0
471,0
522,0
572,0
630,0
628,0
564,0
470,0
622,0
669,0
610,0
547,0
365,0
313,0
295,0
317,0
267,0
213,0
294,0
414,0
597,0
638,0
651,0
656,0
475,0
500,0
447,0
538,0
552,0
561,0
550,0
496,0
674,0
735,0
706,0
523,0
483,0
310,0
300,0
320,0
335,0
365,0
342,0
388,0
696,0
608,0
690,0
692,0
606,0
607,0
663,0
718,0
741,0
756,0
699,0
524,0
658,0
610,0
631,0
709,0
768,0
573,0
507,0
542,0
499,0
544,0
570,0
803,0
811,0
707,0
777,0
748,0
631,0
617,0
587,0
623,0
658,0
648,0
563,0
427,0
535,0
636,0
646,0
671,0
686,0
564,0
490,0
414,0
434,0
463,0
600,0
666,0
807,0
702,0
714,0
684,0
634,0
630,0
659,0
682,0
716,0
761,0
699,0
584,0
647,0
870,0
832,0
860,0
769,0
725,0
697,0
599,0
570,0
636,0
748,0
820,0
958,0
957,0
996,0
832,0
649,0
670,0
662,0
651,0
644,0
606,0
568,0
568,0
623,0
582,0
558,0
615,0
561,0
552,0
470,0
386,0
340,0
277,0
284,0
390,0
539,0
497,0
565,0
526,0
515,0
443,0
410,0
393,0
395,0
427,0
430,0
398,0
380,0
397,0
448,0
439,0
399,0
448,0
314,0
260,0
271,0
264,0
407,0
383,0
437,0
421,0
589,0
476,0
462,0
422,0
575,0
574,0
583,0
582,0
500,0
449,0
540,0
457,0
399,0
405,0
399,0
414,0
310,0
311,0
294,0
290,0
288,0
333,0
542,0
529,0
541,0
551,0
492,0
437,0
651,0
698,0
714,0
675,0
623,0
547,0
715,0
570,0
477,0
493,0
433,0
372,0
348,0
338,0
273,0
275,0
255,0
250,0
599,0
623,0
558,0
370,0
420,0
373,0
516,0
634,0
605,0
605,0
570,0
463,0
458,0
441,0
420,0
398,0
274,0
245,0
219,0
255,0
227,0
242,0
272,0
261,0
534,0
575,0
515,0
578,0
548,0
560,0
491,0
354,0
473,0
589,0
507,0
366,0
746,0
639,0
568,0
508,0
345,0
428,0
503,0
418,0
360,0
336,0
347,0
247,0
394,0
443,0
430,0
323,0
277,0
203,0
270,0
323,0
372,0
411,0
347,0
320,0
576,0
507,0
556,0
567,0
622,0
575,0
543,0
518,0
511,0
486,0
552,0
440,0
472,0
482,0
457,0
501,0
151,0
95,0
231,0
135,0
83,0
100,0
140,0
180,0
212,0
329,0
291,0
113,0
113,0
131,0
100,0
81,0
81,0
134,0
245,0
370,0
376,0
390,0
413,0
297,0
179,0
220,0
302,0
213,0
83,0
87,0
114,0
93,0
99,0
141,0
122,0
129,0
46,0
57,0
51,0
31,0
29,0
32,0
88,0
267,0
418,0
569,0
575,0
307,0
172,0
125,0
171,0
270,0
291,0
325,0
290,0
186,0
322,0
443,0
500,0
465,0
268,0
225,0
325,0
343,0
363,0
426,0
490,0
496,0
633,0
706,0
716,0
644,0
450,0
416,0
188,0
296,0
344,0
365,0
312,0
390,0
570,0
621,0
578,0
484,0
404,0
394,0
350,0
355,0
324,0
325,0
372,0
423,0
666,0
693,0
721,0
567,0
536,0
579,0
318,0
239,0
382,0
471,0
472,0
298,0
774,0
752,0
685,0
694,0
737,0
552,0
468,0
409,0
383,0
493,0
530,0
589,0
571,0
620,0
704,0
702,0
571,0
481,0
346,0
297,0
305,0
256,0
182,0
157,0
675,0
517,0
557,0
541,0
574,0
513,0
428,0
310,0
305,0
339,0
346,0
552,0
729,0
654,0
637,0
398,0
276,0
359,0
325,0
244,0
238,0
258,0
247,0
290,0
636,0
597,0
578,0
607,0
660,0
524,0
533,0
609,0
485,0
526,0
600,0
601,0
645,0
741,0
699,0
658,0
619,0
498,0
365,0
429,0
538,0
557,0
543,0
467,0
405,0
387,0
492,0
475,0
317,0
327,0
377,0
445,0
444,0
498,0
459,0
488,0
558,0
591,0
475,0
416,0
423,0
529,0
505,0
519,0
456,0
429,0
427,0
474,0
476,0
481,0
556,0
630,0
481,0
435,0
422,0
420,0
464,0
463,0
520,0
576,0
528,0
553,0
562,0
518,0
569,0
553,0
563,0
527,0
491,0
475,0
498,0
588,0
470,0
409,0
378,0
486,0
507,0
518,0
502,0
449,0
392,0
326,0
381,0
445,0
573,0
583,0
602,0
401,0
424,0
407,0
444,0
443,0
413,0
399,0
418,0
509,0
404,0
554,0
606,0
507,0
549,0
492,0
464,0
470,0
463,0
446,0
465,0
459,0
494,0
643,0
508,0
439,0
487,0
448,0
477,0
440,0
382,0
386,0
377,0
455,0
471,0
512,0
713,0
644,0
640,0
636,0
662,0
678,0
642,0
652,0
747,0
822,0
849,0
897,0
816,0
644,0
586,0
532,0
454,0
409,0
378,0
424,0
427,0
457,0
565,0
783,0
782,0
680,0
561,0
543,0
618,0
666,0
654,0
658,0
617,0
857,0
1002,0
995,0
927,0
699,0
539,0
517,0
314,0
274,0
375,0
390,0
375,0
487,0
583,0
833,0
883,0
854,0
640,0
637,0
532,0
502,0
530,0
517,0
473,0
774,0
803,0
833,0
802,0
528,0
488,0
459,0
380,0
357,0
428,0
474,0
482,0
376,0
436,0
398,0
446,0
498,0
660,0
687,0
710,0
711,0
708,0
792,0
912,0
871,0
778,0
771,0
659,0
660,0
648,0
567,0
496,0
399,0
332,0
261,0
255,0
280,0
384,0
562,0
655,0
550,0
513,0
304,0
315,0
367,0
524,0
605,0
627,0
803,0
552,0
707,0
602,0
559,0
767,0
781,0
488,0
337,0
329,0
363,0
396,0
552,0
401,0
414,0
629,0
524,0
350,0
327,0
310,0
297,0
351,0
337,0
334,0
583,0
512,0
554,0
435,0
373,0
556,0
552,0
651,0
646,0
474,0
482,0
447,0
389,0
369,0
602,0
712,0
553,0
366,0
373,0
430,0
388,0
341,0
347,0
397,0
540,0
657,0
742,0
649,0
472,0
483,0
387,0
460,0
362,0
254,0
243,0
234,0
317,0
417,0
559,0
674,0
568,0
439,0
345,0
349,0
354,0
346,0
393,0
495,0
621,0
739,0
762,0
598,0
401,0
453,0
437,0
600,0
431,0
363,0
351,0
371,0
299,0
366,0
645,0
711,0
672,0
438,0
556,0
622,0
636,0
583,0
428,0
364,0
565,0
672,0
802,0
653,0
402,0
310,0
470,0
343,0
295,0
279,0
299,0
244,0
339,0
387,0
439,0
554,0
528,0
509,0
451,0
360,0
320,0
386,0
422,0
430,0
523,0
713,0
667,0
559,0
545,0
460,0
470,0
475,0
404,0
320,0
318,0
310,0
370,0
373,0
513,0
533,0
564,0
530,0
543,0
521,0
664,0
562,0
416,0
363,0
337,0
632,0
793,0
598,0
358,0
453,0
360,0
285,0
246,0
296,0
334,0
282,0
251,0
225,0
414,0
301,0
286,0
284,0
338,0
324,0
351,0
395,0
404,0
266,0
344,0
419,0
538,0
419,0
308,0
353,0
396,0
458,0
389,0
363,0
363,0
364,0
470,0
348,0
639,0
722,0
599,0
329,0
334,0
294,0
250,0
239,0
266,0
324,0
489,0
712,0
808,0
530,0
430,0
528,0
413,0
513,0
371,0
350,0
363,0
377,0
400,0
444,0
610,0
701,0
455,0
401,0
382,0
387,0
392,0
421,0
451,0
470,0
451,0
692,0
719,0
616,0
452,0
363,0
333,0
464,0
535,0
544,0
531,0
534,0
339,0
410,0
491,0
488,0
445,0
334,0
322,0
338,0
405,0
418,0
423,0
378,0
337,0
530,0
554,0
473,0
478,0
512,0
480,0
504,0
453,0
340,0
324,0
340,0
380,0
246,0
359,0
384,0
413,0
449,0
370,0
327,0
330,0
304,0
337,0
363,0
417,0
342,0
393,0
533,0
430,0
412,0
428,0
385,0
254,0
285,0
293,0
260,0
348,0
370,0
389,0
363,0
354,0
384,0
369,0
326,0
335,0
359,0
306,0
312,0
387,0
582,0
631,0
323,0
322,0
382,0
305,0
432,0
390,0
377,0
419,0
377,0
416,0
427,0
387,0
407,0
408,0
425,0
417,0
461,0
502,0
488,0
532,0
565,0
540,0
542,0
611,0
480,0
532,0
517,0
468,0
441,0
271,0
330,0
330,0
352,0
264,0
299,0
334,0
319,0
377,0
330,0
286,0
313,0
339,0
284,0
359,0
343,0
357,0
322,0
471,0
403,0
422,0
371,0
304,0
329,0
392,0
449,0
476,0
358,0
381,0
488,0
397,0
431,0
429,0
432,0
503,0
423,0
452,0
464,0
473,0
426,0
390,0
603,0
625,0
409,0
416,0
299,0
374,0
313,0
214,0
256,0
272,0
248,0
332,0
252,0
336,0
350,0
296,0
319,0
341,0
245,0
251,0
321,0
353,0
407,0
480,0
542,0
574,0
477,0
306,0
209,0
174,0
343,0
330,0
217,0
214,0
232,0
280,0
406,0
711,0
706,0
492,0
421,0
436,0
403,0
412,0
397,0
381,0
407,0
584,0
633,0
599,0
495,0
383,0
324,0
424,0
260,0
296,0
414,0
511,0
458,0
349,0
427,0
693,0
720,0
645,0
515,0
446,0
486,0
529,0
504,0
502,0
576,0
730,0
785,0
817,0
736,0
625,0
504,0
486,0
282,0
352,0
361,0
384,0
401,0
505,0
554,0
898,0
906,0
753,0
709,0
766,0
754,0
635,0
571,0
589,0
621,0
808,0
859,0
869,0
659,0
561,0
479,0
435,0
316,0
365,0
324,0
326,0
317,0
420,0
390,0
479,0
444,0
333,0
328,0
445,0
386,0
450,0
475,0
458,0
368,0
345,0
475,0
647,0
427,0
320,0
443,0
442,0
580,0
610,0
452,0
469,0
455,0
495,0
527,0
385,0
490,0
514,0
578,0
701,0
660,0
636,0
650,0
580,0
399,0
353,0
369,0
476,0
461,0
393,0
496,0
513,0
484,0
604,0
501,0
506,0
524,0
519,0
570,0
549,0
484,0
422,0
474,0
432,0
497,0
454,0
486,0
522,0
418,0
587,0
646,0
667,0
677,0
562,0
495,0
380,0
337,0
518,0
434,0
372,0
461,0
381,0
400,0
324,0
453,0
709,0
666,0
779,0
811,0
755,0
808,0
848,0
937,0
790,0
845,0
894,0
789,0
687,0
479,0
445,0
429,0
238,0
371,0
347,0
343,0
305,0
332,0
493,0
588,0
848,0
664,0
578,0
629,0
559,0
553,0
655,0
640,0
602,0
782,0
879,0
837,0
631,0
507,0
546,0
525,0
477,0
530,0
566,0
564,0
563,0
649,0
641,0
805,0
801,0
795,0
619,0
624,0
584,0
473,0
570,0
832,0
907,0
962,0
993,0
942,0
785,0
634,0
649,0
681,0
709,0
766,0
817,0
812,0
770,0
695,0
713,0
867,0
852,0
841,0
675,0
705,0
790,0
799,0
817,0
920,0
986,0
989,0
847,0
872,0
807,0
839,0
884,0
859,0
895,0
720,0
690,0
691,0
698,0
636,0
808,0
832,0
834,0
810,0
812,0
796,0
789,0
751,0
863,0
925,0
1155,0
1119,0
1173,0
1112,0
1047,0
924,0
934,0
927,0
730,0
789,0
590,0
584,0
589,0
574,0
755,0
770,0
748,0
791,0
778,0
757,0
785,0
771,0
781,0
770,0
772,0
949,0
982,0
982,0
735,0
768,0
676,0
679,0
707,0
692,0
708,0
680,0
675,0
666,0
732,0
953,0
934,0
920,0
728,0
735,0
710,0
697,0
677,0
833,0
945,0
923,0
919,0
930,0
761,0
725,0
776,0
678,0
697,0
706,0
702,0
751,0
714,0
763,0
720,0
760,0
830,0
897,0
967,0
954,0
974,0
886,0
716,0
768,0
870,0
901,0
936,0
929,0
795,0
845,0
790,0
768,0
709,0
767,0
819,0
812,0
819,0
669,0
707,0
762,0
702,0
665,0
642,0
624,0
630,0
717,0
681,0
943,0
954,0
1022,0
1011,0
694,0
616,0
638,0
610,0
634,0
743,0
658,0
727,0
725,0
641,0
718,0
759,0
776,0
746,0
659,0
743,0
668,0
741,0
722,0
729,0
793,0
889,0
961,0
1009,0
953,0
761,0
775,0
758,0
765,0
735,0
552,0
613,0
612,0
550,0
696,0
641,0
737,0
763,0
662,0
663,0
519,0
478,0
391,0
539,0
633,0
877,0
953,0
998,0
1039,0
799,0
672,0
804,0
805,0
712,0
697,0
676,0
637,0
693,0
693,0
623,0
731,0
684,0
708,0
642,0
600,0
623,0
548,0
640,0
707,0
840,0
825,0
888,0
939,0
938,0
950,0
832,0
665,0
753,0
750,0
801,0
721,0
733,0
808,0
841,0
863,0
792,0
698,0
850,0
813,0
810,0
802,0
822,0
938,0
1029,0
1156,0
1084,0
1135,0
1060,0
989,0
975,0
839,0
443,0
288,0
309,0
348,0
321,0
623,0
662,0
789,0
885,0
908,0
670,0
680,0
814,0
843,0
871,0
1002,0
1052,0
1017,0
1111,0
1086,0
865,0
655,0
578,0
606,0
414,0
361,0
452,0
502,0
496,0
461,0
714,0
752,0
884,0
880,0
749,0
828,0
780,0
804,0
851,0
861,0
987,0
976,0
989,0
999,0
840,0
594,0
610,0
522,0
495,0
414,0
362,0
328,0
396,0
421,0
521,0
648,0
810,0
815,0
627,0
631,0
606,0
568,0
583,0
692,0
922,0
894,0
924,0
820,0
736,0
681,0
687,0
666,0
647,0
572,0
509,0
628,0
671,0
558,0
576,0
678,0
738,0
724,0
629,0
584,0
595,0
569,0
658,0
837,0
854,0
841,0
801,0
735,0
668,0
615,0
656,0
606,0
631,0
676,0
517,0
461,0
555,0
595,0
510,0
725,0
743,0
708,0
704,0
551,0
509,0
551,0
673,0
581,0
611,0
778,0
732,0
603,0
529,0
429,0
501,0
427,0
389,0
434,0
355,0
408,0
405,0
338,0
442,0
527,0
354,0
369,0
378,0
420,0
411,0
411,0
449,0
458,0
629,0
745,0
770,0
694,0
541,0
405,0
402,0
508,0
531,0
597,0
392,0
343,0
347,0
399,0
480,0
323,0
308,0
333,0
269,0
288,0
184,0
197,0
235,0
356,0
573,0
552,0
516,0
465,0
381,0
364,0
342,0
382,0
446,0
402,0
349,0
371,0
425,0
454,0
411,0
719,0
748,0
729,0
574,0
575,0
469,0
451,0
457,0
726,0
690,0
754,0
770,0
751,0
539,0
503,0
609,0
621,0
519,0
509,0
487,0
491,0
507,0
523,0
545,0
696,0
773,0
819,0
754,0
644,0
631,0
657,0
695,0
675,0
758,0
880,0
895,0
782,0
605,0
443,0
402,0
556,0
445,0
408,0
463,0
502,0
461,0
371,0
705,0
697,0
739,0
766,0
768,0
777,0
741,0
739,0
717,0
729,0
742,0
834,0
837,0
748,0
606,0
599,0
542,0
630,0
322,0
398,0
456,0
504,0
480,0
367,0
519,0
719,0
748,0
656,0
602,0
598,0
565,0
546,0
523,0
576,0
751,0
801,0
826,0
728,0
708,0
595,0
550,0
568,0
416,0
445,0
484,0
485,0
479,0
405,0
588,0
747,0
793,0
729,0
659,0
766,0
801,0
885,0
901,0
985,0
862,0
874,0
707,0
677,0
603,0
498,0
465,0
484,0
352,0
334,0
391,0
474,0
496,0
553,0
586,0
617,0
725,0
721,0
601,0
599,0
554,0
550,0
541,0
531,0
682,0
719,0
747,0
761,0
669,0
563,0
533,0
610,0
581,0
486,0
539,0
568,0
508,0
553,0
656,0
648,0
613,0
628,0
678,0
688,0
675,0
666,0
618,0
614,0
613,0
647,0
676,0
719,0
736,0
728,0
757,0
852,0
906,0
925,0
1017,0
1024,0
1009,0
961,0
992,0
1223,0
1093,0
1054,0
985,0
919,0
901,0
888,0
948,0
1013,0
979,0
1016,0
1039,0
1010,0
947,0
880,0
714,0
769,0
653,0
617,0
641,0
640,0
647,0
698,0
885,0
1011,0
1013,0
1035,0
991,0
1031,0
957,0
927,0
892,0
867,0
831,0
858,0
886,0
913,0
811,0
785,0
773,0
788,0
481,0
457,0
439,0
440,0
424,0
443,0
664,0
781,0
814,0
885,0
916,0
919,0
895,0
870,0
922,0
716,0
928,0
1037,0
1107,0
1135,0
974,0
829,0
716,0
726,0
617,0
658,0
667,0
656,0
628,0
594,0
649,0
766,0
773,0
770,0
847,0
868,0
862,0
852,0
880,0
897,0
889,0
938,0
931,0
925,0
706,0
660,0
719,0
658,0
546,0
524,0
568,0
568,0
560,0
533,0
748,0
910,0
869,0
820,0
829,0
811,0
810,0
726,0
740,0
944,0
921,0
936,0
970,0
1089,0
983,0
945,0
985,0
1005,0
1165,0
1225,0
1259,0
1253,0
1236,0
1182,0
1109,0
1008,0
891,0
833,0
869,0
847,0
828,0
851,0
1037,0
1087,0
977,0
989,0
1042,0
1072,0
1132,0
1248,0
1273,0
1285,0
1209,0
1249,0
1357,0
1326,0
1273,0
1256,0
1233,0
1248,0
1076,0
940,0
950,0
952,0
933,0
979,0
945,0
960,0
892,0
929,0
950,0
997,0
1030,0
1065,0
1162,0
1220,0
1278,0
1260,0
1284,0
1298,0
1281,0
1219,0
1209,0
1252,0
1079,0
1058,0
1108,0
1155,0
1143,0
1085,0
1107,0
1149,0
1148,0
1158,0
1219,0
1250,0
1207,0
1193,0
1188,0
1241,0
1211,0
1297,0
1389,0
1410,0
1390,0
1237,0
1120,0
1307,0
1249,0
1211,0
1197,0
1176,0
1085,0
1061,0
1077,0
1073,0
1061,0
1065,0
1077,0
1074,0
950,0
962,0
978,0
967,0
1239,0
1284,0
1322,0
1398,0
1395,0
1280,0
1150,0
1167,0
1066,0
1074,0
1150,0
1223,0
1128,0
1047,0
970,0
1014,0
1075,0
1089,0
1130,0
1145,0
1095,0
1054,0
1040,0
1074,0
791,0
745,0
739,0
741,0
797,0
751,0
876,0
987,0
985,0
912,0
964,0
1020,0
1024,0
1034,0
1024,0
1008,0
992,0
1082,0
1143,0
1183,0
1241,0
1201,0
1088,0
1046,0
939,0
907,0
933,0
1012,0
1009,0
1062,0
1141,0
1185,0
1128,0
1167,0
1294,0
1248,0
1259,0
1310,0
1286,0
1153,0
1050,0
1084,0
1159,0
1149,0
1142,0
1214,0
1197,0
1162,0
1096,0
1091,0
1174,0
1260,0
1294,0
1257,0
1168,0
966,0
847,0
889,0
895,0
899,0
881,0
932,0
961,0
889,0
929,0
1047,0
1133,0
1121,0
1157,0
1085,0
1038,0
999,0
916,0
915,0
1068,0
1090,0
1024,0
996,0
1023,0
890,0
997,0
1027,0
1013,0
1002,0
1009,0
1011,0
1012,0
1052,0
1063,0
1050,0
1074,0
1073,0
1075,0
1111,0
1051,0
967,0
952,0
888,0
970,0
977,0
990,0
884,0
1014,0
1105,0
1043,0
993,0
1124,0
1183,0
1121,0
1087,0
1069,0
1094,0
1055,0
1043,0
1043,0
1047,0
893,0
838,0
839,0
898,0
822,0
870,0
840,0
851,0
849,0
810,0
984,0
1069,0
1050,0
1024,0
1107,0
1152,0
1030,0
1015,0
1075,0
1088,0
1092,0
1103,0
1128,0
1135,0
916,0
826,0
799,0
817,0
591,0
512,0
521,0
559,0
520,0
681,0
867,0
885,0
959,0
948,0
1055,0
1117,0
1122,0
1112,0
1027,0
1080,0
1065,0
1059,0
1040,0
938,0
780,0
808,0
823,0
821,0
539,0
414,0
517,0
535,0
538,0
636,0
743,0
789,0
923,0
993,0
983,0
953,0
920,0
892,0
887,0
869,0
882,0
984,0
995,0
931,0
799,0
823,0
742,0
851,0
836,0
806,0
952,0
1008,0
1025,0
981,0
945,0
1223,0
1231,0
1252,0
1284,0
1268,0
1238,0
1217,0
1074,0
946,0
893,0
939,0
962,0
968,0
861,0
988,0
947,0
892,0
741,0
799,0
889,0
972,0
1018,0
980,0
910,0
869,0
856,0
974,0
1060,0
1060,0
1099,0
1137,0
1067,0
890,0
867,0
844,0
853,0
865,0
872,0
798,0
750,0
850,0
419,0
403,0
507,0
577,0
571,0
541,0
570,0
547,0
571,0
577,0
809,0
901,0
983,0
889,0
838,0
826,0
877,0
896,0
877,0
906,0
757,0
787,0
785,0
787,0
712,0
707,0
755,0
787,0
747,0
634,0
649,0
754,0
808,0
917,0
925,0
1002,0
1061,0
1021,0
912,0
873,0
855,0
1008,0
1054,0
1072,0
1037,0
1103,0
1103,0
1100,0
1105,0
1010,0
1033,0
1056,0
1084,0
1090,0
1083,0
994,0
1217,0
1228,0
1288,0
1344,0
1372,0
1327,0
1235,0
1020,0
908,0
975,0
963,0
848,0
718,0
866,0
917,0
913,0
901,0
939,0
915,0
933,0
900,0
675,0
702,0
603,0
713,0
683,0
747,0
868,0
890,0
866,0
775,0
834,0
837,0
834,0
847,0
798,0
695,0
699,0
775,0
828,0
827,0
716,0
658,0
656,0
640,0
591,0
619,0
659,0
736,0
759,0
672,0
725,0
732,0
601,0
607,0
670,0
730,0
687,0
708,0
670,0
568,0
648,0
695,0
757,0
720,0
630,0
615,0
689,0
657,0
657,0
593,0
698,0
805,0
829,0
836,0
851,0
816,0
808,0
791,0
775,0
725,0
687,0
728,0
800,0
728,0
595,0
552,0
587,0
510,0
472,0
519,0
553,0
554,0
512,0
541,0
562,0
582,0
535,0
549,0
578,0
596,0
648,0
624,0
577,0
588,0
632,0
644,0
659,0
588,0
660,0
636,0
555,0
545,0
559,0
627,0
630,0
580,0
545,0
540,0
446,0
486,0
408,0
515,0
533,0
514,0
531,0
514,0
516,0
705,0
708,0
704,0
724,0
733,0
633,0
527,0
524,0
642,0
677,0
697,0
724,0
751,0
651,0
716,0
675,0
677,0
805,0
843,0
878,0
980,0
966,0
952,0
939,0
879,0
890,0
925,0
923,0
796,0
779,0
818,0
1000,0
1100,0
1091,0
996,0
1018,0
988,0
914,0
1060,0
1011,0
930,0
873,0
818,0
800,0
815,0
817,0
859,0
940,0
834,0
866,0
881,0
881,0
740,0
856,0
986,0
1153,0
1170,0
1113,0
981,0
971,0
975,0
896,0
818,0
960,0
911,0
872,0
790,0
812,0
822,0
813,0
816,0
840,0
950,0
942,0
962,0
875,0
875,0
833,0
1017,0
1000,0
1135,0
967,0
743,0
645,0
820,0
876,0
895,0
918,0
915,0
775,0
729,0
684,0
719,0
777,0
828,0
938,0
901,0
808,0
845,0
864,0
842,0
917,0
1060,0
984,0
750,0
494,0
461,0
517,0
510,0
585,0
604,0
700,0
657,0
602,0
542,0
436,0
448,0
514,0
768,0
810,0
907,0
871,0
838,0
855,0
739,0
710,0
667,0
583,0
0,0
0,0
0,0
0,0
0,0
0,0
0,0
0,0
0,0
0,0
0,0
0,0
0,0
0,0
0,0
0,0
0,0
0,0
0,0
0,0
0,0
0,0
0,0
0,0
