386,0
330,0
297,0
267,0
238,0
212,0
142,0
244,0
265,0
268,0
349,0
362,0
377,0
284,0
309,0
408,0
567,0
590,0
623,0
587,0
568,0
471,0
460,0
418,0
360,0
306,0
291,0
264,0
230,0
188,0
157,0
247,0
401,0
411,0
456,0
456,0
461,0
466,0
434,0
372,0
302,0
402,0
286,0
281,0
378,0
468,0
532,0
416,0
396,0
205,0
178,0
167,0
169,0
230,0
307,0
366,0
351,0
437,0
462,0
494,0
494,0
486,0
452,0
479,0
513,0
548,0
638,0
681,0
431,0
350,0
350,0
360,0
261,0
197,0
160,0
149,0
155,0
161,0
230,0
347,0
458,0
324,0
300,0
303,0
285,0
282,0
324,0
320,0
422,0
520,0
434,0
386,0
492,0
474,0
673,0
716,0
803,0
599,0
517,0
485,0
414,0
479,0
452,0
336,0
384,0
445,0
554,0
563,0
537,0
547,0
552,0
538,0
449,0
549,0
520,0
423,0
380,0
434,0
710,0
553,0
470,0
314,0
303,0
240,0
323,0
419,0
482,0
534,0
592,0
644,0
638,0
599,0
571,0
550,0
477,0
582,0
608,0
586,0
559,0
511,0
488,0
502,0
491,0
402,0
502,0
341,0
344,0
312,0
289,0
555,0
544,0
652,0
851,0
914,0
858,0
734,0
675,0
592,0
590,0
649,0
889,0
966,0
974,0
786,0
695,0
698,0
814,0
720,0
657,0
467,0
468,0
466,0
515,0
795,0
553,0
695,0
888,0
878,0
904,0
887,0
842,0
823,0
856,0
814,0
858,0
828,0
773,0
638,0
566,0
660,0
1002,0
771,0
793,0
706,0
716,0
664,0
706,0
617,0
518,0
606,0
690,0
757,0
702,0
734,0
732,0
702,0
681,0
673,0
655,0
618,0
618,0
610,0
605,0
653,0
745,0
745,0
545,0
476,0
492,0
492,0
482,0
504,0
548,0
587,0
660,0
629,0
665,0
704,0
701,0
692,0
672,0
693,0
714,0
710,0
733,0
750,0
515,0
514,0
796,0
719,0
762,0
718,0
631,0
591,0
589,0
617,0
459,0
413,0
523,0
531,0
495,0
479,0
429,0
446,0
522,0
549,0
563,0
600,0
599,0
568,0
664,0
662,0
810,0
855,0
1063,0
908,0
826,0
734,0
663,0
653,0
406,0
431,0
650,0
733,0
653,0
580,0
603,0
597,0
601,0
605,0
594,0
522,0
568,0
550,0
614,0
704,0
886,0
840,0
795,0
731,0
670,0
611,0
598,0
582,0
482,0
374,0
521,0
539,0
498,0
391,0
455,0
488,0
480,0
540,0
494,0
449,0
463,0
412,0
395,0
523,0
650,0
563,0
667,0
576,0
557,0
498,0
472,0
325,0
163,0
248,0
336,0
283,0
288,0
336,0
354,0
340,0
294,0
262,0
347,0
385,0
425,0
399,0
365,0
396,0
689,0
612,0
560,0
603,0
444,0
350,0
403,0
534,0
219,0
274,0
387,0
391,0
371,0
343,0
284,0
269,0
281,0
304,0
386,0
410,0
406,0
383,0
312,0
265,0
416,0
414,0
551,0
514,0
333,0
261,0
232,0
400,0
217,0
276,0
396,0
407,0
409,0
346,0
288,0
277,0
320,0
328,0
369,0
433,0
411,0
414,0
520,0
490,0
564,0
546,0
731,0
684,0
656,0
561,0
637,0
610,0
442,0
413,0
524,0
552,0
554,0
558,0
484,0
413,0
383,0
363,0
458,0
501,0
514,0
464,0
568,0
494,0
576,0
482,0
298,0
202,0
214,0
252,0
323,0
514,0
568,0
490,0
391,0
405,0
388,0
553,0
519,0
369,0
291,0
306,0
491,0
535,0
498,0
354,0
461,0
508,0
743,0
647,0
506,0
337,0
269,0
300,0
291,0
244,0
216,0
236,0
257,0
326,0
429,0
436,0
429,0
374,0
406,0
422,0
522,0
479,0
457,0
360,0
381,0
341,0
550,0
454,0
301,0
206,0
181,0
139,0
119,0
83,0
43,0
98,0
117,0
172,0
279,0
243,0
270,0
338,0
355,0
452,0
475,0
333,0
329,0
329,0
388,0
378,0
428,0
388,0
136,0
121,0
95,0
101,0
75,0
103,0
124,0
233,0
328,0
523,0
464,0
387,0
366,0
285,0
339,0
442,0
518,0
557,0
537,0
561,0
493,0
291,0
267,0
335,0
324,0
237,0
250,0
234,0
288,0
351,0
173,0
386,0
496,0
502,0
462,0
327,0
304,0
250,0
299,0
189,0
362,0
398,0
474,0
540,0
203,0
230,0
178,0
160,0
81,0
29,0
29,0
118,0
89,0
38,0
265,0
291,0
461,0
393,0
258,0
234,0
174,0
163,0
191,0
189,0
332,0
403,0
404,0
339,0
145,0
90,0
169,0
232,0
170,0
65,0
45,0
55,0
50,0
71,0
280,0
311,0
604,0
566,0
560,0
462,0
515,0
526,0
593,0
644,0
586,0
699,0
742,0
767,0
486,0
306,0
299,0
276,0
204,0
53,0
45,0
109,0
32,0
107,0
194,0
490,0
578,0
538,0
546,0
441,0
385,0
207,0
164,0
165,0
294,0
389,0
427,0
213,0
410,0
352,0
338,0
467,0
289,0
250,0
236,0
180,0
186,0
189,0
117,0
119,0
151,0
177,0
254,0
224,0
223,0
229,0
225,0
303,0
310,0
308,0
282,0
279,0
313,0
380,0
376,0
387,0
361,0
302,0
231,0
212,0
250,0
274,0
337,0
397,0
393,0
404,0
461,0
487,0
444,0
433,0
464,0
456,0
495,0
535,0
468,0
476,0
496,0
512,0
460,0
382,0
320,0
223,0
237,0
235,0
216,0
231,0
303,0
278,0
366,0
398,0
414,0
415,0
390,0
280,0
300,0
357,0
433,0
451,0
495,0
489,0
312,0
283,0
198,0
250,0
251,0
258,0
272,0
352,0
291,0
218,0
310,0
462,0
489,0
493,0
480,0
311,0
292,0
293,0
285,0
266,0
437,0
525,0
577,0
530,0
350,0
342,0
357,0
461,0
293,0
358,0
336,0
384,0
337,0
228,0
376,0
377,0
460,0
501,0
522,0
521,0
337,0
338,0
364,0
421,0
458,0
608,0
613,0
472,0
300,0
314,0
312,0
334,0
287,0
283,0
256,0
294,0
286,0
279,0
362,0
570,0
722,0
745,0
711,0
635,0
539,0
524,0
529,0
528,0
643,0
749,0
782,0
748,0
648,0
409,0
411,0
398,0
319,0
263,0
184,0
154,0
228,0
267,0
185,0
338,0
470,0
508,0
468,0
329,0
238,0
249,0
267,0
354,0
376,0
434,0
455,0
394,0
319,0
221,0
280,0
298,0
414,0
281,0
260,0
265,0
287,0
331,0
437,0
372,0
477,0
439,0
422,0
406,0
379,0
358,0
370,0
427,0
566,0
520,0
536,0
559,0
327,0
402,0
454,0
407,0
449,0
467,0
477,0
464,0
491,0
506,0
551,0
533,0
496,0
570,0
527,0
714,0
690,0
701,0
707,0
725,0
710,0
723,0
729,0
802,0
821,0
799,0
884,0
905,0
864,0
883,0
931,0
974,0
972,0
922,0
942,0
754,0
871,0
866,0
848,0
842,0
783,0
779,0
768,0
866,0
924,0
968,0
955,0
907,0
805,0
843,0
790,0
797,0
910,0
943,0
958,0
981,0
978,0
925,0
796,0
888,0
957,0
947,0
925,0
933,0
872,0
856,0
863,0
940,0
983,0
1014,0
1021,0
1043,0
955,0
829,0
807,0
876,0
810,0
846,0
871,0
923,0
881,0
777,0
688,0
861,0
817,0
785,0
800,0
810,0
749,0
669,0
684,0
823,0
887,0
916,0
935,0
945,0
795,0
649,0
586,0
640,0
595,0
665,0
682,0
690,0
651,0
538,0
411,0
566,0
714,0
716,0
691,0
690,0
546,0
535,0
539,0
647,0
710,0
710,0
723,0
731,0
656,0
416,0
377,0
440,0
455,0
597,0
566,0
522,0
481,0
323,0
347,0
563,0
699,0
691,0
677,0
659,0
573,0
448,0
463,0
445,0
689,0
726,0
735,0
739,0
648,0
427,0
394,0
444,0
275,0
277,0
324,0
281,0
243,0
239,0
261,0
250,0
221,0
268,0
265,0
288,0
261,0
305,0
345,0
298,0
347,0
501,0
514,0
451,0
333,0
298,0
331,0
320,0
274,0
99,0
86,0
109,0
123,0
97,0
84,0
180,0
189,0
220,0
260,0
206,0
198,0
177,0
230,0
296,0
482,0
520,0
478,0
362,0
301,0
249,0
339,0
393,0
379,0
405,0
333,0
328,0
286,0
310,0
324,0
519,0
688,0
694,0
573,0
539,0
483,0
474,0
485,0
518,0
538,0
788,0
834,0
864,0
554,0
513,0
430,0
501,0
653,0
677,0
693,0
801,0
748,0
574,0
628,0
783,0
1004,0
854,0
850,0
749,0
670,0
618,0
756,0
853,0
864,0
1034,0
1080,0
1084,0
861,0
722,0
608,0
556,0
558,0
614,0
684,0
741,0
632,0
542,0
474,0
645,0
857,0
814,0
809,0
735,0
613,0
642,0
660,0
774,0
783,0
952,0
973,0
939,0
864,0
468,0
381,0
436,0
426,0
500,0
559,0
561,0
562,0
452,0
353,0
488,0
677,0
694,0
657,0
567,0
503,0
591,0
501,0
568,0
633,0
743,0
758,0
781,0
666,0
565,0
477,0
464,0
408,0
441,0
451,0
521,0
493,0
407,0
592,0
637,0
716,0
714,0
566,0
501,0
370,0
346,0
340,0
358,0
475,0
688,0
722,0
722,0
626,0
363,0
254,0
257,0
252,0
272,0
326,0
360,0
362,0
212,0
248,0
334,0
410,0
401,0
394,0
424,0
393,0
353,0
322,0
356,0
446,0
501,0
631,0
626,0
539,0
403,0
370,0
372,0
321,0
359,0
352,0
382,0
333,0
336,0
291,0
337,0
289,0
318,0
302,0
359,0
267,0
195,0
218,0
268,0
320,0
425,0
483,0
500,0
398,0
333,0
323,0
403,0
456,0
546,0
594,0
590,0
345,0
421,0
540,0
819,0
873,0
848,0
756,0
663,0
610,0
620,0
516,0
584,0
740,0
951,0
967,0
974,0
791,0
644,0
490,0
386,0
482,0
539,0
569,0
578,0
444,0
373,0
551,0
733,0
796,0
810,0
680,0
655,0
623,0
680,0
678,0
706,0
771,0
761,0
839,0
895,0
906,0
706,0
586,0
475,0
538,0
575,0
598,0
565,0
546,0
410,0
600,0
839,0
877,0
853,0
878,0
745,0
748,0
752,0
737,0
739,0
747,0
823,0
863,0
864,0
797,0
681,0
591,0
647,0
548,0
603,0
638,0
627,0
506,0
448,0
678,0
831,0
838,0
831,0
845,0
821,0
803,0
847,0
838,0
856,0
898,0
1056,0
1043,0
1064,0
1024,0
740,0
703,0
677,0
569,0
572,0
621,0
627,0
605,0
563,0
713,0
967,0
1012,0
994,0
989,0
895,0
815,0
795,0
859,0
869,0
934,0
1018,0
1072,0
1145,0
1092,0
890,0
769,0
761,0
630,0
620,0
572,0
616,0
632,0
613,0
624,0
560,0
629,0
618,0
543,0
556,0
551,0
571,0
588,0
582,0
600,0
615,0
767,0
808,0
701,0
613,0
521,0
507,0
465,0
282,0
321,0
308,0
298,0
312,0
539,0
473,0
467,0
475,0
471,0
484,0
483,0
479,0
458,0
420,0
689,0
721,0
698,0
815,0
670,0
665,0
428,0
427,0
512,0
481,0
493,0
442,0
418,0
437,0
513,0
796,0
830,0
865,0
805,0
853,0
875,0
896,0
871,0
842,0
865,0
965,0
1045,0
1097,0
1020,0
788,0
709,0
647,0
530,0
563,0
510,0
545,0
471,0
452,0
579,0
858,0
1025,0
1053,0
956,0
848,0
706,0
673,0
712,0
685,0
784,0
899,0
947,0
949,0
837,0
662,0
608,0
520,0
441,0
463,0
521,0
645,0
644,0
406,0
505,0
838,0
863,0
789,0
751,0
738,0
701,0
704,0
687,0
670,0
789,0
898,0
965,0
935,0
821,0
629,0
483,0
506,0
459,0
441,0
414,0
475,0
454,0
442,0
564,0
900,0
844,0
743,0
707,0
674,0
573,0
611,0
613,0
623,0
670,0
862,0
912,0
930,0
866,0
638,0
611,0
564,0
489,0
509,0
510,0
524,0
472,0
386,0
628,0
1000,0
1065,0
1046,0
986,0
995,0
808,0
773,0
788,0
819,0
960,0
1034,0
1030,0
1031,0
934,0
715,0
599,0
546,0
392,0
390,0
400,0
470,0
470,0
377,0
314,0
491,0
616,0
592,0
506,0
283,0
332,0
362,0
386,0
517,0
484,0
707,0
748,0
778,0
784,0
515,0
464,0
353,0
359,0
337,0
286,0
278,0
278,0
271,0
271,0
349,0
306,0
331,0
373,0
394,0
365,0
326,0
378,0
456,0
485,0
499,0
498,0
541,0
559,0
307,0
335,0
396,0
229,0
197,0
195,0
172,0
196,0
159,0
584,0
973,0
1138,0
1152,0
1059,0
1010,0
785,0
797,0
751,0
800,0
908,0
1000,0
1125,0
1101,0
995,0
559,0
522,0
545,0
613,0
590,0
561,0
601,0
574,0
558,0
770,0
1032,0
1136,0
1126,0
1075,0
1080,0
881,0
877,0
890,0
976,0
1144,0
1240,0
1181,0
1177,0
1133,0
944,0
850,0
751,0
662,0
602,0
531,0
558,0
483,0
679,0
766,0
1026,0
1101,0
1195,0
1265,0
1107,0
888,0
907,0
891,0
807,0
1027,0
1102,0
1214,0
1270,0
1151,0
1089,0
823,0
663,0
602,0
524,0
542,0
562,0
544,0
625,0
904,0
1150,0
1195,0
1091,0
1061,0
1010,0
853,0
872,0
883,0
865,0
1141,0
1124,0
1191,0
1159,0
1002,0
804,0
682,0
625,0
569,0
539,0
596,0
613,0
575,0
576,0
916,0
1152,0
1162,0
1065,0
1013,0
1019,0
828,0
844,0
849,0
853,0
1118,0
1117,0
1146,0
1192,0
973,0
739,0
669,0
497,0
399,0
388,0
337,0
364,0
347,0
309,0
429,0
410,0
474,0
549,0
531,0
504,0
410,0
379,0
421,0
361,0
562,0
641,0
738,0
693,0
743,0
671,0
476,0
373,0
290,0
239,0
250,0
263,0
298,0
301,0
620,0
603,0
624,0
605,0
586,0
660,0
520,0
478,0
523,0
520,0
599,0
608,0
638,0
705,0
730,0
544,0
438,0
412,0
470,0
492,0
448,0
472,0
558,0
744,0
870,0
1062,0
1212,0
1191,0
1120,0
1193,0
1106,0
1216,0
1133,0
1034,0
1076,0
1031,0
990,0
1035,0
1058,0
830,0
701,0
723,0
873,0
920,0
944,0
1031,0
905,0
971,0
1091,0
1165,0
1148,0
1120,0
1081,0
995,0
1000,0
1077,0
1062,0
989,0
1132,0
1066,0
1005,0
1057,0
1018,0
909,0
921,0
785,0
392,0
370,0
308,0
304,0
423,0
488,0
854,0
1088,0
1277,0
1296,0
1118,0
1069,0
1043,0
1064,0
1070,0
1058,0
1302,0
1339,0
1404,0
1473,0
1160,0
959,0
927,0
774,0
293,0
191,0
210,0
246,0
210,0
334,0
912,0
1053,0
1062,0
1060,0
899,0
822,0
792,0
790,0
826,0
858,0
979,0
1049,0
1137,0
1113,0
992,0
850,0
734,0
519,0
227,0
139,0
155,0
166,0
151,0
256,0
648,0
842,0
863,0
845,0
655,0
776,0
679,0
745,0
823,0
819,0
857,0
776,0
1067,0
1071,0
980,0
824,0
687,0
606,0
428,0
255,0
259,0
280,0
262,0
330,0
482,0
738,0
923,0
989,0
888,0
857,0
847,0
835,0
847,0
806,0
820,0
878,0
1021,0
1087,0
857,0
888,0
723,0
615,0
408,0
343,0
347,0
389,0
363,0
374,0
380,0
364,0
566,0
596,0
510,0
549,0
518,0
442,0
465,0
475,0
521,0
554,0
652,0
674,0
664,0
606,0
510,0
468,0
287,0
320,0
324,0
342,0
342,0
431,0
848,0
1121,0
1242,0
1241,0
1288,0
1338,0
1362,0
1437,0
1342,0
1421,0
1409,0
1489,0
1446,0
1528,0
1465,0
1394,0
1322,0
1220,0
519,0
538,0
605,0
653,0
631,0
855,0
1274,0
1615,0
1626,0
1561,0
1401,0
1424,0
1419,0
1444,0
1444,0
1427,0
1497,0
1625,0
1568,0
1554,0
1570,0
1270,0
1286,0
1177,0
840,0
726,0
771,0
723,0
582,0
779,0
1235,0
1352,0
1353,0
1307,0
1090,0
980,0
942,0
963,0
1066,0
1141,0
1305,0
1285,0
1254,0
1437,0
1431,0
1308,0
1123,0
1172,0
909,0
1012,0
1036,0
1016,0
872,0
841,0
1005,0
1050,0
951,0
1119,0
929,0
1068,0
798,0
944,0
766,0
767,0
722,0
825,0
804,0
876,0
825,0
865,0
866,0
902,0
562,0
651,0
616,0
660,0
540,0
454,0
970,0
1042,0
1003,0
1069,0
1128,0
1171,0
1052,0
1072,0
972,0
964,0
955,0
897,0
950,0
1063,0
1054,0
1144,0
966,0
999,0
685,0
522,0
485,0
471,0
396,0
304,0
625,0
884,0
886,0
939,0
945,0
972,0
750,0
781,0
709,0
719,0
762,0
785,0
829,0
872,0
838,0
868,0
608,0
566,0
407,0
292,0
287,0
317,0
273,0
317,0
451,0
550,0
499,0
452,0
403,0
476,0
508,0
464,0
392,0
339,0
282,0
386,0
502,0
568,0
503,0
467,0
397,0
268,0
72,0
46,0
71,0
53,0
53,0
78,0
527,0
727,0
745,0
736,0
863,0
775,0
768,0
842,0
782,0
906,0
923,0
834,0
956,0
934,0
865,0
625,0
554,0
540,0
387,0
211,0
162,0
195,0
167,0
279,0
663,0
818,0
873,0
861,0
852,0
690,0
683,0
758,0
767,0
853,0
850,0
919,0
831,0
837,0
875,0
691,0
626,0
647,0
385,0
236,0
172,0
182,0
161,0
144,0
701,0
933,0
999,0
1062,0
995,0
838,0
760,0
784,0
759,0
782,0
909,0
902,0
1028,0
1025,0
972,0
793,0
678,0
629,0
409,0
294,0
313,0
268,0
154,0
155,0
484,0
664,0
797,0
801,0
816,0
798,0
711,0
672,0
623,0
614,0
655,0
642,0
772,0
856,0
722,0
608,0
378,0
401,0
169,0
235,0
265,0
243,0
178,0
214,0
365,0
909,0
925,0
955,0
847,0
841,0
825,0
924,0
901,0
1013,0
913,0
808,0
907,0
913,0
899,0
960,0
681,0
589,0
224,0
233,0
305,0
339,0
322,0
296,0
541,0
634,0
730,0
727,0
836,0
702,0
558,0
703,0
722,0
640,0
596,0
496,0
769,0
759,0
831,0
738,0
689,0
721,0
340,0
387,0
0,0
400,0
388,0
436,0
493,0
363,0
411,0
279,0
210,0
191,0
106,0
101,0
90,0
147,0
239,0
265,0
399,0
514,0
564,0
529,0
462,0
504,0
487,0
555,0
640,0
712,0
730,0
467,0
509,0
258,0
371,0
296,0
294,0
297,0
268,0
334,0
313,0
289,0
354,0
346,0
407,0
341,0
418,0
258,0
218,0
252,0
76,0
121,0
260,0
406,0
340,0
180,0
442,0
621,0
666,0
649,0
644,0
685,0
491,0
461,0
409,0
447,0
313,0
448,0
493,0
594,0
565,0
565,0
332,0
311,0
321,0
122,0
51,0
24,0
68,0
183,0
421,0
730,0
772,0
745,0
607,0
595,0
582,0
657,0
677,0
591,0
563,0
614,0
670,0
807,0
856,0
681,0
520,0
570,0
579,0
474,0
373,0
329,0
427,0
523,0
557,0
856,0
817,0
805,0
687,0
676,0
649,0
648,0
602,0
609,0
578,0
627,0
654,0
798,0
749,0
632,0
615,0
442,0
426,0
232,0
69,0
41,0
78,0
134,0
496,0
858,0
949,0
955,0
896,0
821,0
809,0
693,0
683,0
669,0
523,0
578,0
570,0
752,0
761,0
656,0
446,0
406,0
319,0
131,0
58,0
40,0
59,0
89,0
326,0
491,0
596,0
554,0
531,0
499,0
438,0
462,0
428,0
506,0
530,0
536,0
569,0
674,0
677,0
546,0
390,0
300,0
414,0
352,0
311,0
227,0
226,0
235,0
301,0
356,0
469,0
423,0
419,0
340,0
320,0
253,0
280,0
337,0
379,0
477,0
683,0
1086,0
1010,0
876,0
686,0
482,0
213,0
155,0
196,0
228,0
236,0
304,0
418,0
789,0
760,0
717,0
647,0
671,0
679,0
563,0
550,0
540,0
420,0
574,0
738,0
990,0
866,0
674,0
473,0
405,0
158,0
133,0
199,0
222,0
234,0
179,0
304,0
425,0
484,0
434,0
422,0
286,0
310,0
319,0
292,0
257,0
289,0
368,0
422,0
502,0
484,0
505,0
430,0
314,0
262,0
237,0
171,0
207,0
219,0
365,0
456,0
520,0
476,0
473,0
297,0
228,0
312,0
318,0
268,0
219,0
268,0
404,0
559,0
678,0
711,0
541,0
544,0
331,0
234,0
220,0
184,0
191,0
234,0
299,0
383,0
621,0
632,0
599,0
404,0
378,0
435,0
397,0
346,0
262,0
385,0
421,0
705,0
934,0
885,0
763,0
650,0
421,0
368,0
234,0
247,0
268,0
266,0
397,0
521,0
796,0
601,0
598,0
645,0
560,0
696,0
606,0
553,0
461,0
506,0
559,0
664,0
723,0
714,0
677,0
562,0
324,0
214,0
124,0
104,0
86,0
96,0
134,0
193,0
388,0
509,0
600,0
567,0
498,0
398,0
450,0
340,0
300,0
337,0
339,0
437,0
690,0
664,0
530,0
260,0
139,0
48,0
9,0
6,0
4,0
3,0
44,0
9,0
21,0
74,0
140,0
160,0
130,0
143,0
140,0
130,0
159,0
150,0
151,0
199,0
303,0
305,0
267,0
188,0
91,0
21,0
86,0
137,0
150,0
45,0
24,0
189,0
264,0
363,0
356,0
337,0
321,0
362,0
378,0
335,0
322,0
307,0
356,0
416,0
568,0
556,0
375,0
227,0
153,0
91,0
171,0
253,0
229,0
228,0
152,0
341,0
378,0
440,0
393,0
254,0
238,0
217,0
150,0
185,0
191,0
203,0
267,0
299,0
404,0
390,0
254,0
227,0
128,0
149,0
90,0
45,0
57,0
113,0
134,0
225,0
519,0
491,0
407,0
307,0
270,0
371,0
292,0
332,0
288,0
323,0
419,0
524,0
692,0
694,0
563,0
386,0
242,0
168,0
124,0
92,0
173,0
120,0
113,0
286,0
438,0
459,0
465,0
308,0
256,0
262,0
276,0
222,0
233,0
319,0
362,0
504,0
625,0
663,0
590,0
402,0
251,0
139,0
63,0
58,0
44,0
44,0
83,0
169,0
399,0
456,0
385,0
343,0
259,0
291,0
263,0
274,0
284,0
330,0
331,0
431,0
597,0
543,0
377,0
233,0
118,0
124,0
55,0
33,0
28,0
25,0
28,0
160,0
361,0
277,0
233,0
228,0
203,0
230,0
222,0
266,0
279,0
311,0
400,0
466,0
795,0
809,0
685,0
456,0
301,0
209,0
153,0
172,0
163,0
146,0
134,0
267,0
367,0
337,0
296,0
326,0
324,0
325,0
220,0
219,0
237,0
334,0
530,0
541,0
601,0
606,0
473,0
340,0
232,0
226,0
236,0
127,0
151,0
206,0
291,0
502,0
791,0
914,0
928,0
851,0
813,0
829,0
859,0
833,0
806,0
776,0
843,0
848,0
929,0
800,0
693,0
601,0
418,0
568,0
407,0
372,0
301,0
265,0
376,0
468,0
639,0
614,0
597,0
491,0
351,0
376,0
320,0
331,0
275,0
241,0
307,0
376,0
507,0
513,0
377,0
191,0
133,0
96,0
116,0
72,0
92,0
141,0
142,0
422,0
565,0
577,0
555,0
484,0
263,0
195,0
136,0
154,0
176,0
171,0
272,0
413,0
576,0
561,0
485,0
363,0
252,0
247,0
143,0
120,0
138,0
158,0
196,0
387,0
698,0
904,0
764,0
566,0
457,0
482,0
470,0
413,0
356,0
430,0
398,0
471,0
620,0
665,0
590,0
460,0
328,0
271,0
188,0
146,0
114,0
119,0
160,0
557,0
658,0
760,0
644,0
571,0
387,0
362,0
368,0
411,0
367,0
408,0
606,0
665,0
834,0
748,0
770,0
612,0
427,0
178,0
219,0
312,0
271,0
252,0
295,0
159,0
98,0
138,0
147,0
249,0
225,0
192,0
237,0
247,0
235,0
321,0
196,0
256,0
384,0
310,0
263,0
207,0
146,0
162,0
163,0
207,0
221,0
198,0
171,0
167,0
73,0
81,0
74,0
80,0
51,0
117,0
121,0
183,0
103,0
39,0
86,0
205,0
304,0
298,0
296,0
242,0
264,0
207,0
186,0
192,0
237,0
270,0
323,0
349,0
376,0
545,0
516,0
356,0
385,0
342,0
362,0
367,0
343,0
335,0
368,0
486,0
566,0
595,0
536,0
319,0
235,0
185,0
181,0
148,0
147,0
201,0
131,0
293,0
541,0
568,0
479,0
363,0
223,0
179,0
132,0
118,0
157,0
170,0
170,0
186,0
390,0
426,0
286,0
206,0
296,0
98,0
164,0
227,0
251,0
318,0
344,0
374,0
310,0
272,0
179,0
106,0
77,0
31,0
68,0
100,0
101,0
61,0
59,0
167,0
189,0
262,0
231,0
241,0
157,0
180,0
135,0
114,0
125,0
147,0
207,0
218,0
437,0
482,0
452,0
339,0
253,0
315,0
271,0
289,0
289,0
298,0
275,0
356,0
564,0
636,0
467,0
411,0
287,0
143,0
138,0
174,0
181,0
194,0
161,0
265,0
579,0
697,0
786,0
782,0
677,0
766,0
590,0
462,0
457,0
502,0
484,0
605,0
931,0
1031,0
983,0
916,0
569,0
386,0
320,0
335,0
340,0
333,0
333,0
304,0
689,0
807,0
882,0
862,0
757,0
550,0
488,0
403,0
394,0
438,0
385,0
408,0
534,0
581,0
399,0
219,0
210,0
197,0
228,0
273,0
273,0
262,0
300,0
213,0
107,0
109,0
163,0
184,0
181,0
168,0
89,0
70,0
96,0
188,0
174,0
195,0
322,0
404,0
366,0
371,0
154,0
243,0
350,0
248,0
275,0
251,0
180,0
421,0
723,0
776,0
769,0
639,0
575,0
557,0
418,0
353,0
380,0
400,0
489,0
639,0
857,0
901,0
837,0
401,0
374,0
401,0
402,0
377,0
402,0
449,0
457,0
651,0
703,0
696,0
650,0
615,0
417,0
451,0
410,0
463,0
467,0
419,0
414,0
463,0
653,0
618,0
585,0
406,0
318,0
255,0
298,0
315,0
300,0
313,0
235,0
407,0
672,0
683,0
646,0
579,0
445,0
380,0
386,0
354,0
379,0
378,0
508,0
669,0
833,0
951,0
784,0
747,0
384,0
405,0
320,0
320,0
384,0
407,0
522,0
564,0
1164,0
1294,0
1263,0
1215,0
1149,0
1259,0
1188,0
1056,0
1047,0
982,0
995,0
847,0
987,0
866,0
718,0
504,0
323,0
357,0
326,0
264,0
168,0
167,0
229,0
229,0
602,0
603,0
572,0
458,0
350,0
353,0
321,0
262,0
329,0
377,0
361,0
409,0
620,0
660,0
607,0
564,0
464,0
293,0
237,0
211,0
183,0
153,0
102,0
140,0
143,0
299,0
304,0
363,0
222,0
277,0
170,0
172,0
160,0
241,0
231,0
254,0
479,0
539,0
372,0
357,0
283,0
403,0
421,0
342,0
252,0
180,0
141,0
95,0
95,0
225,0
289,0
316,0
342,0
208,0
246,0
221,0
316,0
484,0
488,0
480,0
502,0
584,0
598,0
406,0
521,0
302,0
244,0
237,0
224,0
215,0
241,0
547,0
624,0
642,0
540,0
480,0
442,0
463,0
417,0
445,0
461,0
491,0
459,0
529,0
633,0
642,0
602,0
521,0
310,0
292,0
307,0
318,0
260,0
230,0
293,0
467,0
565,0
571,0
571,0
555,0
494,0
491,0
521,0
501,0
484,0
524,0
519,0
644,0
745,0
690,0
655,0
536,0
271,0
218,0
210,0
216,0
230,0
276,0
277,0
451,0
491,0
556,0
561,0
507,0
473,0
435,0
406,0
425,0
401,0
388,0
401,0
438,0
592,0
565,0
507,0
400,0
261,0
160,0
113,0
126,0
147,0
141,0
178,0
407,0
592,0
545,0
524,0
481,0
405,0
418,0
319,0
286,0
246,0
320,0
390,0
568,0
632,0
619,0
504,0
522,0
442,0
226,0
202,0
212,0
189,0
112,0
201,0
304,0
649,0
625,0
502,0
458,0
365,0
464,0
328,0
269,0
221,0
174,0
214,0
489,0
557,0
487,0
423,0
283,0
184,0
273,0
303,0
170,0
231,0
251,0
284,0
295,0
445,0
419,0
452,0
518,0
398,0
333,0
270,0
263,0
295,0
399,0
487,0
583,0
703,0
788,0
570,0
418,0
257,0
173,0
164,0
103,0
58,0
88,0
97,0
199,0
215,0
287,0
346,0
355,0
328,0
256,0
97,0
52,0
111,0
301,0
456,0
715,0
932,0
1064,0
921,0
751,0
409,0
106,0
112,0
113,0
92,0
76,0
125,0
396,0
667,0
794,0
730,0
784,0
698,0
680,0
611,0
622,0
625,0
620,0
687,0
886,0
909,0
922,0
833,0
704,0
656,0
408,0
361,0
318,0
329,0
332,0
516,0
636,0
858,0
1032,0
1002,0
1085,0
862,0
872,0
803,0
562,0
652,0
720,0
907,0
1039,0
1086,0
1126,0
1001,0
900,0
696,0
595,0
441,0
417,0
416,0
368,0
472,0
610,0
967,0
951,0
895,0
903,0
814,0
782,0
683,0
585,0
541,0
611,0
791,0
937,0
986,0
994,0
816,0
666,0
491,0
412,0
366,0
372,0
392,0
411,0
357,0
531,0
887,0
832,0
804,0
754,0
687,0
675,0
695,0
634,0
539,0
551,0
672,0
925,0
952,0
921,0
779,0
677,0
528,0
502,0
436,0
410,0
417,0
398,0
447,0
768,0
1044,0
1091,0
1017,0
1049,0
989,0
905,0
838,0
865,0
768,0
819,0
909,0
1066,0
1112,0
1134,0
909,0
774,0
632,0
357,0
259,0
254,0
252,0
293,0
292,0
354,0
754,0
681,0
633,0
672,0
660,0
470,0
431,0
445,0
483,0
470,0
515,0
750,0
745,0
707,0
613,0
627,0
423,0
249,0
205,0
239,0
257,0
319,0
285,0
301,0
238,0
303,0
250,0
281,0
217,0
183,0
282,0
288,0
362,0
421,0
500,0
574,0
832,0
854,0
652,0
584,0
496,0
511,0
513,0
579,0
512,0
439,0
317,0
263,0
461,0
493,0
524,0
489,0
394,0
390,0
330,0
339,0
289,0
307,0
324,0
545,0
572,0
514,0
529,0
493,0
342,0
294,0
248,0
248,0
256,0
305,0
301,0
627,0
772,0
813,0
866,0
862,0
813,0
684,0
540,0
547,0
508,0
478,0
473,0
622,0
770,0
729,0
643,0
490,0
320,0
254,0
248,0
260,0
290,0
320,0
287,0
536,0
697,0
683,0
678,0
692,0
718,0
675,0
555,0
495,0
535,0
589,0
557,0
685,0
797,0
819,0
628,0
450,0
490,0
536,0
525,0
556,0
550,0
477,0
568,0
403,0
616,0
651,0
648,0
556,0
623,0
666,0
694,0
759,0
781,0
811,0
834,0
840,0
959,0
910,0
762,0
604,0
593,0
635,0
553,0
593,0
556,0
435,0
460,0
573,0
714,0
799,0
805,0
792,0
717,0
745,0
792,0
746,0
802,0
850,0
850,0
930,0
1053,0
1008,0
1001,0
994,0
795,0
574,0
559,0
577,0
607,0
665,0
645,0
730,0
777,0
815,0
766,0
735,0
742,0
734,0
650,0
636,0
649,0
680,0
676,0
700,0
790,0
731,0
669,0
718,0
655,0
483,0
487,0
503,0
377,0
391,0
397,0
525,0
581,0
589,0
598,0
651,0
671,0
718,0
721,0
704,0
722,0
820,0
814,0
791,0
816,0
771,0
721,0
608,0
553,0
474,0
444,0
433,0
393,0
423,0
585,0
606,0
599,0
651,0
646,0
639,0
621,0
656,0
646,0
689,0
368,0
726,0
1139,0
784,0
800,0
801,0
792,0
651,0
646,0
488,0
507,0
516,0
531,0
529,0
494,0
596,0
622,0
695,0
682,0
692,0
733,0
711,0
726,0
754,0
756,0
780,0
797,0
881,0
830,0
805,0
772,0
572,0
512,0
376,0
415,0
484,0
469,0
491,0
402,0
433,0
536,0
578,0
567,0
568,0
613,0
589,0
378,0
667,0
640,0
644,0
683,0
706,0
670,0
595,0
444,0
457,0
400,0
395,0
527,0
534,0
559,0
538,0
462,0
531,0
665,0
662,0
648,0
668,0
674,0
572,0
527,0
534,0
550,0
603,0
660,0
735,0
795,0
756,0
767,0
567,0
473,0
368,0
431,0
483,0
440,0
426,0
328,0
396,0
609,0
643,0
612,0
570,0
612,0
575,0
574,0
579,0
564,0
599,0
637,0
578,0
557,0
542,0
503,0
420,0
381,0
251,0
124,0
86,0
76,0
68,0
63,0
83,0
260,0
298,0
302,0
329,0
285,0
234,0
229,0
222,0
202,0
274,0
285,0
352,0
389,0
474,0
418,0
348,0
217,0
160,0
157,0
179,0
78,0
86,0
106,0
41,0
61,0
161,0
191,0
189,0
237,0
186,0
173,0
162,0
160,0
165,0
205,0
169,0
348,0
411,0
388,0
318,0
148,0
339,0
263,0
295,0
369,0
426,0
473,0
576,0
469,0
465,0
476,0
435,0
496,0
480,0
380,0
377,0
452,0
478,0
469,0
492,0
536,0
474,0
454,0
543,0
491,0
351,0
458,0
528,0
529,0
596,0
559,0
611,0
844,0
765,0
668,0
663,0
712,0
608,0
592,0
610,0
576,0
599,0
723,0
848,0
929,0
931,0
828,0
590,0
525,0
466,0
614,0
744,0
775,0
794,0
716,0
548,0
802,0
794,0
728,0
673,0
676,0
595,0
600,0
622,0
663,0
681,0
720,0
779,0
903,0
877,0
772,0
579,0
496,0
295,0
328,0
376,0
410,0
524,0
588,0
676,0
690,0
730,0
697,0
637,0
573,0
546,0
526,0
531,0
493,0
582,0
604,0
646,0
718,0
830,0
621,0
531,0
446,0
440,0
553,0
648,0
754,0
750,0
676,0
612,0
617,0
658,0
676,0
641,0
667,0
547,0
559,0
581,0
612,0
602,0
587,0
675,0
807,0
781,0
676,0
420,0
362,0
278,0
348,0
498,0
477,0
600,0
579,0
459,0
402,0
389,0
410,0
435,0
394,0
363,0
333,0
319,0
300,0
296,0
376,0
424,0
483,0
391,0
408,0
357,0
113,0
275,0
199,0
391,0
385,0
460,0
514,0
477,0
301,0
436,0
366,0
336,0
343,0
286,0
258,0
265,0
305,0
256,0
279,0
457,0
435,0
398,0
295,0
277,0
303,0
543,0
594,0
705,0
755,0
763,0
768,0
527,0
652,0
662,0
629,0
570,0
599,0
611,0
611,0
668,0
696,0
704,0
771,0
817,0
929,0
887,0
784,0
626,0
496,0
490,0
591,0
650,0
762,0
772,0
582,0
551,0
661,0
778,0
739,0
712,0
704,0
581,0
550,0
581,0
638,0
812,0
778,0
813,0
850,0
817,0
707,0
514,0
428,0
485,0
592,0
622,0
616,0
668,0
588,0
515,0
521,0
690,0
638,0
672,0
597,0
546,0
617,0
617,0
711,0
618,0
672,0
687,0
852,0
855,0
676,0
346,0
287,0
460,0
569,0
659,0
717,0
746,0
589,0
402,0
470,0
578,0
542,0
565,0
514,0
530,0
618,0
565,0
526,0
507,0
557,0
637,0
623,0
665,0
542,0
269,0
285,0
306,0
206,0
240,0
306,0
285,0
217,0
263,0
331,0
493,0
720,0
609,0
598,0
564,0
657,0
576,0
614,0
616,0
653,0
559,0
631,0
594,0
505,0
329,0
276,0
343,0
374,0
486,0
477,0
500,0
429,0
368,0
251,0
303,0
341,0
361,0
328,0
368,0
404,0
423,0
442,0
500,0
439,0
522,0
562,0
537,0
435,0
330,0
265,0
218,0
155,0
133,0
100,0
169,0
136,0
123,0
156,0
220,0
221,0
266,0
274,0
275,0
298,0
330,0
326,0
313,0
277,0
304,0
330,0
407,0
348,0
308,0
278,0
203,0
179,0
154,0
176,0
281,0
220,0
219,0
441,0
465,0
507,0
542,0
513,0
519,0
512,0
512,0
516,0
438,0
448,0
452,0
505,0
560,0
448,0
280,0
285,0
357,0
427,0
480,0
523,0
544,0
418,0
243,0
345,0
360,0
341,0
333,0
283,0
257,0
297,0
226,0
326,0
397,0
454,0
466,0
461,0
502,0
465,0
294,0
347,0
465,0
511,0
551,0
674,0
698,0
643,0
527,0
488,0
561,0
573,0
608,0
703,0
654,0
777,0
784,0
697,0
662,0
769,0
780,0
834,0
895,0
919,0
607,0
427,0
434,0
445,0
466,0
480,0
413,0
445,0
447,0
513,0
695,0
689,0
774,0
835,0
855,0
806,0
724,0
695,0
724,0
732,0
767,0
810,0
841,0
815,0
535,0
344,0
544,0
659,0
660,0
664,0
744,0
696,0
612,0
480,0
632,0
599,0
570,0
667,0
633,0
634,0
576,0
571,0
584,0
550,0
707,0
781,0
861,0
719,0
483,0
369,0
299,0
415,0
452,0
485,0
560,0
541,0
402,0
311,0
510,0
491,0
443,0
436,0
277,0
287,0
304,0
328,0
298,0
324,0
485,0
531,0
528,0
469,0
449,0
330,0
343,0
418,0
278,0
254,0
309,0
340,0
226,0
140,0
264,0
221,0
235,0
322,0
404,0
380,0
359,0
338,0
303,0
338,0
369,0
440,0
523,0
398,0
318,0
362,0
177,0
185,0
288,0
306,0
349,0
251,0
458,0
441,0
627,0
569,0
587,0
629,0
620,0
645,0
685,0
709,0
712,0
667,0
688,0
747,0
833,0
862,0
688,0
556,0
385,0
397,0
358,0
370,0
427,0
382,0
480,0
713,0
1024,0
896,0
916,0
519,0
711,0
606,0
785,0
887,0
919,0
928,0
888,0
878,0
828,0
734,0
570,0
566,0
458,0
476,0
402,0
432,0
532,0
463,0
600,0
583,0
783,0
802,0
784,0
784,0
837,0
843,0
815,0
813,0
821,0
882,0
892,0
816,0
817,0
768,0
595,0
419,0
241,0
174,0
195,0
176,0
245,0
181,0
444,0
690,0
717,0
724,0
778,0
798,0
870,0
827,0
815,0
754,0
756,0
721,0
757,0
821,0
859,0
900,0
580,0
395,0
369,0
202,0
209,0
212,0
178,0
199,0
337,0
436,0
577,0
647,0
638,0
635,0
581,0
600,0
629,0
585,0
644,0
685,0
756,0
810,0
819,0
716,0
393,0
367,0
320,0
333,0
179,0
162,0
201,0
214,0
263,0
413,0
495,0
535,0
518,0
500,0
499,0
535,0
562,0
611,0
642,0
641,0
653,0
664,0
639,0
727,0
499,0
403,0
308,0
302,0
197,0
186,0
215,0
300,0
235,0
294,0
349,0
318,0
399,0
453,0
436,0
332,0
396,0
426,0
496,0
555,0
575,0
562,0
445,0
440,0
407,0
273,0
322,0
167,0
201,0
200,0
238,0
196,0
390,0
444,0
584,0
554,0
580,0
600,0
657,0
634,0
620,0
650,0
683,0
726,0
726,0
734,0
680,0
624,0
551,0
373,0
478,0
412,0
435,0
447,0
450,0
449,0
355,0
496,0
504,0
490,0
495,0
489,0
510,0
453,0
454,0
576,0
617,0
643,0
746,0
765,0
730,0
655,0
497,0
453,0
625,0
579,0
584,0
584,0
593,0
562,0
492,0
598,0
676,0
678,0
639,0
656,0
620,0
626,0
594,0
634,0
655,0
697,0
740,0
752,0
798,0
736,0
594,0
595,0
492,0
522,0
555,0
547,0
537,0
511,0
481,0
640,0
731,0
707,0
671,0
626,0
591,0
588,0
561,0
674,0
684,0
699,0
726,0
767,0
817,0
717,0
535,0
510,0
452,0
465,0
507,0
352,0
331,0
333,0
271,0
320,0
461,0
449,0
456,0
474,0
519,0
563,0
500,0
607,0
576,0
545,0
551,0
671,0
665,0
707,0
597,0
477,0
403,0
456,0
423,0
409,0
400,0
424,0
439,0
375,0
423,0
456,0
462,0
455,0
516,0
494,0
460,0
430,0
391,0
401,0
454,0
471,0
568,0
579,0
401,0
400,0
415,0
378,0
340,0
297,0
247,0
273,0
425,0
444,0
475,0
426,0
499,0
515,0
481,0
490,0
452,0
550,0
607,0
690,0
683,0
631,0
604,0
526,0
508,0
462,0
499,0
440,0
436,0
449,0
360,0
392,0
461,0
512,0
662,0
635,0
678,0
733,0
718,0
713,0
702,0
669,0
720,0
732,0
670,0
682,0
760,0
691,0
582,0
505,0
504,0
539,0
528,0
562,0
597,0
580,0
654,0
680,0
732,0
716,0
735,0
746,0
709,0
706,0
683,0
701,0
741,0
754,0
760,0
799,0
829,0
804,0
653,0
569,0
559,0
604,0
620,0
619,0
650,0
633,0
586,0
606,0
343,0
715,0
738,0
747,0
722,0
776,0
753,0
761,0
739,0
719,0
742,0
777,0
742,0
655,0
573,0
480,0
500,0
540,0
547,0
536,0
582,0
570,0
490,0
508,0
653,0
650,0
634,0
666,0
669,0
655,0
659,0
663,0
686,0
726,0
754,0
794,0
652,0
565,0
506,0
450,0
555,0
571,0
624,0
623,0
517,0
541,0
521,0
587,0
753,0
748,0
728,0
739,0
747,0
758,0
742,0
760,0
785,0
752,0
786,0
792,0
702,0
610,0
500,0
488,0
481,0
504,0
535,0
526,0
546,0
561,0
576,0
608,0
700,0
746,0
702,0
694,0
700,0
562,0
529,0
487,0
591,0
582,0
625,0
738,0
788,0
725,0
632,0
560,0
478,0
470,0
483,0
432,0
336,0
356,0
312,0
517,0
562,0
574,0
573,0
576,0
525,0
462,0
484,0
442,0
528,0
620,0
697,0
825,0
755,0
727,0
680,0
470,0
516,0
534,0
541,0
589,0
551,0
552,0
564,0
574,0
686,0
707,0
670,0
694,0
647,0
636,0
446,0
622,0
749,0
779,0
780,0
863,0
731,0
715,0
573,0
501,0
409,0
400,0
402,0
405,0
425,0
408,0
358,0
493,0
550,0
579,0
544,0
519,0
522,0
512,0
495,0
413,0
508,0
539,0
619,0
657,0
636,0
516,0
439,0
343,0
311,0
344,0
364,0
382,0
401,0
398,0
347,0
402,0
443,0
511,0
554,0
588,0
484,0
435,0
424,0
528,0
623,0
657,0
666,0
678,0
601,0
568,0
494,0
309,0
319,0
390,0
404,0
427,0
420,0
401,0
408,0
394,0
601,0
622,0
650,0
670,0
648,0
646,0
704,0
712,0
817,0
789,0
771,0
742,0
763,0
724,0
526,0
384,0
328,0
352,0
394,0
373,0
363,0
421,0
387,0
398,0
513,0
533,0
538,0
556,0
589,0
554,0
505,0
605,0
627,0
634,0
691,0
735,0
641,0
619,0
506,0
374,0
343,0
388,0
328,0
360,0
305,0
289,0
396,0
510,0
558,0
504,0
478,0
440,0
467,0
437,0
443,0
451,0
445,0
504,0
577,0
539,0
525,0
484,0
427,0
386,0
642,0
548,0
464,0
459,0
442,0
377,0
366,0
601,0
624,0
599,0
720,0
624,0
618,0
727,0
860,0
883,0
905,0
848,0
818,0
805,0
716,0
649,0
671,0
707,0
580,0
419,0
345,0
344,0
335,0
379,0
532,0
592,0
268,0
750,0
760,0
676,0
660,0
674,0
680,0
646,0
689,0
696,0
681,0
707,0
742,0
737,0
587,0
457,0
649,0
757,0
669,0
569,0
624,0
646,0
610,0
698,0
822,0
805,0
823,0
814,0
717,0
715,0
681,0
701,0
751,0
778,0
853,0
935,0
866,0
814,0
545,0
453,0
474,0
549,0
430,0
410,0
414,0
492,0
509,0
547,0
616,0
661,0
738,0
692,0
697,0
624,0
593,0
553,0
552,0
615,0
675,0
664,0
752,0
669,0
561,0
466,0
491,0
614,0
467,0
417,0
418,0
508,0
528,0
595,0
691,0
668,0
690,0
674,0
690,0
720,0
711,0
730,0
732,0
770,0
786,0
807,0
851,0
847,0
626,0
555,0
542,0
473,0
545,0
557,0
445,0
432,0
537,0
588,0
666,0
652,0
639,0
653,0
650,0
652,0
643,0
641,0
653,0
648,0
615,0
654,0
713,0
711,0
567,0
465,0
601,0
642,0
608,0
642,0
595,0
558,0
604,0
589,0
606,0
607,0
627,0
584,0
552,0
508,0
543,0
588,0
561,0
680,0
716,0
803,0
861,0
849,0
642,0
593,0
395,0
425,0
450,0
476,0
485,0
487,0
434,0
388,0
589,0
561,0
608,0
520,0
536,0
457,0
504,0
588,0
667,0
696,0
792,0
814,0
921,0
928,0
742,0
704,0
658,0
607,0
514,0
475,0
503,0
508,0
533,0
576,0
651,0
658,0
646,0
618,0
607,0
589,0
587,0
603,0
602,0
593,0
615,0
618,0
696,0
689,0
582,0
493,0
499,0
602,0
592,0
571,0
612,0
542,0
552,0
678,0
811,0
788,0
778,0
794,0
723,0
748,0
699,0
701,0
708,0
673,0
770,0
861,0
759,0
687,0
673,0
575,0
529,0
559,0
610,0
608,0
585,0
597,0
589,0
704,0
666,0
663,0
691,0
739,0
735,0
714,0
683,0
644,0
688,0
707,0
716,0
765,0
859,0
806,0
786,0
674,0
535,0
559,0
620,0
591,0
619,0
668,0
682,0
677,0
749,0
716,0
709,0
732,0
894,0
750,0
730,0
809,0
763,0
723,0
762,0
870,0
927,0
848,0
729,0
699,0
620,0
668,0
641,0
673,0
717,0
725,0
721,0
695,0
762,0
794,0
731,0
687,0
691,0
667,0
650,0
763,0
778,0
819,0
843,0
902,0
1004,0
879,0
762,0
798,0
622,0
694,0
557,0
572,0
544,0
453,0
544,0
435,0
430,0
485,0
522,0
515,0
460,0
483,0
433,0
469,0
440,0
477,0
546,0
663,0
822,0
641,0
483,0
485,0
401,0
498,0
567,0
474,0
499,0
559,0
583,0
650,0
617,0
579,0
497,0
528,0
465,0
518,0
460,0
516,0
604,0
650,0
710,0
880,0
872,0
852,0
764,0
605,0
521,0
522,0
499,0
533,0
526,0
474,0
563,0
515,0
561,0
606,0
585,0
628,0
656,0
638,0
621,0
615,0
621,0
644,0
675,0
696,0
767,0
604,0
462,0
406,0
621,0
671,0
591,0
541,0
499,0
580,0
690,0
596,0
552,0
596,0
183,0
548,0
424,0
417,0
416,0
460,0
453,0
488,0
486,0
523,0
562,0
598,0
576,0
522,0
566,0
606,0
604,0
641,0
636,0
589,0
683,0
682,0
741,0
700,0
774,0
715,0
711,0
661,0
630,0
635,0
668,0
680,0
773,0
820,0
758,0
664,0
747,0
698,0
858,0
821,0
771,0
720,0
655,0
585,0
618,0
697,0
765,0
765,0
857,0
785,0
796,0
738,0
755,0
731,0
755,0
781,0
703,0
739,0
717,0
624,0
680,0
493,0
529,0
533,0
518,0
539,0
556,0
649,0
680,0
629,0
727,0
763,0
702,0
666,0
679,0
676,0
649,0
684,0
698,0
711,0
706,0
698,0
752,0
627,0
716,0
577,0
702,0
593,0
569,0
550,0
523,0
534,0
636,0
591,0
529,0
500,0
501,0
454,0
450,0
461,0
466,0
553,0
556,0
595,0
654,0
687,0
826,0
702,0
546,0
458,0
608,0
638,0
428,0
410,0
419,0
388,0
463,0
366,0
367,0
334,0
292,0
302,0
311,0
417,0
463,0
443,0
443,0
478,0
546,0
609,0
581,0
498,0
497,0
340,0
460,0
520,0
481,0
470,0
499,0
524,0
489,0
520,0
549,0
629,0
653,0
521,0
624,0
611,0
572,0
617,0
654,0
637,0
660,0
753,0
676,0
629,0
485,0
393,0
474,0
542,0
493,0
456,0
415,0
471,0
429,0
454,0
546,0
592,0
589,0
581,0
588,0
589,0
603,0
597,0
618,0
672,0
650,0
723,0
600,0
604,0
445,0
385,0
526,0
570,0
452,0
434,0
419,0
466,0
458,0
634,0
765,0
758,0
704,0
719,0
743,0
752,0
725,0
686,0
795,0
749,0
785,0
919,0
839,0
889,0
692,0
509,0
459,0
480,0
428,0
439,0
455,0
476,0
471,0
764,0
792,0
808,0
808,0
808,0
843,0
863,0
832,0
825,0
812,0
834,0
885,0
938,0
884,0
789,0
663,0
502,0
403,0
450,0
469,0
493,0
463,0
410,0
468,0
587,0
753,0
767,0
791,0
816,0
805,0
820,0
821,0
768,0
821,0
822,0
867,0
879,0
788,0
785,0
605,0
451,0
529,0
590,0
494,0
444,0
430,0
433,0
526,0
586,0
623,0
630,0
575,0
572,0
485,0
500,0
495,0
554,0
623,0
688,0
792,0
861,0
798,0
791,0
580,0
489,0
611,0
572,0
410,0
435,0
442,0
458,0
442,0
361,0
463,0
425,0
470,0
432,0
432,0
423,0
460,0
553,0
579,0
814,0
913,0
960,0
873,0
789,0
722,0
644,0
754,0
674,0
538,0
519,0
592,0
665,0
489,0
714,0
736,0
724,0
728,0
716,0
743,0
746,0
707,0
772,0
783,0
855,0
883,0
929,0
925,0
960,0
939,0
650,0
575,0
574,0
702,0
700,0
709,0
588,0
578,0
767,0
786,0
793,0
785,0
836,0
856,0
931,0
935,0
894,0
898,0
972,0
974,0
995,0
981,0
978,0
722,0
550,0
458,0
472,0
434,0
424,0
423,0
409,0
695,0
872,0
876,0
876,0
870,0
862,0
812,0
828,0
802,0
818,0
785,0
894,0
884,0
802,0
869,0
908,0
751,0
674,0
650,0
604,0
476,0
470,0
434,0
599,0
721,0
1014,0
915,0
858,0
868,0
885,0
976,0
990,0
955,0
948,0
941,0
904,0
903,0
904,0
986,0
946,0
716,0
624,0
551,0
492,0
426,0
433,0
386,0
486,0
602,0
858,0
919,0
880,0
879,0
982,0
1042,0
1093,0
1051,0
1044,0
1054,0
1088,0
1097,0
1026,0
1113,0
1036,0
842,0
775,0
610,0
598,0
564,0
519,0
520,0
518,0
693,0
832,0
846,0
876,0
828,0
889,0
914,0
930,0
923,0
836,0
960,0
999,0
1084,0
1199,0
1147,0
1104,0
813,0
701,0
559,0
551,0
547,0
536,0
553,0
526,0
567,0
503,0
545,0
566,0
615,0
682,0
674,0
572,0
543,0
549,0
676,0
766,0
868,0
875,0
823,0
835,0
767,0
674,0
700,0
644,0
553,0
589,0
596,0
619,0
681,0
771,0
836,0
852,0
863,0
910,0
848,0
835,0
832,0
845,0
855,0
928,0
888,0
860,0
845,0
762,0
616,0
569,0
615,0
559,0
569,0
573,0
616,0
593,0
744,0
809,0
845,0
852,0
837,0
806,0
713,0
645,0
695,0
714,0
749,0
516,0
831,0
911,0
877,0
791,0
718,0
619,0
618,0
595,0
571,0
589,0
598,0
558,0
655,0
580,0
662,0
668,0
618,0
622,0
610,0
639,0
674,0
682,0
708,0
744,0
880,0
909,0
873,0
860,0
635,0
525,0
539,0
627,0
598,0
599,0
687,0
634,0
538,0
695,0
747,0
744,0
675,0
658,0
627,0
624,0
594,0
612,0
689,0
732,0
781,0
815,0
793,0
780,0
619,0
533,0
607,0
606,0
694,0
684,0
673,0
585,0
599,0
711,0
763,0
778,0
767,0
694,0
686,0
699,0
703,0
700,0
721,0
763,0
849,0
874,0
833,0
795,0
634,0
514,0
556,0
665,0
600,0
482,0
475,0
425,0
540,0
505,0
526,0
550,0
561,0
532,0
488,0
488,0
476,0
532,0
651,0
680,0
684,0
636,0
488,0
653,0
530,0
498,0
580,0
492,0
357,0
315,0
309,0
285,0
296,0
488,0
530,0
560,0
514,0
434,0
493,0
588,0
634,0
740,0
751,0
711,0
688,0
640,0
662,0
704,0
796,0
944,0
804,0
676,0
561,0
539,0
561,0
576,0
490,0
567,0
729,0
780,0
702,0
687,0
163,0
575,0
570,0
501,0
564,0
302,0
726,0
832,0
765,0
616,0
541,0
640,0
592,0
674,0
719,0
668,0
745,0
769,0
585,0
673,0
715,0
698,0
740,0
651,0
656,0
632,0
638,0
617,0
709,0
685,0
716,0
751,0
691,0
559,0
578,0
570,0
649,0
689,0
646,0
597,0
634,0
622,0
692,0
561,0
681,0
718,0
650,0
632,0
565,0
561,0
571,0
582,0
648,0
791,0
793,0
825,0
804,0
674,0
599,0
624,0
622,0
616,0
538,0
525,0
574,0
733,0
782,0
697,0
737,0
728,0
671,0
686,0
682,0
689,0
630,0
648,0
708,0
746,0
778,0
813,0
732,0
559,0
645,0
693,0
700,0
539,0
450,0
463,0
502,0
547,0
484,0
574,0
671,0
627,0
579,0
575,0
667,0
649,0
607,0
615,0
734,0
700,0
708,0
768,0
668,0
651,0
680,0
710,0
763,0
716,0
646,0
621,0
610,0
569,0
641,0
786,0
827,0
803,0
779,0
711,0
701,0
773,0
800,0
784,0
819,0
801,0
829,0
781,0
707,0
685,0
566,0
473,0
388,0
293,0
306,0
314,0
281,0
232,0
234,0
285,0
376,0
407,0
516,0
535,0
579,0
605,0
602,0
673,0
772,0
717,0
722,0
557,0
557,0
522,0
640,0
614,0
562,0
457,0
377,0
389,0
477,0
541,0
508,0
510,0
572,0
545,0
502,0
511,0
481,0
507,0
523,0
521,0
620,0
639,0
648,0
625,0
692,0
573,0
626,0
628,0
614,0
524,0
523,0
516,0
543,0
582,0
446,0
564,0
571,0
554,0
465,0
475,0
458,0
460,0
454,0
482,0
602,0
606,0
627,0
764,0
764,0
618,0
414,0
335,0
360,0
362,0
362,0
376,0
355,0
369,0
435,0
542,0
629,0
616,0
586,0
540,0
483,0
484,0
501,0
536,0
661,0
673,0
678,0
676,0
650,0
614,0
494,0
483,0
627,0
584,0
485,0
491,0
534,0
577,0
503,0
586,0
638,0
599,0
553,0
556,0
497,0
496,0
522,0
498,0
598,0
669,0
675,0
686,0
685,0
645,0
635,0
823,0
768,0
757,0
617,0
573,0
631,0
672,0
607,0
635,0
615,0
521,0
492,0
558,0
634,0
602,0
573,0
633,0
612,0
700,0
792,0
590,0
575,0
526,0
438,0
455,0
611,0
525,0
477,0
417,0
479,0
490,0
508,0
588,0
545,0
526,0
539,0
496,0
505,0
474,0
507,0
499,0
639,0
722,0
680,0
548,0
664,0
665,0
672,0
666,0
506,0
513,0
372,0
343,0
345,0
360,0
233,0
372,0
405,0
494,0
476,0
393,0
362,0
366,0
392,0
434,0
581,0
578,0
575,0
448,0
404,0
435,0
394,0
486,0
375,0
316,0
342,0
41,0
453,0
547,0
473,0
469,0
465,0
490,0
522,0
495,0
490,0
474,0
468,0
529,0
570,0
652,0
705,0
644,0
667,0
645,0
690,0
714,0
683,0
771,0
671,0
667,0
774,0
731,0
532,0
504,0
525,0
532,0
585,0
551,0
574,0
539,0
541,0
539,0
576,0
554,0
539,0
501,0
480,0
416,0
414,0
507,0
581,0
533,0
510,0
480,0
592,0
723,0
596,0
547,0
483,0
449,0
484,0
458,0
478,0
498,0
477,0
457,0
561,0
552,0
496,0
558,0
480,0
531,0
482,0
507,0
507,0
455,0
450,0
420,0
472,0
671,0
377,0
388,0
495,0
519,0
499,0
458,0
405,0
407,0
375,0
442,0
553,0
599,0
511,0
526,0
503,0
349,0
327,0
453,0
327,0
309,0
293,0
268,0
289,0
431,0
323,0
479,0
496,0
557,0
491,0
507,0
416,0
443,0
378,0
418,0
383,0
432,0
439,0
484,0
417,0
398,0
417,0
410,0
448,0
407,0
311,0
298,0
308,0
339,0
394,0
289,0
416,0
418,0
292,0
298,0
304,0
303,0
315,0
325,0
346,0
361,0
350,0
332,0
366,0
350,0
266,0
249,0
352,0
329,0
313,0
336,0
330,0
311,0
317,0
334,0
416,0
429,0
433,0
392,0
398,0
397,0
401,0
430,0
441,0
436,0
408,0
388,0
374,0
378,0
406,0
395,0
299,0
258,0
233,0
246,0
276,0
342,0
366,0
279,0
310,0
286,0
267,0
250,0
250,0
265,0
263,0
262,0
317,0
337,0
342,0
336,0
380,0
306,0
354,0
354,0
326,0
265,0
266,0
252,0
270,0
267,0
427,0
448,0
464,0
424,0
428,0
432,0
397,0
330,0
260,0
272,0
369,0
405,0
333,0
420,0
521,0
501,0
315,0
309,0
298,0
248,0
241,0
246,0
226,0
249,0
355,0
468,0
508,0
540,0
526,0
524,0
436,0
455,0
467,0
476,0
513,0
528,0
553,0
611,0
540,0
499,0
381,0
261,0
269,0
219,0
258,0
279,0
219,0
270,0
222,0
409,0
422,0
480,0
439,0
348,0
325,0
303,0
308,0
261,0
266,0
279,0
286,0
350,0
391,0
269,0
379,0
456,0
597,0
485,0
344,0
317,0
465,0
487,0
397,0
281,0
323,0
341,0
362,0
321,0
306,0
219,0
215,0
218,0
269,0
323,0
308,0
379,0
303,0
281,0
372,0
455,0
363,0
336,0
288,0
257,0
290,0
292,0
222,0
228,0
265,0
291,0
300,0
294,0
308,0
295,0
305,0
339,0
372,0
314,0
255,0
266,0
276,0
315,0
438,0
488,0
434,0
437,0
399,0
382,0
387,0
332,0
360,0
560,0
477,0
477,0
484,0
441,0
402,0
368,0
366,0
403,0
471,0
521,0
462,0
470,0
468,0
508,0
444,0
436,0
279,0
179,0
150,0
128,0
175,0
232,0
165,0
227,0
259,0
278,0
298,0
281,0
300,0
276,0
250,0
252,0
219,0
294,0
339,0
402,0
398,0
269,0
360,0
351,0
244,0
219,0
188,0
179,0
209,0
274,0
239,0
349,0
331,0
283,0
290,0
245,0
330,0
316,0
320,0
339,0
348,0
435,0
372,0
409,0
381,0
283,0
433,0
398,0
304,0
234,0
166,0
150,0
158,0
184,0
252,0
300,0
266,0
281,0
273,0
246,0
290,0
245,0
183,0
284,0
307,0
431,0
437,0
492,0
531,0
376,0
295,0
323,0
237,0
251,0
282,0
319,0
401,0
550,0
320,0
595,0
639,0
639,0
582,0
583,0
548,0
531,0
480,0
501,0
565,0
655,0
779,0
770,0
712,0
484,0
453,0
428,0
454,0
408,0
331,0
387,0
397,0
329,0
330,0
523,0
546,0
566,0
540,0
527,0
498,0
504,0
496,0
556,0
609,0
600,0
631,0
674,0
590,0
593,0
386,0
408,0
322,0
228,0
254,0
242,0
276,0
434,0
505,0
455,0
385,0
351,0
294,0
289,0
294,0
277,0
280,0
283,0
289,0
324,0
523,0
675,0
585,0
407,0
290,0
289,0
300,0
300,0
211,0
213,0
177,0
211,0
231,0
327,0
326,0
332,0
356,0
339,0
332,0
380,0
409,0
467,0
589,0
503,0
543,0
428,0
436,0
437,0
434,0
448,0
325,0
230,0
217,0
235,0
235,0
371,0
435,0
762,0
713,0
752,0
707,0
698,0
632,0
637,0
582,0
565,0
560,0
576,0
641,0
691,0
722,0
488,0
375,0
341,0
370,0
331,0
389,0
425,0
449,0
419,0
404,0
692,0
677,0
789,0
848,0
954,0
786,0
809,0
863,0
824,0
752,0
572,0
594,0
596,0
650,0
412,0
438,0
385,0
406,0
419,0
304,0
300,0
359,0
459,0
433,0
593,0
590,0
595,0
533,0
533,0
496,0
535,0
497,0
532,0
479,0
532,0
579,0
604,0
563,0
349,0
382,0
399,0
383,0
386,0
350,0
320,0
393,0
344,0
523,0
705,0
662,0
646,0
591,0
655,0
601,0
593,0
610,0
616,0
604,0
616,0
664,0
631,0
649,0
523,0
711,0
761,0
476,0
377,0
458,0
467,0
374,0
377,0
612,0
987,0
1011,0
923,0
604,0
612,0
554,0
563,0
577,0
569,0
552,0
646,0
736,0
782,0
652,0
446,0
409,0
419,0
416,0
397,0
419,0
397,0
392,0
372,0
400,0
363,0
349,0
337,0
334,0
309,0
333,0
316,0
354,0
418,0
412,0
439,0
534,0
540,0
461,0
433,0
397,0
407,0
587,0
493,0
399,0
363,0
392,0
397,0
400,0
469,0
510,0
419,0
413,0
358,0
347,0
358,0
392,0
497,0
541,0
597,0
476,0
451,0
516,0
495,0
392,0
490,0
559,0
411,0
312,0
321,0
452,0
539,0
477,0
568,0
513,0
478,0
513,0
492,0
394,0
395,0
389,0
436,0
435,0
483,0
638,0
649,0
531,0
355,0
403,0
324,0
311,0
188,0
212,0
199,0
284,0
413,0
295,0
495,0
481,0
491,0
461,0
438,0
277,0
277,0
259,0
308,0
418,0
487,0
641,0
615,0
565,0
399,0
335,0
349,0
296,0
193,0
172,0
163,0
188,0
310,0
335,0
535,0
568,0
643,0
497,0
345,0
351,0
388,0
419,0
471,0
564,0
690,0
690,0
561,0
612,0
479,0
335,0
349,0
504,0
495,0
352,0
338,0
422,0
548,0
472,0
479,0
450,0
471,0
401,0
381,0
355,0
368,0
401,0
370,0
396,0
449,0
332,0
317,0
422,0
391,0
450,0
425,0
355,0
345,0
259,0
261,0
288,0
358,0
313,0
435,0
399,0
470,0
428,0
382,0
421,0
404,0
394,0
394,0
406,0
435,0
309,0
266,0
264,0
289,0
298,0
294,0
455,0
459,0
470,0
419,0
415,0
400,0
323,0
296,0
341,0
325,0
335,0
321,0
285,0
280,0
256,0
277,0
359,0
370,0
288,0
310,0
282,0
321,0
267,0
281,0
347,0
1162,0
0,0
294,0
254,0
215,0
196,0
274,0
259,0
307,0
296,0
272,0
267,0
195,0
201,0
275,0
325,0
398,0
390,0
372,0
332,0
324,0
251,0
206,0
156,0
132,0
125,0
105,0
107,0
162,0
232,0
187,0
349,0
185,0
227,0
256,0
218,0
170,0
168,0
284,0
149,0
428,0
491,0
477,0
458,0
306,0
147,0
193,0
254,0
300,0
259,0
228,0
224,0
257,0
258,0
168,0
321,0
298,0
331,0
384,0
390,0
393,0
354,0
332,0
292,0
208,0
510,0
452,0
255,0
205,0
254,0
245,0
267,0
284,0
238,0
157,0
110,0
150,0
234,0
183,0
274,0
278,0
254,0
206,0
217,0
311,0
297,0
306,0
329,0
385,0
395,0
320,0
363,0
305,0
268,0
396,0
289,0
306,0
279,0
207,0
196,0
200,0
332,0
296,0
407,0
421,0
464,0
430,0
417,0
469,0
454,0
455,0
396,0
449,0
451,0
443,0
461,0
419,0
418,0
392,0
359,0
440,0
434,0
377,0
398,0
450,0
593,0
609,0
740,0
767,0
802,0
759,0
713,0
665,0
747,0
781,0
744,0
752,0
688,0
668,0
616,0
750,0
527,0
640,0
560,0
543,0
545,0
510,0
456,0
436,0
428,0
413,0
506,0
431,0
451,0
424,0
407,0
407,0
406,0
445,0
490,0
594,0
568,0
535,0
561,0
433,0
338,0
329,0
293,0
438,0
348,0
262,0
219,0
214,0
218,0
209,0
284,0
344,0
382,0
397,0
385,0
369,0
381,0
602,0
672,0
713,0
723,0
724,0
756,0
711,0
684,0
552,0
517,0
441,0
260,0
219,0
220,0
258,0
360,0
252,0
559,0
716,0
689,0
609,0
539,0
587,0
597,0
595,0
709,0
642,0
657,0
634,0
599,0
506,0
444,0
343,0
309,0
580,0
552,0
433,0
377,0
451,0
585,0
557,0
758,0
765,0
657,0
610,0
524,0
681,0
807,0
979,0
1016,0
1147,0
1114,0
1042,0
944,0
766,0
641,0
566,0
511,0
462,0
393,0
402,0
410,0
457,0
587,0
611,0
582,0
763,0
731,0
740,0
459,0
384,0
457,0
557,0
663,0
792,0
715,0
625,0
648,0
572,0
498,0
408,0
340,0
217,0
174,0
240,0
190,0
187,0
320,0
358,0
406,0
529,0
567,0
544,0
606,0
600,0
685,0
748,0
800,0
838,0
701,0
641,0
640,0
664,0
611,0
595,0
480,0
412,0
342,0
385,0
363,0
472,0
629,0
711,0
660,0
726,0
751,0
695,0
672,0
758,0
738,0
787,0
840,0
893,0
898,0
893,0
784,0
639,0
659,0
500,0
468,0
464,0
367,0
350,0
354,0
384,0
453,0
586,0
621,0
614,0
634,0
615,0
631,0
694,0
717,0
759,0
835,0
839,0
794,0
765,0
683,0
631,0
640,0
497,0
546,0
462,0
492,0
447,0
452,0
437,0
489,0
617,0
600,0
600,0
546,0
512,0
524,0
623,0
639,0
633,0
653,0
818,0
774,0
778,0
777,0
665,0
693,0
654,0
695,0
564,0
614,0
433,0
443,0
607,0
636,0
758,0
726,0
828,0
845,0
911,0
888,0
901,0
911,0
969,0
1090,0
1127,0
1155,0
1079,0
1036,0
954,0
924,0
918,0
855,0
652,0
685,0
717,0
721,0
708,0
663,0
741,0
781,0
493,0
927,0
940,0
898,0
935,0
868,0
875,0
948,0
940,0
969,0
994,0
1001,0
860,0
891,0
738,0
778,0
750,0
804,0
832,0
825,0
803,0
725,0
898,0
987,0
1079,0
1098,0
1095,0
1045,0
1046,0
955,0
964,0
1119,0
1144,0
1192,0
1153,0
1142,0
1077,0
1038,0
903,0
898,0
663,0
703,0
728,0
736,0
738,0
923,0
1049,0
1148,0
1135,0
1144,0
1145,0
1109,0
1171,0
1148,0
1154,0
1200,0
1204,0
1188,0
1205,0
1151,0
1049,0
1029,0
990,0
1068,0
845,0
881,0
903,0
905,0
890,0
939,0
921,0
945,0
1108,0
1100,0
1096,0
1057,0
1062,0
992,0
988,0
1103,0
1038,0
1035,0
1074,0
1085,0
1057,0
1057,0
980,0
912,0
826,0
823,0
797,0
809,0
782,0
759,0
988,0
1086,0
988,0
966,0
974,0
924,0
923,0
924,0
930,0
1000,0
992,0
1039,0
1056,0
1071,0
1027,0
845,0
756,0
784,0
681,0
736,0
666,0
656,0
641,0
660,0
712,0
713,0
796,0
799,0
785,0
792,0
805,0
772,0
868,0
1024,0
1192,0
1126,0
1070,0
1073,0
1000,0
862,0
843,0
694,0
429,0
476,0
218,0
470,0
449,0
603,0
682,0
870,0
1042,0
1010,0
1043,0
1013,0
950,0
943,0
882,0
915,0
956,0
961,0
989,0
989,0
826,0
899,0
872,0
698,0
784,0
683,0
650,0
785,0
939,0
1083,0
1064,0
1060,0
1097,0
1076,0
1093,0
1036,0
1021,0
1015,0
985,0
979,0
1187,0
1103,0
1156,0
1150,0
1046,0
1034,0
920,0
820,0
697,0
709,0
744,0
725,0
669,0
660,0
996,0
1082,0
1253,0
1289,0
1323,0
1281,0
1272,0
1282,0
1270,0
1285,0
1250,0
1271,0
1287,0
1286,0
1104,0
1064,0
829,0
793,0
764,0
692,0
730,0
754,0
735,0
790,0
1028,0
1117,0
1247,0
1270,0
1261,0
1259,0
1275,0
1221,0
1243,0
1270,0
1226,0
1222,0
1196,0
1194,0
1046,0
938,0
796,0
735,0
743,0
689,0
705,0
730,0
735,0
773,0
987,0
1007,0
1083,0
1088,0
1085,0
1079,0
1071,0
1089,0
1096,0
1067,0
1100,0
1048,0
1040,0
1029,0
845,0
803,0
669,0
677,0
384,0
422,0
452,0
477,0
470,0
434,0
486,0
849,0
842,0
912,0
913,0
913,0
912,0
847,0
760,0
934,0
986,0
1023,0
941,0
922,0
875,0
710,0
654,0
410,0
514,0
455,0
430,0
438,0
428,0
454,0
413,0
592,0
819,0
872,0
856,0
786,0
760,0
801,0
884,0
989,0
1147,0
1035,0
965,0
971,0
947,0
783,0
657,0
529,0
462,0
517,0
570,0
581,0
533,0
438,0
747,0
1045,0
1078,0
1088,0
1079,0
1051,0
1002,0
996,0
984,0
1125,0
1080,0
1142,0
1207,0
1138,0
1034,0
900,0
750,0
655,0
567,0
605,0
638,0
624,0
591,0
559,0
644,0
929,0
1027,0
975,0
942,0
919,0
859,0
982,0
997,0
1161,0
1199,0
1182,0
1223,0
1169,0
785,0
759,0
739,0
549,0
605,0
619,0
648,0
671,0
631,0
721,0
805,0
933,0
1084,0
1102,0
1083,0
991,0
942,0
958,0
1006,0
1086,0
1143,0
1142,0
1140,0
1117,0
965,0
771,0
677,0
597,0
565,0
570,0
517,0
534,0
514,0
670,0
649,0
932,0
1052,0
1054,0
1012,0
972,0
855,0
853,0
864,0
1047,0
1048,0
1112,0
1071,0
1054,0
888,0
679,0
668,0
522,0
576,0
528,0
550,0
566,0
492,0
613,0
812,0
941,0
982,0
958,0
992,0
1035,0
1034,0
1014,0
1027,0
970,0
1027,0
1110,0
1105,0
1105,0
921,0
807,0
678,0
689,0
491,0
499,0
544,0
549,0
540,0
530,0
533,0
768,0
887,0
817,0
819,0
861,0
853,0
801,0
824,0
893,0
855,0
863,0
919,0
890,0
794,0
750,0
605,0
494,0
425,0
472,0
529,0
525,0
519,0
531,0
684,0
682,0
710,0
696,0
654,0
679,0
709,0
700,0
710,0
735,0
876,0
867,0
855,0
879,0
815,0
763,0
661,0
603,0
611,0
683,0
730,0
753,0
709,0
694,0
820,0
1031,0
1011,0
1025,0
978,0
1008,0
989,0
934,0
949,0
949,0
967,0
1017,0
1038,0
1055,0
1005,0
926,0
788,0
758,0
776,0
832,0
854,0
755,0
829,0
1063,0
970,0
1168,0
1179,0
1178,0
1191,0
1190,0
669,0
636,0
1084,0
1114,0
1134,0
1013,0
1002,0
1025,0
1019,0
983,0
911,0
947,0
906,0
826,0
779,0
762,0
792,0
946,0
919,0
1039,0
1051,0
1065,0
934,0
955,0
834,0
765,0
782,0
897,0
993,0
928,0
945,0
957,0
903,0
823,0
808,0
800,0
799,0
705,0
721,0
738,0
707,0
852,0
918,0
1004,0
962,0
955,0
930,0
899,0
824,0
765,0
773,0
854,0
957,0
979,0
1011,0
1017,0
920,0
850,0
748,0
706,0
614,0
608,0
619,0
620,0
607,0
691,0
860,0
934,0
960,0
974,0
971,0
1009,0
874,0
863,0
869,0
995,0
1009,0
994,0
1053,0
1079,0
936,0
880,0
805,0
756,0
762,0
705,0
695,0
698,0
742,0
771,0
639,0
823,0
759,0
726,0
711,0
704,0
644,0
699,0
714,0
758,0
762,0
783,0
798,0
751,0
747,0
830,0
866,0
749,0
748,0
717,0
690,0
704,0
671,0
678,0
706,0
656,0
643,0
663,0
672,0
698,0
672,0
716,0
757,0
741,0
737,0
714,0
743,0
743,0
776,0
736,0
774,0
747,0
615,0
634,0
559,0
521,0
576,0
739,0
722,0
672,0
695,0
807,0
693,0
628,0
608,0
596,0
589,0
658,0
798,0
778,0
783,0
793,0
758,0
535,0
517,0
442,0
576,0
520,0
430,0
408,0
454,0
563,0
656,0
709,0
808,0
838,0
856,0
814,0
826,0
751,0
863,0
938,0
977,0
891,0
852,0
815,0
779,0
667,0
801,0
756,0
752,0
724,0
674,0
622,0
695,0
858,0
706,0
771,0
923,0
940,0
924,0
384,0
826,0
822,0
933,0
953,0
951,0
971,0
979,0
989,0
940,0
810,0
759,0
705,0
619,0
596,0
603,0
604,0
627,0
790,0
800,0
830,0
797,0
793,0
775,0
687,0
716,0
698,0
799,0
819,0
836,0
834,0
853,0
854,0
831,0
713,0
710,0
790,0
730,0
634,0
615,0
622,0
646,0
787,0
863,0
942,0
987,0
987,0
996,0
925,0
902,0
887,0
989,0
938,0
997,0
1011,0
933,0
976,0
1087,0
834,0
861,0
724,0
626,0
633,0
667,0
684,0
658,0
634,0
725,0
781,0
894,0
889,0
917,0
896,0
840,0
852,0
933,0
983,0
1031,0
1041,0
1030,0
959,0
844,0
802,0
695,0
724,0
668,0
697,0
691,0
703,0
709,0
705,0
744,0
776,0
752,0
727,0
787,0
723,0
729,0
847,0
966,0
976,0
1145,0
1097,0
998,0
927,0
953,0
818,0
690,0
829,0
629,0
669,0
701,0
716,0
687,0
784,0
954,0
1078,0
1067,0
1077,0
1083,0
1080,0
999,0
970,0
1085,0
1117,0
1175,0
1115,0
1103,0
1055,0
1048,0
885,0
939,0
906,0
1021,0
1016,0
899,0
873,0
903,0
988,0
988,0
997,0
1122,0
1142,0
1140,0
1012,0
1046,0
1207,0
1074,0
1248,0
1176,0
1138,0
1306,0
1128,0
969,0
967,0
878,0
875,0
946,0
876,0
768,0
786,0
825,0
1028,0
905,0
987,0
1203,0
1133,0
1161,0
1020,0
1006,0
1101,0
1097,0
1087,0
1108,0
1101,0
1015,0
936,0
790,0
782,0
783,0
775,0
792,0
749,0
736,0
749,0
837,0
889,0
829,0
871,0
1009,0
1040,0
1029,0
1046,0
987,0
1004,0
1020,0
1051,0
1033,0
1095,0
1106,0
1119,0
914,0
797,0
820,0
748,0
951,0
934,0
846,0
785,0
777,0
835,0
951,0
1001,0
1044,0
1052,0
1021,0
913,0
1004,0
1019,0
984,0
890,0
1095,0
1179,0
1187,0
1067,0
920,0
959,0
1065,0
952,0
1010,0
995,0
930,0
968,0
933,0
1004,0
1066,0
1110,0
1269,0
1262,0
1240,0
1259,0
1290,0
1280,0
1326,0
1367,0
1340,0
1230,0
1115,0
999,0
907,0
859,0
830,0
744,0
714,0
702,0
642,0
650,0
643,0
634,0
786,0
751,0
794,0
824,0
829,0
844,0
850,0
948,0
1011,0
1023,0
1104,0
1034,0
1017,0
1011,0
860,0
838,0
855,0
864,0
839,0
688,0
667,0
642,0
623,0
694,0
998,0
1029,0
1101,0
1105,0
1103,0
1008,0
1070,0
1078,0
1074,0
1121,0
1055,0
1031,0
1034,0
1036,0
984,0
922,0
973,0
996,0
903,0
871,0
828,0
804,0
796,0
761,0
1029,0
1071,0
1127,0
1157,0
1176,0
1066,0
1042,0
974,0
985,0
1102,0
1036,0
1066,0
1109,0
1109,0
1017,0
990,0
942,0
851,0
1056,0
1011,0
826,0
797,0
748,0
862,0
966,0
989,0
1086,0
1026,0
1000,0
938,0
876,0
966,0
1035,0
1068,0
1204,0
881,0
918,0
1080,0
936,0
940,0
929,0
963,0
747,0
684,0
692,0
717,0
717,0
702,0
919,0
955,0
1002,0
1018,0
1011,0
904,0
877,0
875,0
839,0
938,0
936,0
963,0
967,0
956,0
934,0
955,0
791,0
775,0
643,0
584,0
614,0
614,0
659,0
748,0
979,0
929,0
956,0
1034,0
1043,0
963,0
941,0
927,0
911,0
1056,0
1042,0
1052,0
1060,0
1055,0
919,0
904,0
862,0
767,0
849,0
701,0
610,0
580,0
591,0
643,0
665,0
699,0
882,0
871,0
879,0
809,0
778,0
778,0
790,0
928,0
1088,0
1016,0
953,0
951,0
971,0
850,0
847,0
785,0
746,0
678,0
616,0
618,0
598,0
585,0
678,0
678,0
705,0
652,0
656,0
636,0
651,0
686,0
706,0
794,0
1019,0
1016,0
908,0
878,0
762,0
717,0
710,0
678,0
620,0
563,0
565,0
570,0
549,0
581,0
716,0
757,0
815,0
782,0
794,0
725,0
716,0
758,0
755,0
871,0
895,0
829,0
866,0
915,0
824,0
880,0
896,0
888,0
998,0
884,0
882,0
818,0
765,0
739,0
578,0
651,0
649,0
624,0
634,0
675,0
617,0
658,0
659,0
751,0
709,0
689,0
740,0
871,0
939,0
760,0
677,0
642,0
0,0
0,0
0,0
0,0
0,0
0,0
0,0
0,0
0,0
0,0
0,0
0,0
0,0
0,0
0,0
0,0
0,0
0,0
0,0
0,0
0,0
0,0
0,0
0,0
