137,0
157,0
153,0
172,0
118,0
130,0
261,0
335,0
546,0
542,0
522,0
481,0
452,0
458,0
441,0
503,0
664,0
620,0
617,0
612,0
598,0
467,0
345,0
314,0
288,0
234,0
240,0
211,0
202,0
229,0
376,0
426,0
612,0
645,0
609,0
519,0
493,0
479,0
457,0
473,0
547,0
589,0
610,0
587,0
442,0
392,0
313,0
220,0
91,0
65,0
65,0
82,0
84,0
82,0
351,0
442,0
520,0
534,0
496,0
421,0
488,0
500,0
473,0
602,0
779,0
690,0
675,0
620,0
503,0
459,0
418,0
332,0
69,0
64,0
53,0
41,0
7,0
47,0
191,0
160,0
314,0
316,0
331,0
243,0
259,0
269,0
283,0
499,0
546,0
590,0
603,0
603,0
523,0
326,0
272,0
192,0
113,0
113,0
140,0
150,0
158,0
142,0
128,0
148,0
116,0
276,0
243,0
279,0
259,0
171,0
163,0
140,0
490,0
518,0
558,0
569,0
588,0
319,0
243,0
206,0
523,0
509,0
559,0
598,0
612,0
562,0
712,0
804,0
855,0
872,0
863,0
883,0
860,0
855,0
848,0
890,0
1053,0
1046,0
1078,0
1068,0
899,0
728,0
646,0
542,0
468,0
490,0
488,0
497,0
495,0
440,0
748,0
833,0
885,0
869,0
831,0
779,0
760,0
816,0
820,0
837,0
872,0
874,0
881,0
903,0
823,0
702,0
618,0
546,0
490,0
517,0
516,0
525,0
509,0
473,0
715,0
867,0
944,0
943,0
951,0
888,0
870,0
858,0
538,0
894,0
942,0
978,0
974,0
967,0
859,0
828,0
650,0
578,0
484,0
389,0
395,0
388,0
431,0
468,0
849,0
956,0
1065,0
1070,0
1040,0
986,0
959,0
988,0
979,0
967,0
1026,0
1027,0
1056,0
1031,0
885,0
818,0
681,0
547,0
402,0
336,0
332,0
338,0
347,0
423,0
815,0
926,0
894,0
912,0
868,0
776,0
864,0
888,0
768,0
820,0
909,0
1060,0
989,0
924,0
797,0
633,0
717,0
619,0
463,0
399,0
392,0
405,0
400,0
377,0
403,0
551,0
501,0
519,0
495,0
483,0
477,0
460,0
459,0
525,0
678,0
751,0
766,0
761,0
596,0
499,0
404,0
414,0
444,0
343,0
247,0
262,0
266,0
264,0
204,0
446,0
463,0
463,0
449,0
495,0
487,0
446,0
526,0
530,0
670,0
740,0
755,0
763,0
682,0
581,0
410,0
233,0
555,0
573,0
587,0
577,0
561,0
563,0
945,0
1134,0
1117,0
1101,0
1062,0
1080,0
963,0
970,0
949,0
1025,0
1096,0
1090,0
1102,0
1067,0
944,0
837,0
783,0
683,0
615,0
549,0
563,0
555,0
560,0
589,0
965,0
1015,0
1022,0
1174,0
1069,0
1039,0
974,0
960,0
966,0
1017,0
1099,0
1146,0
1129,0
1126,0
978,0
696,0
755,0
663,0
699,0
606,0
582,0
599,0
606,0
776,0
1129,0
1175,0
1103,0
1043,0
1086,0
1091,0
1037,0
1034,0
1061,0
1096,0
1131,0
1165,0
1193,0
1169,0
1079,0
908,0
865,0
823,0
577,0
562,0
592,0
602,0
593,0
618,0
970,0
1068,0
1080,0
1093,0
1079,0
1100,0
1013,0
982,0
883,0
1136,0
1119,0
1082,0
1090,0
1106,0
1001,0
819,0
612,0
598,0
684,0
611,0
606,0
596,0
597,0
585,0
806,0
888,0
914,0
918,0
945,0
928,0
838,0
844,0
807,0
870,0
921,0
913,0
915,0
903,0
743,0
656,0
602,0
453,0
196,0
225,0
216,0
251,0
268,0
266,0
394,0
383,0
478,0
520,0
539,0
507,0
508,0
447,0
474,0
504,0
709,0
702,0
715,0
696,0
652,0
532,0
323,0
230,0
357,0
307,0
357,0
381,0
363,0
347,0
312,0
364,0
397,0
435,0
410,0
402,0
341,0
336,0
347,0
382,0
519,0
632,0
631,0
603,0
558,0
449,0
382,0
339,0
463,0
471,0
526,0
526,0
513,0
457,0
647,0
874,0
869,0
867,0
841,0
800,0
791,0
841,0
701,0
813,0
875,0
923,0
913,0
886,0
822,0
694,0
513,0
511,0
360,0
417,0
458,0
435,0
402,0
385,0
710,0
840,0
816,0
820,0
814,0
766,0
757,0
858,0
712,0
868,0
825,0
897,0
940,0
926,0
781,0
605,0
556,0
435,0
434,0
461,0
455,0
450,0
405,0
350,0
631,0
776,0
816,0
806,0
779,0
727,0
726,0
768,0
640,0
770,0
790,0
829,0
995,0
879,0
680,0
591,0
499,0
449,0
426,0
468,0
511,0
497,0
486,0
475,0
536,0
696,0
812,0
851,0
859,0
795,0
784,0
784,0
779,0
847,0
860,0
938,0
1000,0
990,0
835,0
787,0
590,0
551,0
530,0
503,0
496,0
506,0
468,0
505,0
823,0
918,0
939,0
996,0
851,0
762,0
740,0
745,0
778,0
851,0
899,0
918,0
942,0
929,0
688,0
694,0
617,0
493,0
437,0
481,0
522,0
531,0
504,0
483,0
521,0
548,0
621,0
603,0
608,0
628,0
564,0
589,0
573,0
636,0
745,0
780,0
797,0
734,0
667,0
631,0
492,0
415,0
400,0
421,0
443,0
496,0
494,0
458,0
407,0
482,0
597,0
614,0
630,0
585,0
533,0
446,0
474,0
493,0
627,0
685,0
749,0
683,0
588,0
459,0
297,0
299,0
405,0
488,0
491,0
78,0
519,0
466,0
739,0
845,0
846,0
849,0
815,0
797,0
871,0
953,0
991,0
975,0
925,0
951,0
910,0
857,0
655,0
519,0
422,0
435,0
399,0
450,0
529,0
552,0
533,0
485,0
676,0
868,0
831,0
830,0
842,0
780,0
784,0
849,0
848,0
862,0
794,0
714,0
802,0
799,0
543,0
504,0
480,0
578,0
431,0
520,0
561,0
583,0
564,0
515,0
703,0
842,0
953,0
943,0
843,0
809,0
862,0
941,0
862,0
828,0
1049,0
1075,0
948,0
1003,0
879,0
645,0
474,0
600,0
491,0
493,0
512,0
528,0
508,0
522,0
687,0
896,0
881,0
852,0
758,0
721,0
728,0
818,0
767,0
810,0
985,0
892,0
1032,0
1034,0
845,0
622,0
600,0
448,0
436,0
473,0
477,0
480,0
478,0
459,0
760,0
877,0
891,0
899,0
830,0
729,0
682,0
760,0
703,0
754,0
882,0
967,0
1061,0
983,0
772,0
619,0
492,0
443,0
287,0
353,0
339,0
370,0
323,0
311,0
353,0
583,0
588,0
589,0
493,0
510,0
451,0
465,0
501,0
485,0
559,0
762,0
774,0
786,0
594,0
503,0
307,0
282,0
151,0
183,0
184,0
223,0
235,0
202,0
161,0
238,0
223,0
314,0
283,0
39,0
15,0
-12,0
29,0
60,0
193,0
375,0
372,0
384,0
259,0
79,0
100,0
23,0
-195,0
-130,0
-110,0
-86,0
-107,0
-110,0
287,0
406,0
450,0
436,0
433,0
390,0
359,0
381,0
227,0
349,0
380,0
419,0
522,0
612,0
268,0
197,0
135,0
68,0
47,0
67,0
44,0
70,0
68,0
161,0
370,0
416,0
553,0
555,0
583,0
470,0
354,0
387,0
402,0
402,0
511,0
590,0
620,0
634,0
466,0
424,0
321,0
269,0
236,0
235,0
233,0
264,0
221,0
152,0
318,0
330,0
315,0
262,0
224,0
214,0
241,0
291,0
349,0
359,0
383,0
490,0
546,0
525,0
309,0
244,0
103,0
112,0
193,0
213,0
302,0
323,0
283,0
201,0
427,0
530,0
592,0
528,0
538,0
290,0
384,0
455,0
489,0
542,0
661,0
776,0
796,0
752,0
460,0
325,0
14,0
130,0
178,0
219,0
267,0
257,0
258,0
258,0
407,0
614,0
627,0
604,0
531,0
446,0
410,0
458,0
436,0
425,0
479,0
577,0
547,0
534,0
320,0
235,0
94,0
18,0
144,0
116,0
182,0
228,0
204,0
170,0
140,0
290,0
392,0
374,0
337,0
325,0
324,0
287,0
364,0
392,0
495,0
629,0
640,0
592,0
473,0
386,0
211,0
152,0
145,0
213,0
216,0
216,0
206,0
194,0
207,0
235,0
279,0
274,0
269,0
280,0
253,0
204,0
213,0
262,0
249,0
565,0
615,0
594,0
489,0
344,0
157,0
18,0
-83,0
-100,0
-406,0
9,0
-13,0
-30,0
469,0
576,0
730,0
680,0
647,0
485,0
534,0
508,0
442,0
474,0
664,0
747,0
761,0
679,0
468,0
287,0
281,0
279,0
219,0
213,0
269,0
259,0
245,0
232,0
447,0
596,0
744,0
724,0
681,0
581,0
502,0
442,0
476,0
483,0
618,0
631,0
664,0
660,0
532,0
355,0
247,0
175,0
10,0
56,0
87,0
93,0
67,0
100,0
381,0
521,0
531,0
508,0
434,0
362,0
338,0
315,0
381,0
438,0
502,0
548,0
552,0
581,0
472,0
317,0
200,0
60,0
69,0
80,0
125,0
135,0
105,0
96,0
391,0
630,0
626,0
590,0
497,0
430,0
426,0
394,0
458,0
466,0
623,0
611,0
616,0
600,0
458,0
312,0
126,0
85,0
122,0
55,0
69,0
67,0
58,0
40,0
332,0
604,0
782,0
721,0
617,0
511,0
445,0
454,0
479,0
496,0
588,0
716,0
752,0
740,0
505,0
336,0
194,0
59,0
91,0
99,0
126,0
137,0
135,0
134,0
195,0
218,0
259,0
222,0
200,0
120,0
109,0
41,0
44,0
106,0
254,0
390,0
451,0
454,0
343,0
136,0
32,0
-81,0
-206,0
-142,0
-88,0
-58,0
-109,0
-160,0
-184,0
-211,0
-35,0
-62,0
-54,0
-98,0
-92,0
-39,0
-24,0
-37,0
116,0
348,0
414,0
435,0
307,0
187,0
-10,0
-82,0
57,0
125,0
164,0
174,0
152,0
203,0
396,0
634,0
603,0
566,0
507,0
392,0
349,0
354,0
460,0
575,0
557,0
594,0
507,0
591,0
451,0
387,0
349,0
189,0
329,0
357,0
390,0
371,0
348,0
376,0
753,0
911,0
963,0
943,0
864,0
770,0
809,0
775,0
529,0
158,0
1165,0
877,0
704,0
930,0
1033,0
624,0
505,0
431,0
442,0
430,0
420,0
429,0
393,0
504,0
778,0
836,0
956,0
940,0
889,0
723,0
785,0
815,0
668,0
933,0
995,0
938,0
979,0
1007,0
802,0
625,0
439,0
386,0
337,0
368,0
401,0
440,0
424,0
381,0
571,0
254,0
842,0
801,0
669,0
511,0
535,0
573,0
681,0
639,0
819,0
930,0
1085,0
1015,0
742,0
599,0
437,0
398,0
315,0
315,0
326,0
369,0
329,0
385,0
655,0
843,0
965,0
898,0
853,0
790,0
641,0
651,0
721,0
768,0
893,0
998,0
942,0
938,0
790,0
588,0
519,0
405,0
337,0
382,0
403,0
406,0
399,0
394,0
381,0
411,0
446,0
417,0
384,0
376,0
390,0
295,0
300,0
311,0
487,0
690,0
818,0
767,0
740,0
610,0
436,0
321,0
336,0
392,0
393,0
402,0
390,0
340,0
301,0
250,0
325,0
308,0
340,0
320,0
256,0
185,0
178,0
190,0
365,0
544,0
700,0
715,0
468,0
342,0
283,0
238,0
189,0
232,0
47,0
290,0
275,0
195,0
400,0
532,0
677,0
722,0
693,0
566,0
530,0
479,0
466,0
552,0
567,0
783,0
778,0
701,0
593,0
294,0
319,0
225,0
279,0
323,0
350,0
355,0
233,0
247,0
419,0
618,0
647,0
662,0
649,0
467,0
385,0
406,0
488,0
485,0
582,0
599,0
692,0
662,0
582,0
382,0
199,0
255,0
197,0
307,0
337,0
348,0
302,0
298,0
511,0
724,0
764,0
789,0
674,0
757,0
597,0
575,0
595,0
693,0
668,0
923,0
933,0
1004,0
828,0
500,0
431,0
304,0
521,0
621,0
717,0
707,0
593,0
543,0
710,0
896,0
945,0
861,0
880,0
752,0
711,0
724,0
877,0
791,0
923,0
1053,0
1162,0
897,0
836,0
674,0
402,0
407,0
424,0
463,0
442,0
467,0
429,0
372,0
517,0
723,0
792,0
762,0
720,0
674,0
509,0
505,0
592,0
648,0
785,0
926,0
1000,0
1027,0
878,0
656,0
483,0
429,0
484,0
410,0
395,0
441,0
425,0
351,0
594,0
671,0
726,0
708,0
553,0
452,0
451,0
449,0
415,0
402,0
694,0
781,0
861,0
819,0
719,0
615,0
245,0
240,0
148,0
-5,0
8,0
18,0
-2,0
-22,0
-21,0
208,0
351,0
368,0
362,0
313,0
286,0
242,0
206,0
176,0
242,0
392,0
589,0
627,0
416,0
327,0
257,0
228,0
205,0
47,0
87,0
74,0
17,0
176,0
542,0
751,0
876,0
863,0
773,0
756,0
797,0
820,0
803,0
877,0
1035,0
1065,0
1076,0
1010,0
894,0
639,0
444,0
486,0
273,0
306,0
325,0
333,0
307,0
278,0
568,0
823,0
945,0
862,0
852,0
779,0
741,0
748,0
799,0
1026,0
958,0
1194,0
1469,0
1457,0
1276,0
1001,0
806,0
809,0
958,0
947,0
975,0
959,0
933,0
879,0
1066,0
1233,0
1282,0
1187,0
1172,0
1053,0
1084,0
1086,0
1131,0
1099,0
1139,0
1295,0
1443,0
1422,0
1071,0
871,0
738,0
736,0
794,0
817,0
861,0
854,0
820,0
757,0
931,0
1244,0
1215,0
1187,0
1005,0
946,0
1030,0
934,0
977,0
950,0
1025,0
1132,0
1086,0
1094,0
1061,0
934,0
807,0
763,0
645,0
684,0
699,0
723,0
694,0
648,0
770,0
1057,0
1114,0
1072,0
940,0
854,0
866,0
851,0
822,0
940,0
974,0
1081,0
1255,0
1261,0
941,0
810,0
639,0
625,0
670,0
639,0
659,0
633,0
619,0
632,0
626,0
735,0
729,0
704,0
641,0
620,0
564,0
574,0
515,0
521,0
724,0
853,0
860,0
861,0
785,0
686,0
485,0
535,0
651,0
646,0
633,0
618,0
643,0
626,0
613,0
603,0
580,0
537,0
531,0
455,0
440,0
419,0
385,0
441,0
564,0
700,0
748,0
768,0
746,0
683,0
589,0
524,0
642,0
669,0
1022,0
674,0
633,0
636,0
850,0
1154,0
1132,0
1120,0
978,0
963,0
1059,0
1068,0
1069,0
1038,0
1098,0
1172,0
1151,0
1353,0
1377,0
933,0
732,0
672,0
723,0
727,0
743,0
745,0
716,0
706,0
768,0
1022,0
1108,0
1096,0
1083,0
1065,0
1067,0
1024,0
1012,0
1057,0
1118,0
1213,0
1231,0
1246,0
1137,0
865,0
692,0
671,0
475,0
442,0
358,0
351,0
344,0
466,0
595,0
1034,0
1066,0
1034,0
982,0
982,0
892,0
842,0
854,0
933,0
974,0
1099,0
1196,0
1278,0
1080,0
887,0
628,0
435,0
451,0
441,0
398,0
421,0
402,0
469,0
810,0
994,0
1075,0
1061,0
956,0
897,0
843,0
836,0
823,0
920,0
918,0
1093,0
1206,0
1233,0
1043,0
891,0
696,0
614,0
490,0
413,0
457,0
450,0
428,0
495,0
858,0
981,0
1132,0
1156,0
1080,0
973,0
911,0
905,0
926,0
972,0
972,0
1209,0
1331,0
1349,0
996,0
870,0
700,0
639,0
474,0
524,0
510,0
513,0
469,0
435,0
409,0
406,0
666,0
623,0
640,0
632,0
548,0
508,0
496,0
482,0
592,0
783,0
966,0
992,0
676,0
425,0
360,0
305,0
441,0
224,0
234,0
241,0
255,0
230,0
187,0
353,0
502,0
385,0
355,0
278,0
267,0
238,0
240,0
407,0
474,0
592,0
848,0
890,0
673,0
540,0
442,0
371,0
441,0
490,0
632,0
480,0
430,0
412,0
634,0
724,0
1010,0
922,0
931,0
811,0
818,0
779,0
782,0
880,0
874,0
978,0
1086,0
1113,0
837,0
765,0
641,0
562,0
522,0
416,0
413,0
403,0
377,0
395,0
681,0
854,0
1100,0
975,0
1005,0
805,0
758,0
752,0
819,0
947,0
1003,0
1129,0
1270,0
1364,0
960,0
839,0
729,0
597,0
413,0
464,0
446,0
439,0
413,0
445,0
606,0
747,0
866,0
823,0
748,0
637,0
611,0
578,0
590,0
647,0
800,0
847,0
1004,0
1024,0
754,0
600,0
574,0
442,0
409,0
435,0
483,0
464,0
395,0
441,0
833,0
791,0
970,0
941,0
829,0
700,0
653,0
645,0
622,0
668,0
907,0
829,0
848,0
987,0
886,0
808,0
592,0
545,0
387,0
313,0
302,0
332,0
296,0
299,0
589,0
713,0
906,0
909,0
717,0
689,0
638,0
621,0
640,0
710,0
843,0
860,0
922,0
938,0
808,0
628,0
605,0
357,0
210,0
212,0
254,0
256,0
251,0
241,0
277,0
296,0
377,0
342,0
356,0
346,0
334,0
321,0
280,0
244,0
331,0
430,0
617,0
720,0
577,0
483,0
385,0
279,0
199,0
126,0
-98,0
-84,0
-96,0
-114,0
-105,0
-129,0
118,0
174,0
191,0
180,0
69,0
45,0
42,0
45,0
143,0
181,0
283,0
316,0
298,0
138,0
95,0
132,0
201,0
276,0
0,0
307,0
310,0
245,0
391,0
348,0
443,0
441,0
393,0
392,0
410,0
445,0
428,0
466,0
463,0
501,0
647,0
662,0
552,0
518,0
427,0
346,0
387,0
397,0
371,0
383,0
393,0
424,0
463,0
467,0
592,0
566,0
531,0
531,0
440,0
426,0
490,0
589,0
597,0
668,0
790,0
799,0
593,0
644,0
356,0
284,0
315,0
288,0
316,0
293,0
293,0
307,0
430,0
506,0
634,0
607,0
527,0
523,0
498,0
519,0
528,0
564,0
653,0
809,0
983,0
981,0
856,0
572,0
321,0
242,0
378,0
399,0
428,0
418,0
416,0
406,0
335,0
470,0
580,0
606,0
601,0
562,0
556,0
462,0
457,0
620,0
667,0
781,0
1019,0
1022,0
704,0
643,0
484,0
263,0
276,0
343,0
390,0
379,0
336,0
371,0
499,0
449,0
678,0
639,0
618,0
576,0
569,0
494,0
532,0
595,0
683,0
684,0
911,0
950,0
772,0
608,0
372,0
329,0
303,0
248,0
205,0
220,0
220,0
239,0
181,0
199,0
424,0
359,0
373,0
349,0
248,0
155,0
143,0
282,0
287,0
472,0
801,0
817,0
681,0
547,0
450,0
150,0
124,0
-477,0
0,0
-24,0
0,0
15,0
25,0
-81,0
221,0
280,0
291,0
303,0
185,0
123,0
131,0
123,0
200,0
301,0
479,0
716,0
551,0
454,0
360,0
195,0
200,0
243,0
1124,0
306,0
285,0
262,0
457,0
458,0
584,0
561,0
523,0
454,0
478,0
479,0
501,0
501,0
541,0
620,0
642,0
840,0
743,0
401,0
285,0
246,0
322,0
358,0
395,0
388,0
371,0
355,0
564,0
711,0
753,0
625,0
598,0
601,0
516,0
472,0
460,0
524,0
539,0
779,0
897,0
988,0
880,0
551,0
555,0
445,0
354,0
469,0
533,0
544,0
626,0
527,0
545,0
603,0
595,0
369,0
336,0
324,0
310,0
294,0
276,0
312,0
417,0
461,0
613,0
889,0
937,0
731,0
522,0
183,0
274,0
322,0
373,0
365,0
287,0
342,0
521,0
555,0
547,0
384,0
533,0
324,0
318,0
240,0
168,0
207,0
315,0
542,0
673,0
593,0
865,0
652,0
599,0
349,0
184,0
200,0
246,0
306,0
268,0
170,0
359,0
529,0
666,0
820,0
621,0
508,0
483,0
437,0
374,0
386,0
403,0
543,0
623,0
856,0
841,0
590,0
432,0
157,0
183,0
262,0
303,0
311,0
299,0
284,0
266,0
187,0
171,0
129,0
86,0
70,0
68,0
22,0
-10,0
18,0
71,0
212,0
450,0
640,0
697,0
538,0
346,0
166,0
285,0
402,0
463,0
506,0
525,0
498,0
473,0
327,0
272,0
221,0
167,0
112,0
55,0
25,0
41,0
26,0
8,0
59,0
315,0
535,0
544,0
467,0
315,0
295,0
181,0
250,0
36,0
300,0
295,0
246,0
479,0
575,0
545,0
459,0
332,0
305,0
217,0
139,0
60,0
89,0
236,0
357,0
608,0
931,0
944,0
633,0
455,0
272,0
301,0
318,0
343,0
363,0
344,0
309,0
456,0
668,0
753,0
674,0
623,0
479,0
345,0
317,0
272,0
262,0
347,0
550,0
744,0
1101,0
1095,0
859,0
650,0
487,0
357,0
344,0
398,0
421,0
404,0
410,0
505,0
673,0
682,0
553,0
502,0
340,0
229,0
219,0
175,0
169,0
255,0
541,0
644,0
1081,0
1053,0
762,0
586,0
403,0
242,0
283,0
369,0
391,0
376,0
331,0
448,0
546,0
467,0
341,0
164,0
112,0
107,0
147,0
79,0
98,0
228,0
407,0
600,0
989,0
1016,0
662,0
499,0
356,0
219,0
291,0
332,0
345,0
346,0
349,0
313,0
334,0
300,0
249,0
138,0
79,0
39,0
35,0
12,0
44,0
77,0
284,0
507,0
758,0
729,0
503,0
451,0
213,0
98,0
97,0
138,0
150,0
129,0
82,0
133,0
57,0
78,0
29,0
-91,0
-88,0
-55,0
-94,0
-151,0
-159,0
-117,0
-91,0
74,0
282,0
371,0
168,0
19,0
16,0
38,0
72,0
95,0
105,0
95,0
70,0
55,0
-70,0
4,0
5,0
-335,0
-355,0
-357,0
-421,0
-397,0
-365,0
-280,0
-213,0
124,0
253,0
306,0
241,0
129,0
83,0
74,0
-109,0
-97,0
-205,0
-104,0
-139,0
-20,0
33,0
99,0
103,0
-142,0
-249,0
-286,0
-377,0
-400,0
-403,0
-364,0
-85,0
78,0
229,0
277,0
122,0
18,0
21,0
48,0
76,0
74,0
20,0
95,0
150,0
133,0
265,0
244,0
210,0
183,0
64,0
-36,0
-49,0
-80,0
-34,0
23,0
160,0
256,0
717,0
804,0
-148,0
-148,0
-78,0
254,0
274,0
307,0
316,0
300,0
284,0
234,0
277,0
243,0
219,0
105,0
50,0
27,0
28,0
-30,0
-15,0
81,0
205,0
343,0
863,0
838,0
428,0
301,0
189,0
266,0
337,0
370,0
367,0
353,0
319,0
344,0
482,0
492,0
392,0
364,0
243,0
86,0
99,0
45,0
62,0
103,0
284,0
533,0
1033,0
1099,0
618,0
454,0
278,0
301,0
361,0
413,0
392,0
409,0
397,0
392,0
484,0
447,0
276,0
211,0
235,0
135,0
136,0
108,0
106,0
148,0
220,0
405,0
978,0
962,0
422,0
281,0
229,0
204,0
147,0
136,0
152,0
160,0
140,0
165,0
85,0
91,0
128,0
99,0
39,0
-7,0
-24,0
-38,0
72,0
106,0
199,0
335,0
547,0
678,0
574,0
251,0
192,0
89,0
138,0
166,0
171,0
162,0
168,0
166,0
109,0
108,0
104,0
95,0
-138,0
-193,0
-205,0
-167,0
-173,0
44,0
143,0
216,0
363,0
427,0
262,0
123,0
-51,0
-33,0
-32,0
-1,0
21,0
38,0
42,0
296,0
225,0
208,0
210,0
173,0
209,0
123,0
91,0
59,0
-5,0
74,0
156,0
272,0
527,0
523,0
322,0
213,0
195,0
255,0
223,0
231,0
232,0
243,0
312,0
319,0
257,0
313,0
300,0
208,0
250,0
166,0
171,0
155,0
154,0
193,0
281,0
405,0
690,0
770,0
520,0
355,0
225,0
298,0
368,0
384,0
380,0
385,0
359,0
415,0
461,0
463,0
490,0
419,0
339,0
224,0
166,0
131,0
190,0
254,0
382,0
604,0
835,0
845,0
706,0
506,0
275,0
301,0
356,0
390,0
379,0
378,0
356,0
413,0
620,0
639,0
445,0
322,0
221,0
184,0
179,0
131,0
171,0
222,0
349,0
485,0
900,0
905,0
675,0
444,0
310,0
171,0
197,0
198,0
202,0
241,0
233,0
310,0
376,0
460,0
342,0
320,0
313,0
284,0
271,0
239,0
279,0
292,0
288,0
404,0
680,0
767,0
487,0
267,0
233,0
158,0
147,0
146,0
149,0
172,0
189,0
172,0
160,0
174,0
150,0
143,0
85,0
-102,0
-139,0
-172,0
-146,0
-20,0
116,0
320,0
393,0
476,0
432,0
294,0
246,0
206,0
224,0
254,0
240,0
266,0
310,0
295,0
207,0
214,0
204,0
172,0
165,0
-103,0
-169,0
-201,0
-211,0
-167,0
141,0
387,0
617,0
734,0
534,0
304,0
263,0
265,0
320,0
-217,0
320,0
324,0
311,0
335,0
443,0
449,0
385,0
116,0
99,0
103,0
101,0
69,0
93,0
130,0
187,0
559,0
977,0
929,0
683,0
395,0
273,0
267,0
286,0
294,0
276,0
286,0
305,0
301,0
377,0
326,0
306,0
154,0
172,0
183,0
166,0
152,0
175,0
199,0
291,0
489,0
566,0
531,0
505,0
340,0
284,0
228,0
310,0
319,0
292,0
310,0
312,0
330,0
405,0
398,0
359,0
227,0
207,0
199,0
206,0
170,0
126,0
151,0
177,0
327,0
430,0
745,0
376,0
263,0
131,0
160,0
204,0
211,0
178,0
229,0
240,0
325,0
354,0
268,0
137,0
38,0
228,0
193,0
179,0
140,0
159,0
202,0
262,0
374,0
429,0
525,0
380,0
240,0
-65,0
-16,0
-204,0
-194,0
-209,0
-142,0
-91,0
-59,0
-138,0
21,0
34,0
17,0
13,0
17,0
-232,0
-195,0
-184,0
-182,0
-17,0
-3,0
94,0
145,0
96,0
-155,0
-192,0
-56,0
-21,0
-29,0
-20,0
14,0
32,0
-82,0
-55,0
71,0
83,0
17,0
-163,0
-209,0
-398,0
-583,0
-323,0
-308,0
-236,0
-57,0
163,0
251,0
105,0
-73,0
-159,0
-258,0
-217,0
-230,0
-241,0
-165,0
-83,0
-65,0
-170,0
-203,0
-110,0
-132,0
-337,0
-494,0
-475,0
-463,0
-451,0
-491,0
-284,0
-173,0
-67,0
103,0
-48,0
-177,0
-192,0
-144,0
-134,0
-155,0
-128,0
-51,0
-67,0
-26,0
243,0
262,0
-27,0
-30,0
72,0
-27,0
3,0
-2,0
-97,0
-74,0
-26,0
194,0
410,0
571,0
320,0
168,0
18,0
144,0
249,0
132,0
112,0
156,0
181,0
291,0
284,0
266,0
256,0
200,0
254,0
261,0
230,0
221,0
218,0
346,0
364,0
324,0
380,0
667,0
446,0
178,0
215,0
202,0
239,0
243,0
224,0
272,0
268,0
365,0
373,0
346,0
288,0
266,0
222,0
179,0
147,0
156,0
196,0
269,0
285,0
282,0
589,0
679,0
593,0
241,0
281,0
290,0
343,0
335,0
338,0
394,0
414,0
406,0
407,0
414,0
366,0
342,0
386,0
263,0
199,0
209,0
250,0
231,0
257,0
302,0
756,0
816,0
631,0
311,0
279,0
188,0
258,0
279,0
282,0
330,0
337,0
411,0
467,0
377,0
354,0
334,0
301,0
226,0
214,0
196,0
193,0
195,0
218,0
275,0
639,0
696,0
530,0
362,0
315,0
177,0
183,0
157,0
173,0
234,0
225,0
254,0
281,0
219,0
230,0
200,0
135,0
76,0
83,0
102,0
95,0
104,0
144,0
240,0
428,0
527,0
484,0
222,0
243,0
191,0
183,0
145,0
181,0
233,0
256,0
246,0
165,0
153,0
166,0
151,0
121,0
-170,0
-221,0
-209,0
-212,0
-222,0
22,0
175,0
305,0
324,0
323,0
230,0
121,0
-43,0
-3,0
12,0
21,0
53,0
39,0
127,0
535,0
493,0
505,0
420,0
296,0
212,0
305,0
256,0
233,0
252,0
395,0
489,0
514,0
566,0
411,0
204,0
79,0
119,0
164,0
126,0
117,0
195,0
209,0
199,0
211,0
161,0
158,0
125,0
20,0
-43,0
-34,0
-55,0
-74,0
-109,0
-90,0
174,0
448,0
629,0
345,0
35,0
-15,0
150,0
216,0
224,0
269,0
280,0
290,0
389,0
503,0
282,0
318,0
305,0
632,0
133,0
148,0
152,0
163,0
166,0
238,0
444,0
691,0
714,0
465,0
339,0
268,0
255,0
312,0
322,0
332,0
377,0
398,0
423,0
424,0
349,0
224,0
166,0
132,0
105,0
126,0
99,0
111,0
162,0
253,0
456,0
644,0
595,0
533,0
208,0
193,0
241,0
291,0
328,0
378,0
425,0
403,0
330,0
355,0
305,0
215,0
162,0
80,0
109,0
143,0
108,0
147,0
167,0
225,0
391,0
509,0
572,0
415,0
234,0
157,0
175,0
199,0
183,0
238,0
279,0
296,0
243,0
265,0
192,0
151,0
94,0
9,0
1,0
19,0
-53,0
-45,0
-12,0
45,0
157,0
322,0
352,0
299,0
200,0
114,0
161,0
252,0
252,0
69,0
110,0
137,0
145,0
221,0
193,0
130,0
-152,0
-115,0
-137,0
-230,0
-251,0
-216,0
-18,0
88,0
352,0
365,0
431,0
413,0
292,0
98,0
-48,0
21,0
-357,0
58,0
52,0
65,0
287,0
375,0
313,0
400,0
354,0
340,0
261,0
264,0
234,0
252,0
238,0
332,0
478,0
705,0
734,0
595,0
264,0
190,0
212,0
258,0
269,0
270,0
290,0
299,0
330,0
391,0
399,0
400,0
331,0
304,0
264,0
258,0
194,0
157,0
101,0
170,0
337,0
646,0
683,0
441,0
280,0
263,0
228,0
285,0
224,0
239,0
288,0
280,0
309,0
451,0
566,0
323,0
353,0
328,0
343,0
334,0
208,0
165,0
190,0
215,0
363,0
736,0
804,0
563,0
272,0
209,0
319,0
371,0
389,0
413,0
428,0
390,0
320,0
337,0
305,0
239,0
109,0
198,0
307,0
330,0
220,0
212,0
300,0
331,0
405,0
523,0
467,0
465,0
422,0
285,0
304,0
376,0
367,0
405,0
439,0
442,0
413,0
421,0
394,0
235,0
223,0
201,0
180,0
144,0
106,0
106,0
128,0
250,0
396,0
558,0
675,0
608,0
526,0
261,0
376,0
313,0
279,0
311,0
366,0
386,0
342,0
255,0
210,0
126,0
228,0
193,0
177,0
158,0
60,0
0,0
33,0
148,0
286,0
424,0
550,0
464,0
230,0
124,0
103,0
-107,0
-98,0
-47,0
-57,0
-124,0
-138,0
57,0
40,0
16,0
-147,0
-126,0
-102,0
-215,0
-226,0
-212,0
-177,0
45,0
179,0
383,0
443,0
433,0
257,0
201,0
240,0
323,0
331,0
314,0
304,0
294,0
271,0
182,0
184,0
182,0
182,0
205,0
237,0
261,0
134,0
120,0
124,0
141,0
339,0
635,0
630,0
601,0
305,0
287,0
376,0
468,0
509,0
529,0
516,0
472,0
398,0
470,0
480,0
256,0
246,0
230,0
77,0
71,0
19,0
23,0
16,0
29,0
168,0
375,0
494,0
437,0
240,0
206,0
225,0
293,0
344,0
387,0
438,0
418,0
438,0
270,0
227,0
153,0
157,0
262,0
142,0
153,0
104,0
106,0
146,0
224,0
399,0
500,0
560,0
478,0
462,0
447,0
451,0
523,0
522,0
529,0
530,0
516,0
551,0
432,0
342,0
292,0
290,0
300,0
223,0
176,0
158,0
167,0
210,0
223,0
293,0
478,0
740,0
614,0
464,0
380,0
405,0
490,0
515,0
526,0
516,0
485,0
403,0
340,0
292,0
168,0
152,0
210,0
153,0
53,0
31,0
16,0
63,0
167,0
237,0
319,0
387,0
261,0
51,0
37,0
55,0
20,0
56,0
69,0
73,0
77,0
41,0
-16,0
-40,0
-67,0
-134,0
-120,0
-127,0
-216,0
-218,0
-191,0
-172,0
-22,0
55,0
295,0
422,0
193,0
-44,0
-91,0
-500,0
-471,0
-443,0
-512,0
-487,0
-500,0
-465,0
-643,0
-555,0
-632,0
-694,0
-705,0
-584,0
-697,0
-741,0
-794,0
-708,0
-599,0
-589,0
-629,0
-642,0
-711,0
-800,0
-723,0
-124,0
-79,0
-90,0
-73,0
-92,0
-108,0
-130,0
-207,0
-180,0
-132,0
-118,0
-136,0
-91,0
-164,0
-178,0
-169,0
-130,0
-84,0
-53,0
36,0
146,0
77,0
78,0
-6,0
-164,0
-112,0
-91,0
-77,0
-91,0
-95,0
-1,0
151,0
117,0
19,0
-159,0
-158,0
-97,0
-90,0
-168,0
-123,0
-88,0
-28,0
306,0
618,0
539,0
379,0
173,0
-58,0
-170,0
-228,0
-245,0
-241,0
-225,0
-210,0
26,0
186,0
235,0
197,0
-82,0
-105,0
-47,0
16,0
-40,0
-67,0
-56,0
-36,0
131,0
306,0
315,0
253,0
-37,0
-148,0
-172,0
-181,0
-192,0
-190,0
-185,0
-200,0
-63,0
170,0
208,0
95,0
-81,0
-68,0
44,0
45,0
38,0
-6,0
-86,0
2,0
133,0
212,0
234,0
191,0
17,0
-101,0
87,0
126,0
172,0
160,0
154,0
106,0
119,0
342,0
459,0
157,0
38,0
30,0
4,0
-13,0
-140,0
-111,0
-76,0
53,0
204,0
304,0
283,0
238,0
75,0
11,0
-97,0
-15,0
-33,0
-49,0
-20,0
-11,0
-16,0
74,0
13,0
-63,0
-153,0
-258,0
-265,0
-256,0
-303,0
-291,0
-218,0
-103,0
-2,0
172,0
263,0
289,0
72,0
-62,0
-177,0
-102,0
-95,0
-256,0
-319,0
-304,0
-349,0
-452,0
-501,0
-495,0
-445,0
-379,0
-393,0
-400,0
-429,0
-455,0
-471,0
-458,0
-119,0
-49,0
-19,0
56,0
-121,0
-239,0
-158,0
-96,0
-385,0
-156,0
-135,0
-135,0
-16,0
276,0
269,0
90,0
42,0
95,0
-27,0
-80,0
-222,0
-248,0
-272,0
-72,0
282,0
684,0
640,0
594,0
218,0
50,0
34,0
38,0
61,0
55,0
61,0
66,0
169,0
539,0
514,0
255,0
204,0
284,0
178,0
159,0
-8,0
73,0
100,0
220,0
412,0
655,0
456,0
289,0
82,0
16,0
72,0
90,0
116,0
102,0
107,0
87,0
132,0
413,0
511,0
460,0
408,0
405,0
346,0
338,0
248,0
232,0
261,0
286,0
435,0
536,0
479,0
282,0
210,0
154,0
81,0
190,0
220,0
222,0
229,0
217,0
334,0
388,0
468,0
326,0
331,0
201,0
196,0
166,0
122,0
131,0
134,0
247,0
235,0
398,0
459,0
415,0
157,0
146,0
-3,0
3,0
42,0
43,0
36,0
20,0
242,0
330,0
363,0
342,0
267,0
167,0
123,0
-91,0
-156,0
-141,0
-112,0
-4,0
185,0
509,0
530,0
517,0
255,0
72,0
-16,0
-14,0
43,0
41,0
11,0
15,0
26,0
16,0
52,0
31,0
-47,0
-138,0
-112,0
-167,0
-195,0
-207,0
-174,0
-81,0
64,0
231,0
287,0
182,0
20,0
-29,0
102,0
146,0
178,0
-29,0
-1,0
15,0
2,0
-94,0
-116,0
-183,0
-216,0
-250,0
-303,0
-234,0
-232,0
-237,0
-242,0
-40,0
166,0
186,0
202,0
288,0
172,0
109,0
83,0
130,0
-78,0
176,0
176,0
175,0
247,0
538,0
473,0
365,0
314,0
322,0
320,0
245,0
121,0
165,0
178,0
316,0
405,0
520,0
425,0
409,0
259,0
36,0
-14,0
74,0
113,0
74,0
92,0
91,0
221,0
563,0
829,0
675,0
619,0
455,0
394,0
139,0
85,0
98,0
101,0
237,0
439,0
874,0
543,0
489,0
159,0
114,0
29,0
88,0
112,0
142,0
134,0
125,0
291,0
782,0
851,0
544,0
386,0
290,0
276,0
193,0
146,0
140,0
157,0
235,0
556,0
806,0
728,0
418,0
232,0
95,0
104,0
202,0
273,0
281,0
313,0
249,0
289,0
450,0
563,0
446,0
368,0
369,0
261,0
126,0
108,0
89,0
198,0
190,0
386,0
513,0
533,0
322,0
192,0
179,0
97,0
196,0
261,0
259,0
271,0
245,0
253,0
391,0
485,0
400,0
310,0
277,0
174,0
175,0
159,0
175,0
252,0
238,0
398,0
575,0
470,0
383,0
-32,0
-146,0
-225,0
-185,0
-143,0
-114,0
-97,0
-110,0
-119,0
-188,0
-249,0
-237,0
-187,0
-194,0
-217,0
-243,0
-403,0
-398,0
-350,0
-281,0
-38,0
99,0
95,0
99,0
-39,0
-91,0
-179,0
-95,0
-12,0
-27,0
-234,0
-191,0
-229,0
-225,0
10,0
-108,0
-181,0
-414,0
-417,0
-448,0
-464,0
-467,0
-417,0
-356,0
-132,0
87,0
30,0
-6,0
-194,0
-196,0
-90,0
-46,0
-229,0
-19,0
-14,0
-38,0
-13,0
104,0
51,0
-4,0
70,0
5,0
-41,0
-41,0
-159,0
-139,0
-110,0
37,0
261,0
473,0
485,0
467,0
308,0
102,0
190,0
191,0
211,0
212,0
200,0
185,0
159,0
350,0
371,0
289,0
247,0
124,0
228,0
211,0
176,0
196,0
216,0
533,0
714,0
825,0
846,0
722,0
597,0
489,0
303,0
314,0
337,0
346,0
329,0
339,0
429,0
463,0
472,0
400,0
372,0
335,0
214,0
175,0
148,0
157,0
252,0
436,0
528,0
698,0
619,0
453,0
400,0
353,0
203,0
268,0
267,0
273,0
259,0
262,0
323,0
458,0
512,0
456,0
401,0
264,0
160,0
156,0
125,0
128,0
184,0
327,0
540,0
674,0
567,0
452,0
452,0
332,0
-86,0
-91,0
-65,0
-67,0
-71,0
4,0
81,0
249,0
229,0
120,0
62,0
-39,0
-61,0
-118,0
-164,0
-147,0
-75,0
170,0
307,0
495,0
487,0
385,0
369,0
183,0
63,0
83,0
77,0
135,0
155,0
175,0
182,0
195,0
199,0
156,0
161,0
51,0
28,0
14,0
-26,0
2,0
30,0
138,0
356,0
522,0
476,0
397,0
325,0
245,0
127,0
173,0
193,0
206,0
206,0
229,0
235,0
155,0
134,0
146,0
104,0
-183,0
-255,0
-277,0
-259,0
-268,0
-256,0
40,0
119,0
136,0
150,0
301,0
221,0
134,0
113,0
86,0
116,0
106,0
85,0
94,0
185,0
380,0
440,0
375,0
206,0
179,0
116,0
103,0
176,0
120,0
177,0
301,0
421,0
469,0
474,0
431,0
371,0
292,0
264,0
301,0
326,0
353,0
354,0
345,0
334,0
405,0
462,0
462,0
338,0
309,0
283,0
249,0
217,0
213,0
247,0
308,0
609,0
720,0
789,0
680,0
573,0
359,0
328,0
371,0
371,0
377,0
378,0
393,0
418,0
437,0
464,0
464,0
403,0
415,0
377,0
303,0
282,0
286,0
394,0
422,0
380,0
503,0
656,0
643,0
477,0
377,0
327,0
300,0
273,0
286,0
285,0
277,0
327,0
438,0
677,0
734,0
674,0
588,0
413,0
415,0
419,0
418,0
506,0
562,0
599,0
716,0
805,0
732,0
644,0
428,0
381,0
247,0
248,0
278,0
276,0
293,0
418,0
455,0
475,0
490,0
488,0
532,0
535,0
488,0
430,0
444,0
551,0
569,0
607,0
649,0
642,0
607,0
497,0
351,0
234,0
213,0
244,0
270,0
275,0
277,0
211,0
169,0
119,0
141,0
123,0
87,0
84,0
34,0
-62,0
-34,0
27,0
193,0
379,0
426,0
414,0
408,0
393,0
238,0
196,0
232,0
66,0
101,0
105,0
126,0
95,0
-8,0
-65,0
131,0
118,0
75,0
-171,0
-217,0
-189,0
-178,0
55,0
145,0
373,0
394,0
394,0
389,0
378,0
253,0
219,0
286,0
304,0
324,0
304,0
310,0
331,0
343,0
404,0
391,0
386,0
347,0
268,0
249,0
226,0
238,0
294,0
404,0
427,0
473,0
487,0
445,0
437,0
335,0
315,0
363,0
331,0
328,0
332,0
335,0
418,0
434,0
487,0
471,0
452,0
419,0
331,0
334,0
351,0
348,0
346,0
468,0
608,0
702,0
679,0
638,0
524,0
441,0
326,0
338,0
367,0
376,0
347,0
340,0
367,0
515,0
528,0
493,0
404,0
376,0
330,0
290,0
237,0
249,0
315,0
464,0
797,0
820,0
837,0
693,0
541,0
398,0
318,0
241,0
280,0
305,0
287,0
155,0
249,0
649,0
603,0
444,0
421,0
380,0
296,0
285,0
238,0
258,0
290,0
385,0
528,0
761,0
748,0
474,0
405,0
382,0
276,0
211,0
236,0
253,0
239,0
248,0
289,0
382,0
443,0
418,0
393,0
378,0
296,0
273,0
213,0
211,0
258,0
428,0
473,0
673,0
684,0
448,0
376,0
257,0
267,0
279,0
199,0
222,0
213,0
220,0
238,0
251,0
248,0
237,0
170,0
138,0
172,0
166,0
-16,0
-18,0
22,0
37,0
82,0
203,0
201,0
172,0
131,0
138,0
199,0
249,0
223,0
255,0
244,0
283,0
257,0
140,0
133,0
148,0
129,0
-83,0
-134,0
-175,0
-167,0
-171,0
-149,0
-78,0
281,0
336,0
364,0
357,0
359,0
257,0
298,0
259,0
287,0
300,0
288,0
339,0
295,0
312,0
315,0
288,0
265,0
246,0
181,0
161,0
121,0
129,0
163,0
220,0
403,0
529,0
528,0
456,0
328,0
243,0
162,0
221,0
241,0
250,0
241,0
224,0
291,0
338,0
341,0
330,0
317,0
215,0
166,0
148,0
83,0
93,0
146,0
242,0
419,0
460,0
460,0
386,0
356,0
302,0
102,0
134,0
158,0
157,0
153,0
155,0
288,0
380,0
387,0
362,0
348,0
338,0
296,0
268,0
212,0
209,0
216,0
348,0
405,0
419,0
412,0
369,0
341,0
291,0
219,0
148,0
135,0
154,0
139,0
242,0
350,0
384,0
556,0
402,0
515,0
507,0
517,0
521,0
255,0
287,0
328,0
603,0
853,0
906,0
855,0
621,0
571,0
432,0
366,0
376,0
320,0
304,0
304,0
383,0
455,0
605,0
627,0
596,0
459,0
353,0
392,0
399,0
137,0
162,0
194,0
295,0
429,0
525,0
595,0
438,0
270,0
234,0
140,0
168,0
181,0
106,0
92,0
96,0
137,0
37,0
26,0
-7,0
-75,0
-67,0
-121,0
-153,0
-195,0
-191,0
-144,0
-100,0
50,0
125,0
135,0
124,0
99,0
83,0
93,0
36,0
70,0
86,0
88,0
103,0
155,0
31,0
-22,0
-69,0
-145,0
-338,0
-368,0
-394,0
-375,0
-413,0
-395,0
-135,0
7,0
113,0
112,0
188,0
97,0
62,0
173,0
226,0
262,0
250,0
257,0
257,0
229,0
318,0
327,0
295,0
226,0
227,0
201,0
202,0
154,0
158,0
179,0
264,0
314,0
384,0
355,0
328,0
264,0
246,0
284,0
232,0
255,0
272,0
265,0
270,0
374,0
385,0
387,0
407,0
346,0
328,0
311,0
309,0
288,0
296,0
340,0
404,0
473,0
570,0
537,0
489,0
444,0
332,0
285,0
297,0
309,0
311,0
297,0
311,0
341,0
432,0
432,0
433,0
548,0
491,0
488,0
500,0
432,0
436,0
507,0
543,0
467,0
551,0
537,0
519,0
401,0
323,0
295,0
290,0
297,0
324,0
321,0
313,0
364,0
467,0
437,0
437,0
336,0
292,0
264,0
306,0
281,0
310,0
332,0
380,0
458,0
537,0
532,0
496,0
414,0
334,0
333,0
378,0
400,0
406,0
396,0
406,0
334,0
474,0
580,0
569,0
325,0
265,0
215,0
135,0
253,0
156,0
184,0
245,0
405,0
519,0
522,0
473,0
400,0
224,0
354,0
388,0
377,0
375,0
364,0
381,0
347,0
323,0
246,0
240,0
157,0
123,0
88,0
32,0
54,0
72,0
115,0
164,0
291,0
368,0
603,0
583,0
394,0
338,0
366,0
423,0
403,0
365,0
167,0
201,0
174,0
70,0
195,0
179,0
124,0
-166,0
-130,0
-150,0
-166,0
-165,0
-102,0
197,0
401,0
414,0
375,0
351,0
348,0
298,0
385,0
420,0
431,0
442,0
449,0
440,0
390,0
432,0
382,0
387,0
319,0
361,0
334,0
340,0
333,0
329,0
376,0
490,0
513,0
504,0
614,0
624,0
365,0
335,0
392,0
421,0
413,0
431,0
445,0
442,0
399,0
442,0
508,0
445,0
391,0
389,0
392,0
508,0
477,0
434,0
509,0
542,0
698,0
666,0
636,0
626,0
522,0
438,0
416,0
391,0
409,0
423,0
405,0
412,0
438,0
443,0
525,0
464,0
407,0
396,0
415,0
405,0
413,0
427,0
640,0
491,0
591,0
706,0
817,0
664,0
551,0
493,0
406,0
390,0
401,0
417,0
409,0
398,0
485,0
440,0
453,0
474,0
432,0
423,0
439,0
430,0
439,0
430,0
590,0
668,0
801,0
924,0
913,0
788,0
569,0
492,0
484,0
413,0
424,0
457,0
423,0
430,0
576,0
587,0
588,0
594,0
591,0
596,0
622,0
596,0
608,0
614,0
645,0
729,0
868,0
865,0
882,0
689,0
544,0
512,0
400,0
434,0
466,0
487,0
485,0
480,0
405,0
306,0
246,0
194,0
165,0
108,0
199,0
205,0
195,0
206,0
297,0
357,0
425,0
547,0
569,0
542,0
307,0
327,0
384,0
446,0
456,0
317,0
312,0
335,0
307,0
129,0
228,0
163,0
144,0
-68,0
-41,0
-72,0
-53,0
4,0
238,0
268,0
340,0
484,0
494,0
448,0
383,0
278,0
405,0
455,0
463,0
486,0
485,0
482,0
419,0
530,0
557,0
527,0
517,0
481,0
503,0
502,0
515,0
521,0
533,0
534,0
556,0
557,0
557,0
522,0
446,0
389,0
417,0
475,0
510,0
531,0
517,0
498,0
480,0
509,0
559,0
512,0
536,0
502,0
431,0
253,0
263,0
305,0
354,0
453,0
452,0
449,0
436,0
434,0
406,0
246,0
292,0
357,0
384,0
398,0
383,0
377,0
432,0
498,0
622,0
643,0
534,0
421,0
413,0
424,0
349,0
360,0
380,0
474,0
516,0
508,0
492,0
474,0
435,0
351,0
411,0
423,0
431,0
450,0
437,0
416,0
442,0
500,0
587,0
563,0
462,0
454,0
346,0
334,0
327,0
342,0
413,0
610,0
658,0
717,0
655,0
606,0
633,0
396,0
418,0
424,0
463,0
475,0
466,0
453,0
477,0
425,0
535,0
473,0
420,0
319,0
314,0
309,0
298,0
262,0
337,0
406,0
649,0
759,0
699,0
636,0
450,0
304,0
394,0
407,0
449,0
462,0
451,0
436,0
326,0
212,0
142,0
210,0
144,0
118,0
120,0
119,0
114,0
129,0
204,0
271,0
521,0
675,0
640,0
525,0
488,0
357,0
359,0
412,0
430,0
448,0
440,0
460,0
445,0
298,0
194,0
98,0
111,0
71,0
173,0
110,0
138,0
147,0
198,0
279,0
488,0
555,0
611,0
573,0
459,0
368,0
546,0
522,0
548,0
553,0
547,0
513,0
671,0
722,0
683,0
763,0
675,0
654,0
659,0
656,0
648,0
663,0
677,0
710,0
740,0
899,0
895,0
743,0
698,0
642,0
659,0
615,0
594,0
597,0
585,0
587,0
737,0
847,0
769,0
702,0
616,0
585,0
684,0
674,0
578,0
559,0
584,0
694,0
874,0
895,0
893,0
842,0
724,0
550,0
528,0
535,0
560,0
566,0
574,0
556,0
617,0
733,0
717,0
616,0
577,0
620,0
640,0
650,0
638,0
666,0
793,0
903,0
915,0
996,0
908,0
880,0
749,0
602,0
615,0
607,0
625,0
627,0
618,0
598,0
639,0
706,0
730,0
659,0
637,0
598,0
549,0
598,0
618,0
608,0
678,0
735,0
892,0
910,0
844,0
820,0
735,0
654,0
651,0
619,0
630,0
636,0
622,0
612,0
683,0
776,0
790,0
807,0
785,0
757,0
734,0
738,0
689,0
682,0
742,0
781,0
961,0
942,0
830,0
818,0
738,0
577,0
430,0
464,0
502,0
517,0
510,0
490,0
460,0
378,0
364,0
310,0
262,0
256,0
309,0
295,0
282,0
297,0
349,0
397,0
632,0
644,0
666,0
628,0
549,0
393,0
432,0
500,0
541,0
546,0
539,0
547,0
532,0
403,0
326,0
269,0
222,0
177,0
162,0
179,0
199,0
220,0
225,0
317,0
476,0
590,0
596,0
569,0
471,0
349,0
501,0
459,0
499,0
508,0
500,0
518,0
546,0
608,0
628,0
612,0
555,0
550,0
548,0
505,0
544,0
542,0
546,0
753,0
864,0
932,0
928,0
831,0
673,0
522,0
487,0
468,0
478,0
493,0
485,0
485,0
601,0
706,0
660,0
632,0
610,0
587,0
590,0
575,0
534,0
562,0
547,0
642,0
770,0
988,0
969,0
784,0
718,0
632,0
531,0
489,0
524,0
537,0
535,0
499,0
620,0
746,0
729,0
638,0
660,0
653,0
580,0
534,0
510,0
524,0
597,0
685,0
921,0
1087,0
920,0
887,0
670,0
596,0
453,0
498,0
520,0
525,0
513,0
499,0
546,0
610,0
627,0
580,0
560,0
499,0
464,0
459,0
411,0
455,0
520,0
597,0
789,0
1051,0
862,0
911,0
621,0
527,0
395,0
358,0
371,0
386,0
376,0
336,0
350,0
466,0
444,0
424,0
396,0
261,0
149,0
180,0
100,0
260,0
286,0
404,0
588,0
725,0
630,0
558,0
434,0
312,0
384,0
459,0
487,0
500,0
480,0
453,0
418,0
305,0
235,0
198,0
173,0
147,0
195,0
198,0
124,0
170,0
222,0
385,0
477,0
584,0
574,0
492,0
326,0
318,0
383,0
219,0
239,0
254,0
256,0
256,0
255,0
357,0
271,0
204,0
150,0
116,0
156,0
167,0
132,0
176,0
217,0
302,0
432,0
554,0
594,0
562,0
457,0
375,0
368,0
431,0
470,0
491,0
477,0
449,0
503,0
592,0
643,0
551,0
475,0
469,0
480,0
468,0
443,0
449,0
472,0
537,0
875,0
900,0
650,0
655,0
555,0
477,0
368,0
409,0
475,0
475,0
461,0
445,0
449,0
540,0
522,0
529,0
452,0
410,0
432,0
440,0
426,0
432,0
452,0
527,0
582,0
746,0
726,0
523,0
467,0
326,0
406,0
466,0
472,0
482,0
468,0
438,0
374,0
504,0
512,0
497,0
452,0
447,0
448,0
444,0
404,0
418,0
546,0
533,0
616,0
670,0
643,0
622,0
472,0
457,0
394,0
424,0
440,0
462,0
443,0
420,0
455,0
518,0
522,0
502,0
451,0
446,0
427,0
437,0
438,0
380,0
462,0
578,0
868,0
927,0
863,0
797,0
490,0
422,0
353,0
391,0
428,0
449,0
440,0
425,0
470,0
621,0
757,0
743,0
550,0
541,0
505,0
493,0
427,0
502,0
484,0
760,0
898,0
962,0
888,0
872,0
549,0
463,0
431,0
467,0
468,0
499,0
498,0
471,0
455,0
385,0
341,0
295,0
216,0
204,0
241,0
245,0
241,0
251,0
323,0
489,0
627,0
786,0
740,0
765,0
480,0
435,0
434,0
254,0
273,0
304,0
314,0
296,0
287,0
183,0
372,0
327,0
248,0
229,0
274,0
280,0
261,0
258,0
279,0
345,0
454,0
485,0
558,0
471,0
314,0
349,0
445,0
507,0
508,0
506,0
505,0
471,0
448,0
479,0
697,0
691,0
620,0
337,0
295,0
283,0
279,0
320,0
313,0
373,0
608,0
688,0
657,0
421,0
308,0
221,0
299,0
340,0
348,0
380,0
381,0
347,0
497,0
526,0
661,0
639,0
547,0
469,0
463,0
455,0
481,0
484,0
558,0
746,0
900,0
942,0
920,0
666,0
420,0
431,0
230,0
218,0
243,0
248,0
254,0
227,0
337,0
408,0
405,0
371,0
351,0
301,0
220,0
201,0
182,0
190,0
244,0
323,0
468,0
670,0
631,0
442,0
457,0
477,0
368,0
381,0
412,0
418,0
410,0
386,0
465,0
552,0
657,0
589,0
475,0
430,0
417,0
413,0
396,0
415,0
434,0
532,0
658,0
703,0
638,0
506,0
353,0
346,0
398,0
490,0
490,0
496,0
512,0
471,0
442,0
651,0
747,0
684,0
610,0
380,0
357,0
330,0
297,0
297,0
352,0
599,0
681,0
698,0
652,0
530,0
411,0
382,0
342,0
363,0
370,0
372,0
353,0
330,0
324,0
188,0
331,0
299,0
237,0
199,0
90,0
99,0
84,0
96,0
164,0
339,0
386,0
461,0
469,0
425,0
272,0
242,0
261,0
297,0
104,0
112,0
104,0
108,0
107,0
34,0
280,0
239,0
190,0
-100,0
-111,0
-116,0
-91,0
-102,0
-49,0
253,0
343,0
395,0
398,0
417,0
285,0
296,0
318,0
359,0
364,0
377,0
355,0
351,0
417,0
492,0
512,0
456,0
430,0
373,0
329,0
185,0
149,0
306,0
313,0
435,0
499,0
708,0
703,0
547,0
334,0
324,0
363,0
407,0
396,0
397,0
401,0
367,0
396,0
429,0
410,0
433,0
242,0
168,0
167,0
152,0
96,0
102,0
115,0
211,0
314,0
421,0
406,0
260,0
92,0
84,0
168,0
190,0
193,0
211,0
193,0
143,0
212,0
257,0
285,0
239,0
137,0
108,0
117,0
151,0
135,0
185,0
233,0
428,0
501,0
592,0
609,0
432,0
258,0
229,0
277,0
74,0
91,0
113,0
109,0
312,0
357,0
460,0
457,0
425,0
381,0
338,0
344,0
328,0
274,0
293,0
370,0
475,0
664,0
812,0
798,0
376,0
277,0
286,0
277,0
297,0
326,0
331,0
331,0
285,0
334,0
474,0
460,0
421,0
339,0
304,0
295,0
255,0
234,0
256,0
328,0
427,0
569,0
642,0
576,0
408,0
316,0
-345,0
275,0
311,0
342,0
358,0
352,0
323,0
289,0
102,0
65,0
-47,0
-40,0
-1,0
-15,0
-45,0
-45,0
-23,0
50,0
119,0
58,0
172,0
196,0
64,0
20,0
76,0
169,0
-4,0
22,0
37,0
36,0
32,0
16,0
-108,0
-31,0
-129,0
-150,0
-143,0
-350,0
-329,0
-252,0
-239,0
-168,0
138,0
222,0
263,0
279,0
206,0
176,0
214,0
360,0
372,0
388,0
392,0
374,0
368,0
379,0
463,0
504,0
422,0
333,0
330,0
321,0
298,0
225,0
292,0
393,0
533,0
874,0
976,0
897,0
440,0
327,0
116,0
181,0
162,0
154,0
161,0
164,0
145,0
424,0
719,0
704,0
660,0
409,0
366,0
386,0
356,0
315,0
341,0
409,0
987,0
886,0
884,0
852,0
865,0
521,0
389,0
422,0
158,0
178,0
184,0
185,0
365,0
397,0
453,0
481,0
437,0
370,0
348,0
339,0
339,0
336,0
342,0
349,0
436,0
696,0
701,0
690,0
419,0
345,0
245,0
314,0
165,0
159,0
175,0
164,0
383,0
438,0
570,0
756,0
550,0
467,0
406,0
377,0
377,0
387,0
400,0
426,0
519,0
823,0
811,0
807,0
412,0
409,0
359,0
402,0
240,0
250,0
255,0
245,0
439,0
426,0
649,0
820,0
506,0
427,0
395,0
318,0
322,0
275,0
281,0
326,0
509,0
721,0
663,0
628,0
497,0
364,0
327,0
361,0
404,0
424,0
438,0
420,0
394,0
365,0
296,0
277,0
224,0
159,0
144,0
137,0
153,0
98,0
126,0
182,0
233,0
456,0
532,0
510,0
437,0
267,0
256,0
330,0
135,0
172,0
200,0
192,0
168,0
173,0
286,0
235,0
197,0
-76,0
-122,0
-132,0
-128,0
-119,0
-113,0
165,0
318,0
408,0
530,0
487,0
296,0
312,0
357,0
399,0
416,0
447,0
462,0
448,0
397,0
443,0
547,0
593,0
500,0
470,0
426,0
414,0
410,0
363,0
376,0
436,0
597,0
798,0
796,0
742,0
499,0
433,0
344,0
450,0
487,0
509,0
511,0
503,0
509,0
532,0
669,0
706,0
528,0
446,0
424,0
430,0
369,0
361,0
370,0
444,0
594,0
786,0
944,0
923,0
628,0
487,0
469,0
475,0
497,0
512,0
522,0
513,0
515,0
505,0
559,0
574,0
529,0
501,0
475,0
323,0
307,0
299,0
408,0
504,0
511,0
590,0
826,0
684,0
448,0
415,0
416,0
310,0
328,0
334,0
342,0
325,0
297,0
299,0
344,0
303,0
277,0
330,0
332,0
291,0
294,0
291,0
245,0
299,0
-29,0
100,0
285,0
121,0
-251,0
-28,0
-147,0
281,0
316,0
342,0
344,0
344,0
317,0
287,0
342,0
356,0
323,0
299,0
321,0
291,0
193,0
171,0
183,0
260,0
386,0
388,0
563,0
381,0
294,0
240,0
77,0
-38,0
-64,0
-58,0
-25,0
-45,0
-71,0
-72,0
-99,0
-138,0
-212,0
-233,0
-306,0
-280,0
-281,0
-287,0
-250,0
-267,0
-188,0
-45,0
-11,0
20,0
-74,0
-128,0
-135,0
-320,0
-294,0
-243,0
-249,0
-259,0
-281,0
-297,0
-73,0
-132,0
-162,0
-238,0
-220,0
-486,0
-473,0
-461,0
-455,0
-81,0
-17,0
-2,0
90,0
85,0
16,0
-14,0
-66,0
124,0
147,0
168,0
164,0
157,0
158,0
230,0
437,0
451,0
392,0
246,0
175,0
139,0
78,0
2,0
25,0
86,0
172,0
350,0
484,0
325,0
158,0
194,0
190,0
52,0
73,0
93,0
98,0
91,0
56,0
132,0
297,0
333,0
303,0
202,0
116,0
116,0
102,0
105,0
98,0
89,0
158,0
488,0
569,0
477,0
282,0
116,0
87,0
94,0
138,0
141,0
163,0
145,0
91,0
115,0
175,0
231,0
198,0
178,0
128,0
109,0
122,0
112,0
131,0
167,0
325,0
519,0
580,0
421,0
307,0
269,0
269,0
246,0
270,0
286,0
316,0
300,0
307,0
364,0
393,0
418,0
388,0
402,0
314,0
335,0
343,0
296,0
320,0
379,0
613,0
743,0
726,0
697,0
451,0
386,0
356,0
145,0
104,0
124,0
129,0
128,0
151,0
236,0
288,0
355,0
368,0
313,0
210,0
100,0
73,0
79,0
105,0
139,0
107,0
290,0
264,0
160,0
77,0
130,0
98,0
148,0
-83,0
-67,0
-75,0
-97,0
-101,0
-61,0
101,0
73,0
33,0
48,0
-49,0
-129,0
-153,0
-232,0
-187,0
-123,0
-25,0
85,0
335,0
73,0
-78,0
32,0
98,0
202,0
-29,0
-53,0
-42,0
-48,0
-46,0
-69,0
-161,0
24,0
-24,0
-64,0
-304,0
-295,0
-310,0
-300,0
-296,0
-2,0
126,0
147,0
340,0
236,0
134,0
96,0
177,0
173,0
207,0
215,0
212,0
202,0
177,0
275,0
396,0
465,0
357,0
341,0
262,0
253,0
214,0
226,0
235,0
296,0
400,0
650,0
649,0
568,0
269,0
244,0
320,0
167,0
196,0
201,0
190,0
166,0
132,0
245,0
316,0
405,0
386,0
285,0
214,0
135,0
154,0
133,0
155,0
251,0
379,0
567,0
573,0
573,0
285,0
216,0
302,0
190,0
246,0
265,0
279,0
265,0
257,0
355,0
415,0
381,0
353,0
359,0
288,0
272,0
265,0
230,0
235,0
247,0
400,0
653,0
636,0
612,0
409,0
320,0
267,0
304,0
273,0
287,0
301,0
289,0
275,0
292,0
452,0
471,0
454,0
268,0
188,0
126,0
137,0
140,0
158,0
175,0
321,0
603,0
609,0
555,0
164,0
125,0
123,0
191,0
262,0
284,0
292,0
290,0
254,0
163,0
365,0
461,0
348,0
260,0
258,0
226,0
223,0
211,0
223,0
225,0
291,0
328,0
537,0
291,0
220,0
181,0
114,0
-6,0
5,0
37,0
58,0
52,0
24,0
23,0
-7,0
-12,0
-61,0
-126,0
-254,0
-282,0
-281,0
-307,0
-292,0
-181,0
51,0
104,0
64,0
122,0
-17,0
-118,0
-107,0
-37,0
-237,0
-178,0
-166,0
-173,0
-184,0
-204,0
-262,0
33,0
-16,0
-45,0
-129,0
-88,0
-116,0
-92,0
-80,0
28,0
116,0
245,0
218,0
248,0
265,0
142,0
117,0
256,0
286,0
308,0
312,0
297,0
251,0
250,0
445,0
485,0
455,0
373,0
322,0
333,0
316,0
276,0
278,0
307,0
362,0
592,0
710,0
549,0
390,0
319,0
334,0
362,0
397,0
417,0
418,0
405,0
374,0
467,0
630,0
662,0
644,0
509,0
480,0
490,0
475,0
347,0
348,0
359,0
473,0
560,0
611,0
492,0
411,0
365,0
340,0
438,0
451,0
453,0
456,0
461,0
469,0
493,0
586,0
609,0
618,0
564,0
550,0
544,0
555,0
514,0
465,0
493,0
550,0
647,0
666,0
586,0
486,0
473,0
483,0
501,0
455,0
316,0
319,0
326,0
332,0
618,0
621,0
619,0
611,0
585,0
569,0
504,0
506,0
492,0
513,0
545,0
585,0
778,0
757,0
569,0
536,0
410,0
381,0
429,0
457,0
434,0
444,0
423,0
431,0
548,0
797,0
842,0
810,0
741,0
713,0
550,0
536,0
496,0
493,0
542,0
562,0
818,0
847,0
686,0
551,0
516,0
519,0
533,0
402,0
345,0
360,0
350,0
325,0
253,0
342,0
374,0
309,0
308,0
312,0
298,0
298,0
271,0
270,0
349,0
379,0
534,0
498,0
350,0
325,0
427,0
403,0
348,0
361,0
406,0
419,0
426,0
413,0
382,0
339,0
264,0
196,0
172,0
160,0
155,0
148,0
164,0
195,0
234,0
342,0
474,0
497,0
469,0
393,0
322,0
359,0
242,0
255,0
289,0
292,0
290,0
299,0
441,0
564,0
543,0
540,0
501,0
321,0
295,0
193,0
139,0
212,0
219,0
492,0
596,0
571,0
558,0
362,0
241,0
257,0
232,0
234,0
261,0
271,0
247,0
234,0
317,0
539,0
566,0
468,0
423,0
342,0
203,0
202,0
161,0
198,0
383,0
397,0
644,0
636,0
484,0
354,0
262,0
174,0
241,0
246,0
254,0
276,0
256,0
211,0
343,0
595,0
585,0
550,0
394,0
392,0
198,0
198,0
190,0
217,0
404,0
581,0
632,0
634,0
554,0
323,0
223,0
189,0
156,0
-27,0
-20,0
-18,0
-13,0
265,0
373,0
573,0
520,0
463,0
424,0
357,0
239,0
225,0
206,0
256,0
431,0
570,0
630,0
646,0
579,0
-361,0
-477,0
-511,0
242,0
134,0
135,0
152,0
144,0
148,0
358,0
696,0
651,0
547,0
538,0
536,0
436,0
428,0
431,0
396,0
502,0
501,0
646,0
726,0
612,0
550,0
371,0
325,0
191,0
175,0
190,0
231,0
205,0
192,0
210,0
218,0
269,0
264,0
256,0
169,0
165,0
154,0
119,0
151,0
208,0
422,0
562,0
538,0
509,0
277,0
207,0
128,0
12,0
-75,0
-141,0
-159,0
-123,0
-147,0
-113,0
-10,0
-44,0
0,0
-7,0
-26,0
7,0
-62,0
-41,0
96,0
153,0
144,0
319,0
321,0
355,0
324,0
196,0
247,0
88,0
359,0
396,0
411,0
419,0
405,0
395,0
523,0
748,0
798,0
790,0
756,0
645,0
632,0
644,0
639,0
645,0
853,0
955,0
969,0
942,0
796,0
555,0
483,0
498,0
495,0
461,0
467,0
470,0
459,0
436,0
620,0
645,0
791,0
787,0
642,0
551,0
547,0
522,0
497,0
525,0
763,0
845,0
809,0
734,0
725,0
615,0
484,0
352,0
326,0
365,0
389,0
394,0
371,0
324,0
434,0
569,0
670,0
670,0
564,0
518,0
485,0
446,0
447,0
760,0
783,0
827,0
829,0
809,0
717,0
564,0
562,0
565,0
418,0
264,0
274,0
267,0
239,0
427,0
561,0
645,0
766,0
755,0
733,0
648,0
654,0
665,0
639,0
765,0
869,0
903,0
888,0
846,0
734,0
572,0
603,0
504,0
469,0
486,0
526,0
536,0
471,0
409,0
596,0
652,0
767,0
737,0
747,0
549,0
614,0
618,0
545,0
704,0
689,0
870,0
884,0
838,0
667,0
644,0
574,0
567,0
403,0
447,0
489,0
500,0
481,0
458,0
485,0
458,0
526,0
470,0
450,0
419,0
393,0
340,0
348,0
500,0
674,0
689,0
728,0
656,0
584,0
513,0
484,0
308,0
123,0
141,0
152,0
167,0
152,0
115,0
98,0
20,0
17,0
-27,0
0,0
-8,0
-16,0
17,0
79,0
311,0
438,0
477,0
481,0
471,0
471,0
367,0
278,0
338,0
174,0
198,0
233,0
235,0
218,0
370,0
575,0
809,0
839,0
712,0
613,0
580,0
566,0
563,0
692,0
810,0
890,0
866,0
871,0
849,0
816,0
592,0
556,0
559,0
429,0
466,0
452,0
468,0
451,0
436,0
681,0
837,0
881,0
899,0
850,0
799,0
638,0
631,0
621,0
814,0
1042,0
976,0
937,0
928,0
634,0
579,0
-142,0
-139,0
427,0
462,0
488,0
484,0
470,0
415,0
707,0
835,0
882,0
842,0
680,0
644,0
654,0
654,0
872,0
908,0
946,0
921,0
945,0
973,0
873,0
713,0
707,0
687,0
530,0
606,0
652,0
667,0
665,0
685,0
905,0
1050,0
1064,0
1054,0
956,0
896,0
800,0
781,0
869,0
915,0
1059,0
1027,0
1039,0
1022,0
889,0
759,0
747,0
704,0
551,0
600,0
629,0
639,0
630,0
574,0
782,0
984,0
939,0
903,0
796,0
744,0
689,0
689,0
729,0
715,0
915,0
949,0
954,0
960,0
817,0
647,0
628,0
642,0
404,0
403,0
431,0
445,0
424,0
387,0
477,0
417,0
568,0
466,0
453,0
456,0
407,0
385,0
437,0
516,0
575,0
696,0
718,0
728,0
711,0
581,0
470,0
386,0
248,0
70,0
98,0
100,0
91,0
54,0
75,0
286,0
199,0
155,0
159,0
201,0
196,0
163,0
209,0
383,0
639,0
677,0
687,0
607,0
602,0
425,0
390,0
440,0
438,0
461,0
476,0
488,0
464,0
522,0
556,0
809,0
805,0
790,0
758,0
694,0
696,0
689,0
690,0
802,0
842,0
798,0
834,0
830,0
724,0
569,0
531,0
489,0
510,0
554,0
577,0
591,0
571,0
567,0
672,0
767,0
828,0
834,0
751,0
730,0
712,0
708,0
808,0
858,0
928,0
1080,0
890,0
876,0
740,0
654,0
548,0
594,0
511,0
534,0
552,0
576,0
548,0
514,0
595,0
739,0
792,0
755,0
728,0
618,0
638,0
666,0
722,0
826,0
878,0
898,0
867,0
811,0
660,0
534,0
527,0
506,0
504,0
440,0
467,0
489,0
468,0
505,0
574,0
740,0
676,0
652,0
590,0
590,0
568,0
635,0
672,0
930,0
892,0
889,0
905,0
903,0
712,0
541,0
541,0
485,0
468,0
269,0
246,0
230,0
227,0
468,0
554,0
689,0
660,0
650,0
556,0
503,0
528,0
549,0
639,0
736,0
775,0
754,0
768,0
745,0
585,0
553,0
448,0
474,0
482,0
499,0
416,0
396,0
386,0
482,0
559,0
661,0
679,0
624,0
474,0
415,0
395,0
401,0
409,0
685,0
704,0
802,0
781,0
801,0
642,0
489,0
385,0
343,0
329,0
134,0
49,0
71,0
66,0
27,0
170,0
388,0
316,0
265,0
265,0
242,0
244,0
265,0
347,0
526,0
521,0
615,0
611,0
597,0
554,0
473,0
386,0
249,0
355,0
185,0
174,0
184,0
206,0
470,0
530,0
638,0
670,0
660,0
646,0
614,0
520,0
519,0
644,0
780,0
777,0
791,0
821,0
730,0
595,0
565,0
474,0
470,0
547,0
579,0
514,0
486,0
552,0
553,0
671,0
597,0
721,0
739,0
742,0
705,0
592,0
598,0
681,0
830,0
905,0
974,0
978,0
887,0
591,0
604,0
517,0
504,0
520,0
481,0
489,0
485,0
480,0
570,0
702,0
778,0
849,0
804,0
681,0
645,0
517,0
535,0
565,0
838,0
868,0
859,0
936,0
857,0
694,0
562,0
474,0
478,0
540,0
550,0
477,0
465,0
478,0
564,0
606,0
770,0
860,0
813,0
680,0
599,0
618,0
628,0
742,0
775,0
907,0
943,0
964,0
857,0
644,0
525,0
510,0
477,0
570,0
567,0
608,0
624,0
601,0
624,0
709,0
811,0
766,0
803,0
783,0
795,0
626,0
582,0
799,0
849,0
1027,0
1014,0
1053,0
956,0
802,0
564,0
529,0
525,0
570,0
592,0
573,0
592,0
559,0
560,0
560,0
543,0
528,0
552,0
510,0
563,0
489,0
453,0
453,0
703,0
845,0
857,0
892,0
812,0
674,0
585,0
564,0
539,0
439,0
285,0
259,0
244,0
243,0
299,0
350,0
568,0
538,0
446,0
445,0
449,0
453,0
440,0
463,0
568,0
712,0
708,0
727,0
515,0
348,0
319,0
323,0
282,0
291,0
354,0
379,0
382,0
358,0
302,0
336,0
429,0
372,0
330,0
446,0
366,0
323,0
333,0
488,0
518,0
581,0
566,0
596,0
471,0
392,0
237,0
285,0
318,0
337,0
192,0
248,0
271,0
256,0
217,0
509,0
443,0
459,0
405,0
432,0
549,0
549,0
549,0
549,0
648,0
733,0
711,0
712,0
655,0
439,0
405,0
385,0
366,0
366,0
206,0
221,0
241,0
217,0
411,0
546,0
654,0
684,0
569,0
566,0
536,0
459,0
482,0
578,0
652,0
787,0
842,0
779,0
661,0
524,0
432,0
446,0
450,0
559,0
603,0
616,0
623,0
610,0
604,0
631,0
690,0
721,0
688,0
663,0
661,0
618,0
619,0
621,0
663,0
867,0
904,0
878,0
758,0
605,0
566,0
531,0
528,0
559,0
389,0
413,0
412,0
411,0
591,0
631,0
744,0
718,0
688,0
668,0
630,0
608,0
565,0
604,0
749,0
1005,0
1010,0
936,0
790,0
564,0
545,0
524,0
507,0
393,0
402,0
379,0
379,0
374,0
386,0
402,0
430,0
504,0
443,0
369,0
323,0
290,0
281,0
261,0
489,0
590,0
622,0
625,0
564,0
409,0
378,0
386,0
348,0
374,0
200,0
199,0
220,0
200,0
196,0
247,0
419,0
414,0
371,0
390,0
381,0
345,0
339,0
366,0
486,0
641,0
684,0
708,0
696,0
530,0
503,0
511,0
542,0
607,0
627,0
651,0
674,0
643,0
740,0
814,0
887,0
852,0
852,0
820,0
782,0
770,0
769,0
811,0
855,0
879,0
891,0
891,0
878,0
791,0
733,0
693,0
696,0
702,0
720,0
734,0
745,0
739,0
680,0
672,0
703,0
757,0
754,0
708,0
683,0
723,0
700,0
756,0
848,0
927,0
987,0
952,0
832,0
744,0
723,0
725,0
700,0
755,0
802,0
829,0
837,0
830,0
761,0
720,0
779,0
1009,0
1032,0
969,0
917,0
969,0
972,0
1060,0
1112,0
1058,0
1055,0
1072,0
1054,0
945,0
732,0
671,0
513,0
635,0
677,0
711,0
701,0
696,0
753,0
772,0
874,0
1083,0
1064,0
983,0
999,0
900,0
897,0
929,0
947,0
1092,0
1073,0
1002,0
894,0
670,0
602,0
631,0
704,0
866,0
1018,0
1034,0
1035,0
1032,0
1000,0
942,0
993,0
1027,0
1073,0
1035,0
1013,0
1053,0
985,0
984,0
1012,0
1031,0
1037,0
1019,0
967,0
959,0
824,0
851,0
913,0
749,0
837,0
815,0
812,0
808,0
787,0
700,0
705,0
778,0
800,0
758,0
710,0
706,0
670,0
693,0
790,0
904,0
929,0
944,0
898,0
837,0
796,0
692,0
696,0
660,0
473,0
497,0
473,0
480,0
678,0
670,0
624,0
600,0
579,0
548,0
551,0
576,0
581,0
631,0
668,0
778,0
863,0
866,0
869,0
737,0
657,0
677,0
661,0
724,0
553,0
527,0
523,0
545,0
751,0
758,0
806,0
896,0
876,0
850,0
822,0
788,0
813,0
824,0
884,0
1092,0
1082,0
1090,0
897,0
850,0
708,0
696,0
773,0
599,0
642,0
649,0
663,0
630,0
604,0
777,0
820,0
907,0
984,0
969,0
961,0
870,0
823,0
854,0
932,0
990,0
1028,0
975,0
920,0
797,0
794,0
838,0
859,0
899,0
801,0
768,0
747,0
760,0
903,0
933,0
939,0
1067,0
1044,0
1043,0
1019,0
1013,0
948,0
1013,0
1148,0
1168,0
1203,0
1227,0
1158,0
925,0
874,0
831,0
848,0
853,0
889,0
907,0
906,0
896,0
882,0
928,0
1021,0
1170,0
1158,0
1218,0
1137,0
1155,0
1119,0
1134,0
1033,0
1081,0
1089,0
1052,0
918,0
815,0
723,0
695,0
759,0
755,0
785,0
809,0
805,0
784,0
747,0
706,0
758,0
910,0
902,0
889,0
926,0
919,0
864,0
875,0
928,0
1043,0
1031,0
979,0
910,0
807,0
798,0
796,0
735,0
362,0
414,0
460,0
470,0
461,0
402,0
388,0
400,0
559,0
588,0
562,0
534,0
394,0
375,0
207,0
321,0
517,0
596,0
590,0
567,0
385,0
233,0
242,0
283,0
286,0
263,0
282,0
293,0
307,0
273,0
218,0
171,0
90,0
204,0
201,0
197,0
229,0
228,0
217,0
273,0
346,0
486,0
479,0
489,0
369,0
295,0
357,0
373,0
408,0
430,0
492,0
477,0
450,0
415,0
489,0
584,0
788,0
772,0
728,0
747,0
640,0
604,0
692,0
733,0
858,0
881,0
906,0
961,0
614,0
483,0
460,0
480,0
576,0
578,0
584,0
608,0
550,0
530,0
495,0
667,0
1038,0
1051,0
1047,0
1059,0
901,0
878,0
665,0
820,0
1119,0
1067,0
906,0
775,0
582,0
436,0
228,0
528,0
445,0
475,0
482,0
442,0
390,0
451,0
473,0
750,0
833,0
913,0
1015,0
874,0
782,0
772,0
579,0
815,0
1001,0
1013,0
807,0
1029,0
812,0
538,0
119,0
258,0
26,0
76,0
136,0
154,0
106,0
80,0
432,0
731,0
835,0
833,0
806,0
827,0
783,0
759,0
758,0
836,0
836,0
875,0
779,0
698,0
530,0
435,0
33,0
226,0
41,0
85,0
103,0
31,0
77,0
104,0
408,0
661,0
883,0
890,0
945,0
885,0
848,0
769,0
826,0
1014,0
1114,0
1094,0
1018,0
861,0
584,0
391,0
353,0
384,0
133,0
173,0
197,0
207,0
212,0
163,0
178,0
264,0
352,0
430,0
426,0
472,0
489,0
398,0
357,0
456,0
676,0
668,0
669,0
491,0
230,0
193,0
201,0
-54,0
-115,0
-102,0
-74,0
-33,0
-44,0
-91,0
-134,0
8,0
152,0
210,0
199,0
210,0
131,0
91,0
154,0
188,0
350,0
494,0
452,0
424,0
244,0
121,0
18,0
30,0
181,0
229,0
258,0
269,0
251,0
168,0
215,0
397,0
604,0
623,0
621,0
621,0
622,0
681,0
622,0
703,0
771,0
719,0
668,0
615,0
396,0
218,0
198,0
156,0
106,0
-24,0
31,0
30,0
8,0
160,0
312,0
470,0
775,0
817,0
718,0
706,0
783,0
756,0
689,0
792,0
749,0
644,0
613,0
679,0
415,0
258,0
222,0
366,0
77,0
117,0
207,0
201,0
189,0
116,0
241,0
354,0
601,0
643,0
514,0
534,0
455,0
500,0
493,0
620,0
449,0
278,0
523,0
786,0
161,0
-67,0
268,0
191,0
-145,0
-128,0
-98,0
-111,0
-113,0
-142,0
-192,0
-241,0
-196,0
-155,0
-136,0
-143,0
-283,0
-258,0
-265,0
-209,0
-149,0
-320,0
-114,0
-147,0
-181,0
-158,0
-238,0
-210,0
-81,0
-10,0
-149,0
-108,0
-143,0
-255,0
-216,0
-312,0
-195,0
-225,0
-193,0
-210,0
-236,0
-301,0
-236,0
-188,0
-153,0
-337,0
-173,0
-113,0
-175,0
-345,0
-322,0
-112,0
-274,0
-206,0
-244,0
-228,0
-208,0
-247,0
-341,0
-406,0
-522,0
-488,0
-477,0
-454,0
-424,0
-351,0
-356,0
-290,0
-107,0
-79,0
-7,0
-107,0
-185,0
-281,0
-312,0
-256,0
-344,0
-324,0
-295,0
-302,0
-315,0
-302,0
-402,0
-250,0
-327,0
-350,0
-354,0
-341,0
-369,0
-411,0
-387,0
-346,0
-119,0
-123,0
-158,0
-276,0
-349,0
-328,0
-288,0
-151,0
-89,0
-53,0
-38,0
7,0
22,0
184,0
157,0
290,0
359,0
419,0
486,0
500,0
491,0
443,0
450,0
468,0
634,0
650,0
590,0
440,0
444,0
311,0
242,0
242,0
505,0
515,0
540,0
563,0
554,0
532,0
599,0
792,0
887,0
970,0
987,0
974,0
807,0
776,0
768,0
1008,0
1251,0
1270,0
1300,0
1303,0
996,0
917,0
852,0
731,0
882,0
838,0
876,0
1006,0
1027,0
1065,0
1074,0
1013,0
1049,0
1053,0
1059,0
1067,0
1064,0
1025,0
1002,0
1034,0
1014,0
963,0
1039,0
928,0
715,0
687,0
644,0
883,0
1059,0
1111,0
1126,0
1136,0
1121,0
1056,0
960,0
900,0
898,0
888,0
968,0
1017,0
1040,0
1026,0
1053,0
1188,0
1133,0
1120,0
1138,0
1191,0
966,0
1028,0
1047,0
