-502,0
-735,0
-698,0
-671,0
-660,0
-668,0
-702,0
-736,0
-688,0
-688,0
-553,0
-514,0
-470,0
-488,0
-463,0
-390,0
-178,0
-146,0
-127,0
-127,0
-168,0
-305,0
-357,0
-478,0
-399,0
-454,0
-440,0
-404,0
-428,0
-444,0
-420,0
-307,0
-75,0
-94,0
-147,0
-183,0
-209,0
-193,0
-182,0
-124,0
-60,0
97,0
-38,0
-39,0
-59,0
-174,0
-189,0
-211,0
42,0
62,0
33,0
49,0
41,0
14,0
120,0
143,0
155,0
158,0
133,0
175,0
167,0
93,0
107,0
330,0
389,0
389,0
407,0
371,0
221,0
98,0
84,0
100,0
-33,0
-11,0
-24,0
-9,0
-12,0
-20,0
65,0
153,0
167,0
82,0
109,0
89,0
-10,0
-12,0
14,0
95,0
304,0
395,0
325,0
292,0
220,0
105,0
102,0
126,0
195,0
-90,0
-110,0
-78,0
-46,0
-38,0
74,0
206,0
298,0
360,0
435,0
434,0
380,0
376,0
377,0
413,0
419,0
535,0
497,0
393,0
364,0
333,0
317,0
281,0
217,0
44,0
53,0
56,0
51,0
50,0
118,0
296,0
282,0
273,0
279,0
316,0
304,0
274,0
253,0
318,0
360,0
386,0
386,0
346,0
334,0
312,0
331,0
318,0
450,0
298,0
311,0
309,0
273,0
275,0
321,0
622,0
773,0
837,0
783,0
733,0
672,0
588,0
589,0
642,0
816,0
884,0
889,0
690,0
694,0
597,0
538,0
544,0
440,0
467,0
468,0
466,0
450,0
505,0
551,0
663,0
821,0
810,0
841,0
821,0
780,0
757,0
794,0
747,0
794,0
760,0
693,0
551,0
514,0
507,0
476,0
470,0
523,0
494,0
491,0
502,0
487,0
398,0
518,0
603,0
618,0
680,0
630,0
662,0
675,0
634,0
613,0
612,0
586,0
554,0
552,0
548,0
452,0
507,0
477,0
532,0
545,0
476,0
492,0
492,0
482,0
502,0
548,0
575,0
561,0
536,0
576,0
614,0
645,0
638,0
617,0
635,0
644,0
637,0
654,0
661,0
490,0
451,0
431,0
455,0
467,0
474,0
427,0
441,0
428,0
470,0
438,0
391,0
450,0
452,0
426,0
392,0
395,0
396,0
480,0
515,0
514,0
506,0
507,0
490,0
483,0
418,0
386,0
388,0
477,0
382,0
408,0
405,0
318,0
308,0
321,0
336,0
337,0
353,0
273,0
261,0
268,0
237,0
248,0
259,0
359,0
396,0
427,0
441,0
409,0
356,0
373,0
344,0
194,0
171,0
175,0
198,0
178,0
134,0
88,0
43,0
53,0
188,0
209,0
186,0
153,0
162,0
163,0
146,0
127,0
155,0
158,0
151,0
179,0
196,0
191,0
146,0
96,0
174,0
215,0
216,0
179,0
119,0
130,0
181,0
239,0
170,0
163,0
175,0
168,0
170,0
127,0
120,0
255,0
284,0
329,0
276,0
249,0
104,0
205,0
193,0
218,0
262,0
249,0
255,0
248,0
260,0
205,0
201,0
277,0
280,0
267,0
243,0
154,0
119,0
117,0
160,0
285,0
286,0
287,0
264,0
230,0
110,0
130,0
132,0
213,0
264,0
170,0
193,0
179,0
235,0
196,0
189,0
260,0
281,0
284,0
241,0
182,0
164,0
201,0
209,0
259,0
332,0
309,0
311,0
260,0
213,0
192,0
199,0
211,0
201,0
68,0
-14,0
45,0
46,0
251,0
319,0
452,0
476,0
476,0
481,0
424,0
336,0
222,0
228,0
242,0
270,0
270,0
209,0
205,0
191,0
178,0
210,0
-60,0
-26,0
21,0
31,0
10,0
32,0
231,0
258,0
271,0
316,0
320,0
512,0
465,0
257,0
225,0
219,0
397,0
425,0
419,0
266,0
179,0
182,0
153,0
209,0
205,0
136,0
176,0
188,0
164,0
122,0
184,0
142,0
146,0
167,0
165,0
186,0
81,0
61,0
55,0
110,0
384,0
307,0
280,0
114,0
76,0
129,0
123,0
130,0
-71,0
-105,0
-56,0
-33,0
-23,0
-58,0
-110,0
-100,0
25,0
79,0
106,0
98,0
66,0
83,0
104,0
109,0
226,0
158,0
160,0
160,0
91,0
16,0
58,0
106,0
2,0
-30,0
-8,0
1,0
-24,0
-7,0
59,0
148,0
187,0
387,0
365,0
275,0
210,0
72,0
165,0
340,0
400,0
440,0
423,0
443,0
407,0
117,0
45,0
169,0
-162,0
-107,0
-101,0
-104,0
-107,0
83,0
71,0
262,0
393,0
399,0
349,0
204,0
172,0
108,0
94,0
-14,0
218,0
256,0
314,0
336,0
-7,0
-62,0
-168,0
-91,0
-239,0
-222,0
-190,0
-174,0
-185,0
-199,0
-23,0
-1,0
151,0
142,0
-33,0
-20,0
-53,0
-43,0
-4,0
8,0
198,0
288,0
285,0
219,0
2,0
-163,0
-188,0
-111,0
62,0
-101,0
-84,0
-80,0
-91,0
-129,0
120,0
125,0
380,0
391,0
395,0
258,0
330,0
272,0
278,0
326,0
363,0
529,0
542,0
545,0
331,0
183,0
150,0
142,0
26,0
-142,0
-95,0
-148,0
-156,0
-137,0
103,0
370,0
396,0
379,0
390,0
368,0
363,0
155,0
51,0
58,0
221,0
327,0
335,0
-54,0
3,0
-224,0
-337,0
-241,0
-265,0
-172,0
-144,0
-116,0
-137,0
-206,0
-153,0
-148,0
-133,0
-197,0
-192,0
-187,0
-331,0
-338,0
-307,0
-115,0
10,0
62,0
87,0
83,0
83,0
-208,0
-322,0
-263,0
-277,0
-226,0
-197,0
-201,0
-205,0
-196,0
-226,0
-335,0
-329,0
-280,0
-269,0
-190,0
-310,0
-354,0
-315,0
-289,0
-108,0
51,0
64,0
37,0
-39,0
-356,0
-343,0
-260,0
-255,0
-166,0
-113,0
-109,0
-138,0
-194,0
-60,0
33,0
100,0
85,0
111,0
90,0
104,0
-27,0
-4,0
49,0
172,0
222,0
221,0
218,0
19,0
-69,0
-125,0
-51,0
81,0
131,0
133,0
220,0
199,0
204,0
193,0
437,0
463,0
456,0
460,0
291,0
195,0
161,0
169,0
221,0
419,0
416,0
431,0
435,0
177,0
71,0
107,0
215,0
175,0
242,0
266,0
264,0
227,0
195,0
245,0
295,0
307,0
308,0
353,0
330,0
188,0
167,0
171,0
210,0
290,0
467,0
493,0
340,0
266,0
203,0
179,0
225,0
204,0
229,0
235,0
230,0
229,0
265,0
291,0
533,0
591,0
579,0
550,0
504,0
498,0
451,0
452,0
463,0
551,0
637,0
645,0
643,0
628,0
390,0
332,0
252,0
-64,0
-45,0
-45,0
-31,0
-41,0
-90,0
-35,0
251,0
265,0
256,0
234,0
78,0
47,0
39,0
87,0
253,0
285,0
335,0
337,0
269,0
131,0
-26,0
-2,0
89,0
171,0
208,0
228,0
254,0
249,0
319,0
269,0
292,0
448,0
416,0
399,0
382,0
358,0
338,0
350,0
407,0
548,0
499,0
512,0
536,0
257,0
298,0
315,0
300,0
427,0
444,0
453,0
439,0
460,0
469,0
523,0
509,0
469,0
544,0
507,0
695,0
672,0
683,0
703,0
725,0
710,0
723,0
729,0
802,0
821,0
786,0
838,0
902,0
864,0
874,0
921,0
963,0
971,0
922,0
942,0
754,0
846,0
835,0
838,0
836,0
782,0
777,0
764,0
866,0
924,0
922,0
901,0
883,0
800,0
842,0
789,0
795,0
888,0
928,0
933,0
932,0
930,0
892,0
768,0
869,0
871,0
867,0
867,0
868,0
800,0
765,0
781,0
878,0
928,0
915,0
928,0
948,0
930,0
801,0
795,0
858,0
717,0
736,0
747,0
766,0
744,0
703,0
591,0
794,0
741,0
717,0
727,0
725,0
645,0
551,0
559,0
716,0
801,0
818,0
822,0
837,0
697,0
529,0
520,0
601,0
483,0
524,0
531,0
534,0
527,0
488,0
393,0
540,0
670,0
668,0
634,0
640,0
489,0
489,0
502,0
618,0
655,0
654,0
672,0
677,0
650,0
416,0
371,0
376,0
306,0
319,0
293,0
299,0
302,0
293,0
303,0
525,0
620,0
613,0
615,0
614,0
546,0
404,0
403,0
399,0
631,0
635,0
630,0
637,0
622,0
367,0
299,0
309,0
208,0
180,0
183,0
185,0
156,0
200,0
204,0
205,0
208,0
223,0
224,0
223,0
191,0
192,0
194,0
192,0
345,0
484,0
488,0
445,0
289,0
201,0
190,0
197,0
177,0
-67,0
-69,0
-40,0
-10,0
-70,0
-39,0
112,0
83,0
118,0
130,0
122,0
130,0
111,0
134,0
128,0
206,0
355,0
360,0
362,0
216,0
187,0
188,0
209,0
233,0
234,0
192,0
194,0
167,0
233,0
252,0
480,0
630,0
618,0
473,0
471,0
438,0
418,0
401,0
434,0
488,0
703,0
737,0
771,0
481,0
401,0
274,0
287,0
426,0
459,0
462,0
472,0
456,0
437,0
462,0
717,0
899,0
745,0
760,0
661,0
574,0
534,0
580,0
724,0
776,0
933,0
985,0
987,0
815,0
667,0
487,0
414,0
424,0
462,0
473,0
483,0
468,0
431,0
336,0
577,0
780,0
731,0
715,0
619,0
521,0
537,0
558,0
682,0
687,0
879,0
903,0
869,0
808,0
422,0
335,0
344,0
193,0
223,0
236,0
239,0
223,0
277,0
282,0
404,0
574,0
600,0
542,0
428,0
364,0
362,0
381,0
472,0
488,0
655,0
660,0
638,0
517,0
392,0
224,0
232,0
131,0
131,0
162,0
174,0
161,0
185,0
375,0
451,0
590,0
559,0
401,0
385,0
246,0
219,0
223,0
241,0
360,0
619,0
640,0
638,0
523,0
299,0
94,0
35,0
-9,0
21,0
30,0
40,0
33,0
-31,0
58,0
190,0
273,0
257,0
247,0
250,0
225,0
220,0
218,0
305,0
446,0
475,0
587,0
590,0
462,0
315,0
184,0
137,0
157,0
207,0
202,0
221,0
188,0
196,0
176,0
184,0
141,0
173,0
174,0
165,0
84,0
-19,0
7,0
3,0
232,0
423,0
392,0
428,0
297,0
192,0
124,0
183,0
224,0
240,0
231,0
215,0
171,0
394,0
540,0
767,0
794,0
764,0
687,0
633,0
538,0
550,0
472,0
550,0
718,0
887,0
892,0
896,0
716,0
644,0
436,0
279,0
317,0
330,0
288,0
291,0
272,0
276,0
469,0
626,0
664,0
667,0
551,0
515,0
443,0
414,0
440,0
448,0
530,0
660,0
678,0
674,0
655,0
483,0
354,0
210,0
331,0
330,0
327,0
329,0
316,0
311,0
511,0
711,0
710,0
712,0
705,0
608,0
588,0
585,0
589,0
627,0
678,0
753,0
805,0
796,0
750,0
610,0
438,0
449,0
352,0
318,0
324,0
325,0
325,0
406,0
591,0
744,0
766,0
776,0
745,0
740,0
646,0
650,0
660,0
685,0
766,0
940,0
938,0
957,0
910,0
581,0
535,0
505,0
476,0
486,0
495,0
511,0
514,0
499,0
608,0
924,0
959,0
952,0
955,0
890,0
813,0
794,0
829,0
851,0
917,0
954,0
998,0
992,0
922,0
641,0
565,0
573,0
390,0
378,0
383,0
389,0
353,0
349,0
368,0
326,0
416,0
411,0
395,0
380,0
385,0
379,0
380,0
376,0
492,0
525,0
650,0
673,0
572,0
488,0
350,0
347,0
300,0
75,0
102,0
103,0
107,0
79,0
351,0
360,0
359,0
382,0
387,0
372,0
371,0
371,0
374,0
372,0
519,0
687,0
698,0
781,0
628,0
619,0
428,0
408,0
420,0
422,0
421,0
424,0
415,0
435,0
489,0
729,0
742,0
744,0
682,0
637,0
602,0
599,0
603,0
600,0
623,0
799,0
825,0
826,0
738,0
472,0
439,0
447,0
309,0
322,0
322,0
332,0
330,0
305,0
355,0
719,0
863,0
906,0
787,0
676,0
493,0
453,0
484,0
495,0
652,0
782,0
789,0
784,0
706,0
392,0
362,0
334,0
338,0
321,0
323,0
337,0
321,0
303,0
399,0
688,0
670,0
583,0
551,0
540,0
493,0
480,0
476,0
486,0
641,0
744,0
750,0
729,0
640,0
443,0
334,0
351,0
223,0
263,0
270,0
276,0
259,0
259,0
339,0
732,0
716,0
652,0
663,0
585,0
472,0
467,0
471,0
472,0
580,0
660,0
718,0
730,0
655,0
393,0
335,0
350,0
299,0
344,0
365,0
381,0
363,0
327,0
509,0
842,0
892,0
879,0
776,0
774,0
575,0
573,0
571,0
623,0
794,0
835,0
817,0
836,0
813,0
540,0
460,0
460,0
198,0
226,0
271,0
281,0
268,0
213,0
162,0
368,0
518,0
500,0
381,0
200,0
192,0
107,0
151,0
325,0
478,0
707,0
682,0
676,0
656,0
333,0
286,0
155,0
208,0
209,0
236,0
231,0
225,0
197,0
204,0
149,0
178,0
264,0
277,0
289,0
255,0
149,0
163,0
180,0
290,0
499,0
458,0
464,0
502,0
163,0
160,0
186,0
-17,0
23,0
47,0
54,0
41,0
14,0
409,0
698,0
728,0
737,0
697,0
655,0
420,0
400,0
289,0
375,0
558,0
607,0
781,0
752,0
753,0
252,0
251,0
341,0
428,0
439,0
439,0
456,0
420,0
413,0
415,0
678,0
691,0
683,0
693,0
681,0
527,0
484,0
497,0
599,0
852,0
918,0
978,0
977,0
909,0
644,0
627,0
620,0
476,0
433,0
413,0
435,0
399,0
595,0
530,0
802,0
816,0
819,0
807,0
665,0
379,0
315,0
324,0
325,0
641,0
871,0
1019,0
1026,0
987,0
756,0
551,0
457,0
525,0
475,0
486,0
497,0
489,0
560,0
769,0
1094,0
1038,0
942,0
891,0
821,0
589,0
602,0
604,0
606,0
899,0
919,0
960,0
946,0
827,0
550,0
522,0
442,0
509,0
480,0
488,0
489,0
490,0
475,0
730,0
958,0
947,0
871,0
823,0
827,0
600,0
601,0
566,0
569,0
928,0
892,0
932,0
942,0
823,0
477,0
492,0
344,0
351,0
368,0
287,0
315,0
305,0
250,0
366,0
308,0
451,0
528,0
527,0
500,0
249,0
254,0
299,0
315,0
511,0
476,0
577,0
429,0
492,0
397,0
208,0
194,0
58,0
59,0
76,0
72,0
65,0
45,0
310,0
272,0
399,0
423,0
436,0
528,0
350,0
327,0
363,0
379,0
500,0
576,0
591,0
671,0
655,0
429,0
318,0
351,0
282,0
307,0
325,0
316,0
316,0
499,0
616,0
776,0
724,0
701,0
716,0
611,0
461,0
452,0
465,0
494,0
766,0
852,0
845,0
852,0
817,0
570,0
420,0
361,0
354,0
390,0
404,0
403,0
398,0
362,0
391,0
561,0
609,0
652,0
577,0
470,0
452,0
437,0
507,0
438,0
684,0
658,0
671,0
675,0
677,0
461,0
420,0
399,0
179,0
103,0
82,0
77,0
52,0
326,0
579,0
864,0
1061,0
1043,0
768,0
639,0
640,0
611,0
601,0
601,0
885,0
1107,0
1129,0
1109,0
798,0
485,0
449,0
466,0
99,0
9,0
23,0
39,0
8,0
111,0
611,0
760,0
759,0
794,0
621,0
387,0
408,0
366,0
391,0
414,0
551,0
747,0
732,0
740,0
663,0
462,0
344,0
224,0
16,0
-38,0
-35,0
-31,0
-45,0
-18,0
275,0
555,0
554,0
561,0
321,0
314,0
224,0
215,0
296,0
301,0
386,0
475,0
697,0
696,0
637,0
414,0
300,0
314,0
324,0
154,0
161,0
173,0
159,0
162,0
170,0
405,0
484,0
512,0
417,0
336,0
314,0
276,0
280,0
263,0
321,0
529,0
705,0
723,0
465,0
480,0
371,0
397,0
179,0
57,0
82,0
122,0
120,0
85,0
74,0
147,0
379,0
386,0
356,0
364,0
362,0
333,0
347,0
365,0
460,0
507,0
652,0
664,0
589,0
524,0
436,0
433,0
180,0
207,0
214,0
230,0
223,0
276,0
494,0
601,0
752,0
753,0
752,0
560,0
574,0
607,0
524,0
607,0
625,0
806,0
815,0
814,0
726,0
513,0
462,0
476,0
86,0
86,0
119,0
132,0
126,0
112,0
576,0
883,0
921,0
905,0
708,0
628,0
521,0
518,0
543,0
547,0
654,0
891,0
943,0
937,0
923,0
562,0
567,0
580,0
408,0
214,0
265,0
280,0
262,0
226,0
619,0
858,0
959,0
888,0
626,0
441,0
405,0
391,0
480,0
496,0
771,0
853,0
835,0
1016,0
1033,0
681,0
447,0
437,0
136,0
157,0
171,0
175,0
151,0
141,0
499,0
677,0
690,0
681,0
431,0
341,0
343,0
350,0
350,0
349,0
361,0
683,0
692,0
694,0
687,0
526,0
337,0
338,0
151,0
90,0
48,0
58,0
117,0
257,0
570,0
720,0
739,0
751,0
602,0
438,0
468,0
393,0
407,0
406,0
511,0
627,0
759,0
741,0
761,0
638,0
352,0
342,0
227,0
-32,0
-72,0
-75,0
-77,0
-45,0
-19,0
210,0
217,0
329,0
326,0
316,0
159,0
111,0
8,0
24,0
133,0
245,0
397,0
399,0
403,0
403,0
234,0
232,0
98,0
-114,0
-114,0
-111,0
-134,0
-116,0
-114,0
97,0
145,0
138,0
104,0
95,0
90,0
46,0
2,0
10,0
41,0
184,0
302,0
298,0
285,0
111,0
61,0
-64,0
-302,0
-390,0
-378,0
-368,0
-376,0
-366,0
73,0
350,0
369,0
282,0
242,0
81,0
44,0
43,0
56,0
75,0
169,0
203,0
339,0
348,0
342,0
59,0
-27,0
-17,0
4,0
-209,0
-208,0
-215,0
-204,0
-184,0
203,0
455,0
477,0
447,0
424,0
182,0
112,0
100,0
104,0
197,0
238,0
372,0
527,0
527,0
516,0
181,0
80,0
99,0
115,0
-119,0
-102,0
-85,0
-92,0
-164,0
211,0
501,0
501,0
494,0
415,0
203,0
181,0
165,0
171,0
156,0
277,0
413,0
526,0
565,0
531,0
242,0
43,0
43,0
62,0
-183,0
-138,0
-121,0
-76,0
-41,0
224,0
540,0
548,0
535,0
430,0
315,0
333,0
264,0
259,0
262,0
398,0
547,0
705,0
708,0
654,0
389,0
142,0
105,0
-150,0
-145,0
-117,0
-104,0
-115,0
34,0
32,0
630,0
661,0
656,0
441,0
354,0
404,0
390,0
283,0
362,0
346,0
427,0
691,0
679,0
661,0
576,0
221,0
117,0
-219,0
-208,0
-190,0
-196,0
-216,0
-242,0
-209,0
38,0
223,0
208,0
197,0
11,0
-136,0
-162,0
-162,0
-140,0
-57,0
29,0
522,0
493,0
449,0
278,0
76,0
50,0
-274,0
337,0
0,0
-232,0
-248,0
-228,0
-218,0
-353,0
-230,0
-233,0
-194,0
-182,0
-302,0
-390,0
-311,0
-305,0
-243,0
-220,0
-58,0
137,0
161,0
140,0
21,0
46,0
-92,0
-104,0
-86,0
-81,0
-48,0
-94,0
134,0
258,0
371,0
261,0
186,0
93,0
71,0
84,0
65,0
59,0
140,0
195,0
365,0
341,0
415,0
118,0
58,0
-27,0
-233,0
-215,0
-199,0
-201,0
-206,0
-189,0
127,0
216,0
166,0
175,0
60,0
60,0
23,0
-11,0
0,0
62,0
135,0
231,0
368,0
565,0
524,0
409,0
176,0
121,0
115,0
-386,0
-408,0
-422,0
-401,0
-192,0
229,0
551,0
467,0
437,0
241,0
189,0
208,0
215,0
220,0
211,0
295,0
392,0
503,0
695,0
778,0
519,0
300,0
240,0
197,0
-87,0
-187,0
-200,0
-157,0
153,0
474,0
788,0
666,0
633,0
449,0
407,0
387,0
328,0
313,0
402,0
452,0
512,0
578,0
792,0
739,0
525,0
346,0
234,0
161,0
-236,0
-305,0
-319,0
-303,0
-156,0
202,0
576,0
598,0
546,0
441,0
282,0
246,0
228,0
229,0
216,0
250,0
303,0
395,0
674,0
671,0
552,0
237,0
209,0
78,0
-204,0
-320,0
-377,0
-363,0
-314,0
107,0
297,0
436,0
403,0
307,0
283,0
125,0
140,0
119,0
151,0
166,0
173,0
383,0
511,0
509,0
222,0
102,0
70,0
169,0
125,0
103,0
75,0
57,0
58,0
185,0
262,0
281,0
230,0
211,0
180,0
156,0
124,0
130,0
153,0
166,0
214,0
309,0
640,0
658,0
582,0
379,0
265,0
33,0
14,0
9,0
10,0
89,0
158,0
401,0
728,0
712,0
663,0
475,0
411,0
426,0
398,0
397,0
405,0
399,0
513,0
647,0
872,0
818,0
558,0
433,0
361,0
70,0
-23,0
-54,0
-53,0
-61,0
49,0
293,0
410,0
463,0
416,0
413,0
280,0
234,0
226,0
204,0
215,0
226,0
310,0
413,0
495,0
474,0
499,0
290,0
203,0
131,0
13,0
22,0
36,0
40,0
136,0
281,0
493,0
443,0
449,0
264,0
212,0
177,0
179,0
172,0
216,0
268,0
402,0
558,0
678,0
711,0
507,0
373,0
272,0
157,0
150,0
153,0
152,0
173,0
133,0
340,0
621,0
632,0
599,0
404,0
376,0
350,0
306,0
287,0
250,0
380,0
416,0
688,0
840,0
771,0
611,0
391,0
285,0
251,0
154,0
132,0
132,0
149,0
291,0
449,0
772,0
601,0
589,0
609,0
538,0
364,0
312,0
295,0
303,0
404,0
418,0
542,0
596,0
591,0
517,0
302,0
216,0
98,0
38,0
-5,0
-34,0
-18,0
55,0
101,0
210,0
404,0
454,0
347,0
261,0
192,0
223,0
103,0
37,0
59,0
176,0
312,0
548,0
546,0
360,0
62,0
-30,0
-227,0
-386,0
-372,0
-399,0
-421,0
-453,0
-327,0
-194,0
-133,0
-25,0
-102,0
-160,0
-141,0
-233,0
-244,0
-235,0
-233,0
-137,0
-70,0
198,0
204,0
35,0
-91,0
-152,0
-267,0
-265,0
-262,0
-255,0
-245,0
-244,0
12,0
241,0
351,0
276,0
248,0
169,0
245,0
294,0
273,0
236,0
272,0
336,0
415,0
560,0
546,0
363,0
131,0
40,0
-136,0
-137,0
-163,0
-157,0
-186,0
-165,0
208,0
371,0
378,0
376,0
188,0
156,0
163,0
65,0
95,0
112,0
123,0
222,0
267,0
381,0
312,0
216,0
201,0
6,0
23,0
-57,0
-172,0
-142,0
6,0
71,0
221,0
518,0
491,0
405,0
292,0
218,0
358,0
283,0
332,0
251,0
313,0
419,0
524,0
692,0
692,0
560,0
386,0
180,0
-76,0
-69,0
-82,0
-88,0
-84,0
-71,0
267,0
427,0
443,0
447,0
290,0
218,0
179,0
153,0
137,0
175,0
174,0
231,0
308,0
462,0
503,0
390,0
220,0
75,0
-328,0
-377,0
-384,0
-377,0
-371,0
-347,0
-59,0
140,0
112,0
-5,0
-40,0
-155,0
-121,0
-132,0
-127,0
-118,0
-101,0
-95,0
13,0
145,0
130,0
98,0
-126,0
-210,0
-325,0
-362,0
-368,0
-353,0
-360,0
-374,0
-92,0
5,0
25,0
-110,0
-105,0
-139,0
-212,0
-232,0
-221,0
-216,0
-150,0
-75,0
68,0
194,0
221,0
82,0
-55,0
-101,0
-352,0
-345,0
-308,0
-300,0
-320,0
-338,0
-225,0
-204,0
-188,0
-233,0
-229,0
-255,0
-245,0
-619,0
-593,0
-585,0
-535,0
-252,0
-122,0
-66,0
15,0
-76,0
-159,0
-297,0
-306,0
-293,0
-543,0
-511,0
-488,0
-499,0
-264,0
-139,0
-65,0
-40,0
-56,0
-100,0
-79,0
-214,0
-264,0
-270,0
-246,0
54,0
98,0
263,0
179,0
105,0
-2,0
-126,0
-16,0
-253,0
-268,0
-288,0
-314,0
-43,0
187,0
414,0
428,0
434,0
369,0
235,0
206,0
96,0
215,0
178,0
170,0
246,0
331,0
445,0
446,0
351,0
99,0
-84,0
-123,0
-94,0
-74,0
-65,0
-45,0
-16,0
283,0
538,0
568,0
538,0
483,0
221,0
55,0
0,0
3,0
-35,0
-60,0
56,0
249,0
575,0
523,0
447,0
194,0
38,0
-128,0
-117,0
-92,0
-56,0
-79,0
-30,0
291,0
423,0
568,0
509,0
266,0
129,0
131,0
129,0
68,0
55,0
211,0
317,0
454,0
617,0
597,0
589,0
346,0
83,0
33,0
-64,0
-85,0
-93,0
-97,0
-56,0
271,0
453,0
549,0
444,0
371,0
153,0
133,0
139,0
196,0
105,0
162,0
424,0
439,0
667,0
645,0
611,0
332,0
135,0
-138,0
-168,0
-216,0
-265,0
-273,0
-224,0
-190,0
-188,0
-152,0
-170,0
-157,0
-193,0
-224,0
-215,0
-204,0
-198,0
-165,0
-186,0
141,0
321,0
266,0
201,0
-1,0
-168,0
-218,0
-265,0
-284,0
-272,0
-296,0
-298,0
-181,0
-206,0
-210,0
-234,0
-231,0
-217,0
-329,0
-346,0
-354,0
-314,0
-237,0
-174,0
68,0
180,0
156,0
144,0
-49,0
-104,0
-206,0
-196,0
-199,0
-211,0
-213,0
-200,0
-59,0
166,0
357,0
381,0
245,0
187,0
132,0
111,0
112,0
137,0
146,0
172,0
341,0
566,0
567,0
535,0
287,0
91,0
-5,0
-30,0
-71,0
-75,0
-100,0
-34,0
266,0
430,0
486,0
393,0
309,0
151,0
86,0
-60,0
-93,0
-9,0
-58,0
-69,0
106,0
325,0
311,0
249,0
60,0
59,0
-145,0
-179,0
-204,0
-201,0
-217,0
-212,0
-193,0
-176,0
-167,0
-153,0
-172,0
-227,0
-457,0
-472,0
-478,0
-459,0
-476,0
-458,0
-177,0
-60,0
72,0
-49,0
-115,0
-205,0
-101,0
-101,0
-84,0
-70,0
-79,0
-75,0
87,0
319,0
379,0
329,0
148,0
-26,0
57,0
3,0
35,0
68,0
110,0
120,0
348,0
526,0
514,0
302,0
109,0
13,0
-120,0
-151,0
-106,0
-101,0
-109,0
-99,0
167,0
565,0
551,0
557,0
432,0
294,0
321,0
247,0
198,0
208,0
255,0
313,0
426,0
736,0
737,0
706,0
417,0
224,0
28,0
-45,0
-39,0
-23,0
-11,0
4,0
50,0
396,0
513,0
510,0
456,0
268,0
-38,0
-90,0
-121,0
-121,0
-101,0
-46,0
160,0
374,0
447,0
301,0
32,0
-1,0
-145,0
-160,0
-242,0
-216,0
-237,0
-241,0
-165,0
-196,0
-240,0
-223,0
-230,0
-230,0
-266,0
-315,0
-313,0
-293,0
-236,0
-215,0
-188,0
-10,0
191,0
112,0
107,0
-123,0
-133,0
-190,0
-133,0
-141,0
-139,0
-77,0
264,0
712,0
767,0
761,0
630,0
497,0
442,0
402,0
309,0
290,0
311,0
460,0
616,0
848,0
892,0
824,0
350,0
219,0
150,0
160,0
158,0
176,0
202,0
169,0
402,0
621,0
647,0
615,0
591,0
396,0
432,0
342,0
340,0
357,0
352,0
358,0
432,0
629,0
597,0
563,0
374,0
184,0
119,0
110,0
126,0
133,0
113,0
117,0
290,0
664,0
671,0
632,0
569,0
429,0
363,0
376,0
343,0
370,0
348,0
449,0
501,0
769,0
777,0
779,0
644,0
271,0
347,0
314,0
319,0
345,0
349,0
391,0
563,0
966,0
1003,0
951,0
862,0
835,0
908,0
818,0
727,0
691,0
706,0
762,0
729,0
925,0
803,0
701,0
497,0
217,0
104,0
104,0
126,0
150,0
157,0
165,0
222,0
545,0
580,0
563,0
447,0
337,0
353,0
321,0
261,0
328,0
377,0
360,0
359,0
564,0
555,0
526,0
258,0
234,0
71,0
54,0
16,0
20,0
32,0
3,0
39,0
106,0
220,0
195,0
145,0
103,0
115,0
23,0
7,0
7,0
44,0
67,0
54,0
239,0
345,0
304,0
112,0
64,0
-159,0
-126,0
-206,0
-369,0
-390,0
-415,0
-426,0
-324,0
-75,0
1,0
-94,0
-105,0
-286,0
-289,0
-372,0
-332,0
-286,0
-196,0
-36,0
221,0
378,0
369,0
268,0
207,0
280,0
240,0
230,0
203,0
184,0
226,0
544,0
618,0
634,0
527,0
465,0
415,0
454,0
376,0
402,0
445,0
478,0
459,0
520,0
631,0
638,0
592,0
509,0
294,0
278,0
235,0
237,0
231,0
213,0
253,0
453,0
551,0
557,0
544,0
524,0
462,0
427,0
453,0
457,0
464,0
505,0
499,0
619,0
716,0
660,0
602,0
493,0
251,0
197,0
189,0
178,0
196,0
159,0
137,0
161,0
399,0
464,0
464,0
440,0
307,0
331,0
314,0
347,0
363,0
351,0
378,0
398,0
533,0
505,0
463,0
387,0
183,0
138,0
97,0
116,0
118,0
120,0
138,0
401,0
590,0
541,0
518,0
476,0
402,0
414,0
317,0
262,0
238,0
269,0
290,0
476,0
591,0
545,0
503,0
420,0
320,0
79,0
94,0
110,0
119,0
91,0
69,0
283,0
571,0
564,0
418,0
419,0
324,0
274,0
170,0
63,0
166,0
137,0
198,0
481,0
550,0
459,0
397,0
272,0
153,0
29,0
59,0
-46,0
-38,0
-42,0
83,0
117,0
435,0
407,0
445,0
462,0
339,0
325,0
215,0
199,0
233,0
258,0
345,0
503,0
592,0
532,0
503,0
258,0
230,0
60,0
42,0
-43,0
-57,0
-34,0
-28,0
78,0
198,0
240,0
199,0
185,0
194,0
99,0
-121,0
-109,0
-76,0
-32,0
77,0
423,0
546,0
625,0
562,0
557,0
299,0
5,0
14,0
7,0
-11,0
1,0
7,0
387,0
571,0
620,0
718,0
748,0
695,0
674,0
606,0
616,0
622,0
616,0
683,0
883,0
907,0
868,0
828,0
655,0
530,0
375,0
322,0
309,0
324,0
328,0
397,0
636,0
837,0
886,0
891,0
923,0
849,0
806,0
746,0
561,0
652,0
720,0
907,0
1039,0
1086,0
1126,0
917,0
851,0
547,0
594,0
422,0
414,0
413,0
348,0
468,0
598,0
965,0
949,0
891,0
903,0
814,0
781,0
680,0
579,0
527,0
611,0
791,0
937,0
985,0
993,0
814,0
664,0
488,0
356,0
295,0
284,0
284,0
254,0
333,0
503,0
854,0
787,0
773,0
715,0
626,0
648,0
667,0
607,0
521,0
541,0
663,0
918,0
936,0
908,0
742,0
667,0
523,0
501,0
435,0
408,0
414,0
395,0
445,0
766,0
1031,0
1082,0
1009,0
1046,0
989,0
905,0
836,0
864,0
767,0
817,0
908,0
1065,0
1110,0
1132,0
906,0
771,0
630,0
353,0
257,0
245,0
224,0
201,0
253,0
332,0
749,0
676,0
626,0
666,0
656,0
467,0
425,0
442,0
481,0
468,0
513,0
748,0
744,0
703,0
610,0
625,0
419,0
233,0
182,0
175,0
179,0
141,0
179,0
194,0
237,0
303,0
238,0
271,0
147,0
-22,0
-38,0
-50,0
-34,0
18,0
270,0
461,0
637,0
696,0
621,0
584,0
492,0
354,0
364,0
395,0
384,0
356,0
83,0
223,0
404,0
455,0
462,0
478,0
325,0
301,0
319,0
329,0
278,0
293,0
297,0
512,0
563,0
504,0
519,0
484,0
265,0
216,0
172,0
172,0
175,0
242,0
256,0
574,0
760,0
798,0
829,0
822,0
778,0
656,0
490,0
493,0
459,0
432,0
425,0
559,0
717,0
685,0
590,0
420,0
229,0
136,0
121,0
122,0
155,0
200,0
158,0
452,0
642,0
624,0
623,0
637,0
650,0
593,0
387,0
389,0
381,0
369,0
397,0
547,0
706,0
711,0
580,0
341,0
279,0
137,0
89,0
88,0
98,0
133,0
181,0
215,0
578,0
518,0
496,0
504,0
581,0
564,0
541,0
498,0
505,0
461,0
500,0
601,0
670,0
668,0
661,0
383,0
387,0
227,0
273,0
263,0
300,0
372,0
337,0
454,0
599,0
734,0
763,0
688,0
636,0
524,0
543,0
568,0
569,0
560,0
586,0
731,0
881,0
860,0
873,0
862,0
597,0
390,0
439,0
454,0
498,0
578,0
562,0
639,0
665,0
679,0
618,0
571,0
602,0
597,0
352,0
336,0
403,0
526,0
524,0
508,0
635,0
575,0
538,0
606,0
534,0
335,0
300,0
301,0
213,0
247,0
259,0
369,0
447,0
462,0
396,0
308,0
324,0
309,0
-1,0
-60,0
12,0
122,0
141,0
331,0
330,0
340,0
357,0
337,0
333,0
268,0
285,0
254,0
295,0
367,0
521,0
500,0
466,0
500,0
500,0
487,0
481,0
535,0
531,0
578,0
257,0
616,0
1053,0
656,0
659,0
672,0
678,0
549,0
565,0
373,0
399,0
405,0
431,0
421,0
360,0
488,0
542,0
623,0
653,0
662,0
704,0
709,0
726,0
754,0
756,0
780,0
797,0
881,0
829,0
805,0
772,0
564,0
504,0
347,0
390,0
447,0
439,0
452,0
379,0
406,0
536,0
574,0
552,0
563,0
613,0
589,0
378,0
655,0
640,0
644,0
683,0
706,0
670,0
589,0
442,0
455,0
358,0
358,0
472,0
492,0
510,0
500,0
446,0
509,0
665,0
659,0
644,0
667,0
674,0
559,0
506,0
519,0
537,0
599,0
650,0
715,0
764,0
701,0
731,0
535,0
457,0
353,0
409,0
455,0
392,0
345,0
294,0
346,0
601,0
637,0
595,0
526,0
579,0
544,0
552,0
557,0
523,0
576,0
616,0
537,0
506,0
489,0
463,0
378,0
365,0
81,0
-84,0
-168,0
-222,0
-235,0
-208,0
-115,0
211,0
253,0
212,0
195,0
213,0
152,0
95,0
65,0
136,0
233,0
268,0
330,0
310,0
349,0
314,0
240,0
175,0
47,0
50,0
65,0
-133,0
-128,0
-112,0
-125,0
-97,0
117,0
108,0
102,0
128,0
85,0
87,0
67,0
-2,0
43,0
87,0
83,0
292,0
359,0
350,0
249,0
21,0
167,0
147,0
178,0
258,0
257,0
279,0
281,0
379,0
447,0
436,0
381,0
420,0
415,0
329,0
313,0
360,0
398,0
389,0
426,0
457,0
382,0
301,0
372,0
234,0
69,0
103,0
139,0
139,0
160,0
151,0
389,0
665,0
615,0
542,0
509,0
577,0
484,0
466,0
465,0
463,0
479,0
588,0
759,0
871,0
858,0
794,0
534,0
382,0
285,0
393,0
432,0
449,0
452,0
464,0
425,0
678,0
704,0
671,0
615,0
603,0
519,0
508,0
538,0
572,0
603,0
643,0
692,0
815,0
789,0
690,0
503,0
371,0
36,0
41,0
79,0
111,0
162,0
203,0
468,0
570,0
696,0
683,0
632,0
558,0
540,0
526,0
531,0
478,0
582,0
604,0
646,0
718,0
830,0
621,0
472,0
277,0
265,0
294,0
356,0
392,0
390,0
359,0
370,0
559,0
658,0
676,0
641,0
628,0
528,0
519,0
539,0
555,0
596,0
587,0
675,0
807,0
780,0
670,0
362,0
251,0
179,0
226,0
296,0
282,0
322,0
326,0
253,0
280,0
359,0
387,0
404,0
328,0
297,0
269,0
269,0
264,0
267,0
352,0
394,0
447,0
350,0
403,0
319,0
30,0
175,0
-2,0
85,0
91,0
120,0
153,0
123,0
90,0
361,0
308,0
278,0
274,0
223,0
195,0
177,0
145,0
174,0
225,0
391,0
372,0
395,0
264,0
213,0
219,0
399,0
402,0
447,0
447,0
439,0
486,0
380,0
519,0
590,0
556,0
491,0
523,0
527,0
527,0
603,0
643,0
659,0
739,0
811,0
926,0
886,0
781,0
618,0
457,0
376,0
385,0
399,0
430,0
421,0
393,0
473,0
659,0
775,0
736,0
704,0
703,0
581,0
546,0
581,0
636,0
775,0
778,0
813,0
850,0
817,0
707,0
507,0
385,0
327,0
383,0
399,0
393,0
394,0
398,0
433,0
517,0
684,0
612,0
649,0
583,0
527,0
596,0
597,0
638,0
617,0
670,0
686,0
846,0
847,0
676,0
338,0
262,0
356,0
398,0
437,0
450,0
448,0
415,0
319,0
450,0
573,0
530,0
557,0
506,0
520,0
593,0
563,0
525,0
507,0
557,0
637,0
618,0
663,0
537,0
246,0
191,0
215,0
49,0
77,0
108,0
101,0
88,0
238,0
323,0
411,0
359,0
386,0
448,0
508,0
615,0
543,0
614,0
616,0
651,0
549,0
630,0
594,0
505,0
246,0
148,0
283,0
281,0
284,0
278,0
283,0
246,0
187,0
220,0
265,0
229,0
223,0
237,0
216,0
206,0
93,0
117,0
250,0
323,0
470,0
510,0
457,0
345,0
297,0
197,0
-82,0
-231,0
-212,0
-152,0
-121,0
-112,0
-134,0
-135,0
33,0
55,0
31,0
41,0
73,0
14,0
9,0
-37,0
-35,0
-1,0
122,0
110,0
114,0
69,0
28,0
-24,0
-51,0
17,0
-7,0
31,0
97,0
76,0
174,0
140,0
298,0
343,0
313,0
326,0
383,0
396,0
387,0
354,0
316,0
308,0
416,0
491,0
480,0
443,0
187,0
147,0
277,0
308,0
341,0
352,0
245,0
236,0
172,0
115,0
251,0
198,0
208,0
279,0
255,0
297,0
217,0
220,0
293,0
320,0
349,0
439,0
454,0
455,0
240,0
252,0
383,0
429,0
461,0
568,0
577,0
555,0
503,0
481,0
548,0
562,0
601,0
701,0
654,0
772,0
770,0
670,0
634,0
740,0
739,0
794,0
864,0
890,0
598,0
369,0
409,0
420,0
436,0
453,0
395,0
419,0
418,0
508,0
691,0
679,0
755,0
731,0
714,0
686,0
677,0
686,0
713,0
722,0
759,0
803,0
836,0
807,0
527,0
280,0
439,0
514,0
542,0
550,0
590,0
576,0
539,0
480,0
631,0
591,0
563,0
666,0
632,0
634,0
576,0
570,0
579,0
521,0
699,0
773,0
856,0
712,0
470,0
262,0
235,0
317,0
331,0
348,0
383,0
378,0
302,0
278,0
473,0
462,0
408,0
400,0
198,0
175,0
207,0
221,0
211,0
261,0
446,0
490,0
381,0
424,0
426,0
248,0
240,0
295,0
119,0
83,0
92,0
124,0
68,0
-26,0
168,0
117,0
123,0
197,0
279,0
254,0
277,0
282,0
258,0
242,0
270,0
292,0
418,0
369,0
246,0
265,0
69,0
69,0
126,0
141,0
152,0
110,0
409,0
438,0
616,0
553,0
575,0
583,0
557,0
589,0
667,0
683,0
692,0
652,0
667,0
708,0
802,0
764,0
591,0
453,0
250,0
278,0
262,0
279,0
318,0
293,0
307,0
508,0
724,0
690,0
743,0
418,0
590,0
543,0
684,0
790,0
787,0
820,0
804,0
821,0
802,0
717,0
569,0
456,0
417,0
428,0
389,0
414,0
461,0
434,0
580,0
577,0
715,0
757,0
759,0
764,0
816,0
814,0
789,0
781,0
782,0
816,0
840,0
794,0
804,0
755,0
592,0
419,0
135,0
109,0
121,0
123,0
178,0
143,0
433,0
686,0
710,0
710,0
764,0
782,0
854,0
814,0
805,0
745,0
745,0
709,0
742,0
808,0
849,0
893,0
576,0
386,0
318,0
89,0
105,0
116,0
120,0
100,0
295,0
435,0
574,0
645,0
636,0
634,0
576,0
594,0
609,0
584,0
639,0
679,0
748,0
802,0
813,0
708,0
350,0
298,0
297,0
295,0
99,0
108,0
143,0
169,0
254,0
395,0
475,0
513,0
492,0
477,0
477,0
514,0
543,0
604,0
641,0
640,0
648,0
658,0
604,0
721,0
475,0
307,0
211,0
114,0
88,0
121,0
144,0
214,0
164,0
254,0
283,0
254,0
280,0
300,0
297,0
259,0
294,0
298,0
407,0
442,0
475,0
526,0
415,0
421,0
347,0
199,0
283,0
113,0
149,0
160,0
184,0
139,0
376,0
439,0
584,0
521,0
518,0
513,0
579,0
541,0
539,0
637,0
683,0
724,0
724,0
733,0
680,0
624,0
542,0
336,0
437,0
367,0
396,0
413,0
412,0
422,0
309,0
493,0
501,0
479,0
485,0
485,0
506,0
434,0
425,0
573,0
615,0
642,0
740,0
759,0
723,0
652,0
449,0
417,0
573,0
526,0
544,0
540,0
554,0
502,0
436,0
561,0
658,0
632,0
559,0
585,0
550,0
558,0
528,0
569,0
591,0
642,0
691,0
705,0
757,0
700,0
565,0
569,0
447,0
501,0
545,0
537,0
528,0
492,0
463,0
595,0
691,0
685,0
626,0
593,0
552,0
550,0
527,0
663,0
671,0
674,0
712,0
754,0
817,0
713,0
485,0
387,0
409,0
424,0
477,0
319,0
296,0
306,0
240,0
246,0
438,0
424,0
418,0
437,0
470,0
508,0
463,0
579,0
541,0
504,0
516,0
647,0
633,0
698,0
578,0
445,0
269,0
309,0
339,0
357,0
361,0
400,0
298,0
253,0
422,0
456,0
459,0
455,0
516,0
494,0
345,0
322,0
328,0
358,0
415,0
420,0
529,0
546,0
322,0
293,0
321,0
140,0
147,0
191,0
229,0
249,0
400,0
400,0
434,0
381,0
346,0
342,0
305,0
288,0
333,0
314,0
371,0
346,0
481,0
550,0
513,0
450,0
423,0
391,0
116,0
143,0
162,0
175,0
196,0
177,0
438,0
505,0
625,0
578,0
665,0
733,0
718,0
713,0
702,0
667,0
719,0
730,0
645,0
653,0
724,0
670,0
552,0
470,0
454,0
483,0
479,0
517,0
573,0
548,0
633,0
670,0
707,0
679,0
704,0
722,0
655,0
650,0
626,0
655,0
703,0
708,0
711,0
772,0
801,0
753,0
581,0
508,0
495,0
555,0
580,0
571,0
625,0
607,0
553,0
550,0
343,0
671,0
719,0
742,0
719,0
774,0
752,0
755,0
733,0
701,0
727,0
777,0
741,0
654,0
552,0
400,0
431,0
477,0
495,0
482,0
558,0
551,0
461,0
487,0
624,0
631,0
614,0
666,0
669,0
655,0
659,0
663,0
685,0
674,0
709,0
792,0
652,0
565,0
473,0
385,0
385,0
357,0
369,0
400,0
441,0
423,0
472,0
571,0
748,0
748,0
726,0
739,0
747,0
758,0
742,0
760,0
785,0
746,0
782,0
786,0
696,0
603,0
499,0
461,0
420,0
444,0
474,0
449,0
495,0
518,0
541,0
556,0
639,0
688,0
639,0
634,0
645,0
503,0
466,0
420,0
568,0
560,0
615,0
722,0
778,0
724,0
602,0
519,0
410,0
388,0
379,0
233,0
281,0
318,0
282,0
479,0
513,0
527,0
524,0
534,0
484,0
409,0
432,0
379,0
527,0
532,0
616,0
735,0
717,0
727,0
672,0
416,0
458,0
442,0
454,0
455,0
479,0
458,0
493,0
532,0
668,0
680,0
631,0
689,0
628,0
635,0
445,0
620,0
740,0
776,0
775,0
859,0
728,0
709,0
561,0
458,0
278,0
313,0
354,0
349,0
394,0
377,0
313,0
486,0
540,0
568,0
526,0
507,0
511,0
502,0
490,0
409,0
504,0
533,0
612,0
646,0
630,0
513,0
438,0
262,0
253,0
272,0
309,0
333,0
354,0
355,0
290,0
347,0
417,0
466,0
470,0
494,0
423,0
359,0
368,0
512,0
623,0
630,0
646,0
662,0
601,0
555,0
484,0
265,0
279,0
276,0
346,0
369,0
384,0
361,0
373,0
381,0
527,0
508,0
533,0
533,0
518,0
520,0
556,0
628,0
756,0
774,0
758,0
729,0
752,0
714,0
524,0
380,0
301,0
289,0
295,0
309,0
306,0
302,0
326,0
390,0
491,0
493,0
487,0
481,0
515,0
481,0
448,0
581,0
616,0
625,0
682,0
726,0
633,0
575,0
488,0
280,0
243,0
294,0
70,0
79,0
91,0
93,0
343,0
328,0
359,0
400,0
451,0
423,0
423,0
410,0
365,0
352,0
379,0
406,0
472,0
480,0
511,0
483,0
408,0
246,0
321,0
193,0
218,0
234,0
247,0
274,0
284,0
393,0
428,0
356,0
375,0
394,0
401,0
356,0
510,0
572,0
628,0
745,0
784,0
805,0
716,0
649,0
669,0
383,0
354,0
170,0
229,0
270,0
240,0
215,0
361,0
547,0
225,0
665,0
631,0
641,0
631,0
646,0
644,0
596,0
640,0
643,0
655,0
692,0
719,0
727,0
494,0
346,0
415,0
444,0
483,0
405,0
446,0
438,0
427,0
651,0
806,0
788,0
813,0
811,0
716,0
715,0
681,0
701,0
751,0
778,0
853,0
935,0
866,0
814,0
527,0
391,0
212,0
220,0
296,0
334,0
329,0
309,0
426,0
536,0
550,0
642,0
622,0
680,0
685,0
620,0
591,0
552,0
551,0
611,0
674,0
663,0
751,0
669,0
473,0
381,0
330,0
250,0
301,0
338,0
346,0
340,0
435,0
564,0
676,0
628,0
659,0
654,0
677,0
715,0
703,0
725,0
726,0
768,0
786,0
807,0
851,0
844,0
622,0
474,0
359,0
253,0
263,0
252,0
279,0
305,0
404,0
561,0
666,0
652,0
638,0
653,0
650,0
652,0
639,0
637,0
649,0
635,0
603,0
642,0
693,0
690,0
533,0
321,0
347,0
228,0
254,0
248,0
269,0
303,0
327,0
380,0
527,0
547,0
534,0
503,0
505,0
428,0
393,0
392,0
493,0
619,0
655,0
747,0
809,0
822,0
574,0
461,0
156,0
171,0
223,0
240,0
244,0
236,0
224,0
207,0
397,0
394,0
466,0
361,0
411,0
333,0
379,0
362,0
352,0
442,0
640,0
682,0
815,0
850,0
561,0
480,0
209,0
198,0
259,0
300,0
296,0
329,0
389,0
504,0
610,0
630,0
631,0
611,0
602,0
582,0
585,0
603,0
572,0
552,0
568,0
568,0
675,0
680,0
554,0
392,0
368,0
372,0
385,0
401,0
389,0
427,0
453,0
620,0
768,0
755,0
757,0
788,0
723,0
748,0
699,0
699,0
704,0
665,0
762,0
848,0
752,0
662,0
625,0
457,0
458,0
473,0
465,0
485,0
496,0
477,0
501,0
652,0
632,0
646,0
689,0
739,0
735,0
713,0
683,0
643,0
683,0
702,0
716,0
765,0
859,0
806,0
783,0
614,0
434,0
484,0
463,0
488,0
463,0
471,0
442,0
479,0
597,0
664,0
652,0
691,0
875,0
737,0
720,0
791,0
744,0
696,0
734,0
859,0
915,0
824,0
627,0
489,0
384,0
390,0
421,0
448,0
431,0
412,0
401,0
527,0
540,0
570,0
637,0
637,0
661,0
642,0
618,0
700,0
741,0
798,0
834,0
887,0
993,0
864,0
709,0
554,0
276,0
299,0
274,0
288,0
308,0
339,0
308,0
304,0
406,0
414,0
521,0
515,0
459,0
472,0
372,0
336,0
331,0
464,0
546,0
662,0
819,0
641,0
278,0
191,0
-33,0
24,0
62,0
31,0
18,0
24,0
46,0
245,0
371,0
408,0
459,0
521,0
328,0
282,0
257,0
256,0
316,0
495,0
628,0
599,0
650,0
643,0
331,0
192,0
189,0
237,0
269,0
289,0
292,0
299,0
331,0
482,0
553,0
606,0
585,0
628,0
656,0
638,0
621,0
615,0
621,0
644,0
674,0
691,0
759,0
601,0
458,0
302,0
277,0
284,0
255,0
278,0
280,0
337,0
264,0
387,0
438,0
540,0
183,0
539,0
400,0
408,0
391,0
435,0
453,0
483,0
454,0
500,0
497,0
461,0
166,0
131,0
208,0
172,0
177,0
199,0
201,0
205,0
244,0
382,0
448,0
469,0
462,0
462,0
415,0
434,0
538,0
554,0
595,0
631,0
750,0
805,0
744,0
658,0
392,0
192,0
151,0
202,0
245,0
271,0
277,0
289,0
417,0
545,0
579,0
575,0
478,0
455,0
451,0
406,0
398,0
391,0
430,0
494,0
451,0
446,0
546,0
517,0
388,0
250,0
265,0
297,0
295,0
316,0
297,0
276,0
258,0
477,0
634,0
621,0
616,0
630,0
631,0
642,0
617,0
659,0
672,0
687,0
680,0
663,0
706,0
540,0
431,0
262,0
237,0
231,0
256,0
270,0
258,0
260,0
260,0
372,0
366,0
353,0
405,0
406,0
397,0
396,0
425,0
508,0
541,0
577,0
651,0
682,0
823,0
702,0
456,0
299,0
248,0
264,0
60,0
65,0
79,0
106,0
67,0
55,0
295,0
249,0
267,0
282,0
264,0
269,0
267,0
285,0
300,0
408,0
522,0
604,0
581,0
498,0
496,0
284,0
210,0
235,0
255,0
274,0
254,0
250,0
281,0
373,0
506,0
628,0
653,0
521,0
624,0
611,0
572,0
617,0
654,0
637,0
660,0
753,0
676,0
629,0
388,0
249,0
270,0
259,0
242,0
262,0
247,0
315,0
293,0
334,0
546,0
591,0
589,0
581,0
588,0
589,0
603,0
597,0
618,0
672,0
650,0
723,0
600,0
604,0
373,0
184,0
279,0
303,0
314,0
344,0
321,0
341,0
426,0
633,0
765,0
758,0
704,0
719,0
738,0
740,0
723,0
684,0
795,0
741,0
782,0
919,0
839,0
889,0
692,0
392,0
385,0
341,0
371,0
398,0
415,0
430,0
440,0
755,0
792,0
808,0
804,0
767,0
795,0
812,0
796,0
804,0
811,0
832,0
880,0
935,0
880,0
735,0
596,0
422,0
358,0
430,0
448,0
467,0
447,0
388,0
456,0
587,0
753,0
759,0
789,0
774,0
760,0
776,0
816,0
768,0
821,0
822,0
865,0
879,0
788,0
785,0
605,0
364,0
370,0
372,0
394,0
386,0
379,0
373,0
400,0
438,0
566,0
585,0
533,0
553,0
480,0
492,0
476,0
471,0
561,0
669,0
789,0
861,0
798,0
791,0
563,0
351,0
297,0
286,0
341,0
379,0
386,0
408,0
396,0
286,0
411,0
381,0
423,0
396,0
401,0
392,0
382,0
442,0
516,0
550,0
719,0
733,0
811,0
713,0
502,0
293,0
269,0
302,0
331,0
382,0
375,0
333,0
347,0
676,0
733,0
724,0
728,0
716,0
742,0
746,0
676,0
747,0
783,0
855,0
883,0
929,0
925,0
960,0
939,0
650,0
477,0
467,0
463,0
459,0
434,0
503,0
534,0
757,0
768,0
768,0
769,0
765,0
819,0
856,0
884,0
868,0
896,0
966,0
964,0
989,0
976,0
974,0
703,0
519,0
452,0
340,0
308,0
321,0
324,0
358,0
620,0
843,0
752,0
753,0
744,0
696,0
663,0
658,0
658,0
680,0
689,0
737,0
751,0
726,0
812,0
822,0
601,0
563,0
563,0
535,0
469,0
464,0
425,0
573,0
639,0
936,0
792,0
764,0
749,0
752,0
803,0
812,0
786,0
788,0
793,0
798,0
813,0
821,0
932,0
897,0
661,0
568,0
551,0
470,0
385,0
396,0
355,0
448,0
595,0
797,0
803,0
754,0
763,0
921,0
944,0
948,0
922,0
920,0
926,0
922,0
953,0
942,0
1050,0
958,0
804,0
760,0
588,0
576,0
526,0
483,0
487,0
487,0
685,0
822,0
834,0
816,0
778,0
813,0
814,0
863,0
862,0
814,0
948,0
975,0
1054,0
1175,0
1125,0
1082,0
790,0
678,0
543,0
496,0
484,0
486,0
507,0
492,0
526,0
463,0
518,0
553,0
592,0
628,0
630,0
563,0
530,0
537,0
663,0
748,0
848,0
852,0
798,0
811,0
758,0
674,0
697,0
595,0
501,0
543,0
542,0
579,0
662,0
752,0
812,0
828,0
840,0
870,0
791,0
785,0
781,0
785,0
812,0
900,0
865,0
837,0
821,0
740,0
598,0
560,0
586,0
469,0
501,0
495,0
509,0
532,0
734,0
791,0
814,0
825,0
815,0
786,0
699,0
633,0
668,0
698,0
731,0
496,0
810,0
891,0
856,0
771,0
702,0
578,0
524,0
514,0
509,0
544,0
544,0
510,0
624,0
558,0
653,0
659,0
610,0
614,0
595,0
623,0
660,0
666,0
693,0
727,0
860,0
883,0
846,0
841,0
621,0
472,0
480,0
479,0
488,0
500,0
466,0
459,0
524,0
685,0
726,0
723,0
655,0
638,0
611,0
609,0
579,0
595,0
667,0
709,0
759,0
795,0
778,0
766,0
618,0
524,0
572,0
535,0
480,0
488,0
485,0
529,0
596,0
710,0
746,0
759,0
750,0
678,0
667,0
686,0
696,0
694,0
713,0
746,0
833,0
856,0
815,0
781,0
634,0
492,0
221,0
242,0
246,0
259,0
259,0
276,0
193,0
122,0
184,0
245,0
271,0
241,0
223,0
193,0
183,0
175,0
203,0
301,0
394,0
472,0
488,0
368,0
199,0
195,0
217,0
172,0
229,0
255,0
270,0
246,0
265,0
165,0
145,0
189,0
186,0
107,0
38,0
7,0
-1,0
-36,0
-10,0
31,0
205,0
385,0
371,0
314,0
197,0
107,0
197,0
269,0
321,0
322,0
244,0
281,0
355,0
566,0
729,0
780,0
701,0
687,0
163,0
575,0
563,0
494,0
559,0
289,0
726,0
832,0
765,0
614,0
404,0
234,0
280,0
271,0
284,0
291,0
279,0
262,0
411,0
549,0
706,0
690,0
632,0
553,0
547,0
548,0
485,0
486,0
577,0
630,0
696,0
746,0
691,0
503,0
344,0
284,0
236,0
261,0
300,0
330,0
322,0
309,0
348,0
519,0
663,0
710,0
642,0
630,0
564,0
559,0
569,0
581,0
645,0
791,0
793,0
825,0
804,0
674,0
562,0
283,0
384,0
382,0
409,0
425,0
411,0
389,0
419,0
589,0
715,0
715,0
618,0
657,0
652,0
661,0
605,0
587,0
661,0
736,0
766,0
807,0
726,0
483,0
401,0
297,0
285,0
317,0
390,0
409,0
396,0
337,0
371,0
473,0
623,0
583,0
535,0
532,0
549,0
596,0
556,0
559,0
662,0
642,0
662,0
755,0
664,0
563,0
402,0
261,0
162,0
210,0
240,0
258,0
284,0
278,0
217,0
284,0
439,0
399,0
319,0
286,0
258,0
210,0
180,0
183,0
261,0
360,0
406,0
542,0
546,0
393,0
277,0
200,0
190,0
248,0
272,0
278,0
236,0
136,0
164,0
159,0
280,0
266,0
227,0
213,0
166,0
140,0
148,0
119,0
142,0
163,0
256,0
417,0
480,0
358,0
216,0
195,0
226,0
245,0
288,0
298,0
259,0
240,0
262,0
464,0
562,0
545,0
502,0
511,0
481,0
450,0
446,0
445,0
501,0
553,0
554,0
623,0
635,0
504,0
313,0
237,0
215,0
244,0
239,0
284,0
284,0
335,0
392,0
562,0
571,0
554,0
456,0
454,0
453,0
455,0
454,0
482,0
602,0
606,0
626,0
758,0
762,0
618,0
404,0
298,0
257,0
300,0
306,0
330,0
305,0
311,0
321,0
533,0
618,0
597,0
573,0
540,0
483,0
484,0
501,0
536,0
604,0
673,0
664,0
670,0
647,0
336,0
241,0
174,0
151,0
232,0
273,0
276,0
265,0
231,0
359,0
579,0
636,0
595,0
542,0
554,0
481,0
494,0
485,0
492,0
538,0
583,0
649,0
682,0
631,0
432,0
220,0
143,0
114,0
181,0
227,0
252,0
234,0
197,0
241,0
440,0
530,0
515,0
424,0
346,0
329,0
348,0
379,0
326,0
461,0
524,0
486,0
580,0
564,0
428,0
182,0
86,0
-50,0
25,0
39,0
64,0
27,0
19,0
-12,0
48,0
1,0
-20,0
-103,0
-133,0
-133,0
-113,0
-129,0
-129,0
-128,0
0,0
176,0
243,0
204,0
84,0
-82,0
-161,0
-131,0
-50,0
-4,0
5,0
36,0
16,0
70,0
-100,0
-63,0
-80,0
-107,0
-91,0
-87,0
-95,0
-152,0
-174,0
-176,0
-115,0
71,0
276,0
277,0
181,0
25,0
-98,0
33,0
63,0
71,0
-204,0
75,0
105,0
150,0
205,0
342,0
336,0
388,0
366,0
316,0
354,0
351,0
344,0
403,0
431,0
439,0
479,0
410,0
318,0
133,0
56,0
87,0
58,0
112,0
121,0
103,0
97,0
121,0
246,0
457,0
424,0
371,0
360,0
297,0
306,0
312,0
353,0
394,0
457,0
463,0
495,0
449,0
376,0
150,0
95,0
174,0
159,0
190,0
213,0
169,0
186,0
317,0
366,0
456,0
407,0
389,0
375,0
366,0
375,0
376,0
363,0
472,0
516,0
490,0
548,0
471,0
360,0
244,0
237,0
9,0
56,0
32,0
46,0
69,0
-1,0
209,0
326,0
481,0
501,0
481,0
441,0
389,0
392,0
365,0
419,0
506,0
547,0
496,0
509,0
483,0
337,0
124,0
-34,0
74,0
139,0
152,0
178,0
166,0
126,0
317,0
476,0
455,0
493,0
430,0
414,0
288,0
301,0
274,0
339,0
380,0
429,0
438,0
420,0
410,0
316,0
150,0
50,0
55,0
105,0
87,0
97,0
87,0
154,0
221,0
248,0
338,0
331,0
163,0
162,0
142,0
145,0
82,0
39,0
109,0
207,0
262,0
256,0
296,0
238,0
17,0
-187,0
-154,0
-108,0
-76,0
-69,0
-84,0
-88,0
-66,0
-138,0
-126,0
-65,0
-63,0
-72,0
-96,0
-118,0
-110,0
-130,0
-90,0
-49,0
79,0
200,0
240,0
110,0
-48,0
-64,0
-133,0
-129,0
-141,0
-140,0
-147,0
-105,0
-67,0
109,0
207,0
143,0
157,0
115,0
79,0
66,0
52,0
55,0
56,0
141,0
221,0
243,0
291,0
103,0
-42,0
-113,0
-74,0
-7,0
14,0
35,0
8,0
-33,0
199,0
297,0
312,0
286,0
259,0
248,0
222,0
161,0
134,0
166,0
206,0
265,0
238,0
315,0
346,0
239,0
115,0
-12,0
20,0
55,0
96,0
100,0
83,0
92,0
194,0
377,0
406,0
417,0
355,0
348,0
293,0
288,0
293,0
295,0
364,0
412,0
468,0
499,0
444,0
321,0
116,0
4,0
-2,0
62,0
104,0
111,0
74,0
13,0
91,0
319,0
282,0
287,0
241,0
199,0
149,0
157,0
150,0
156,0
167,0
232,0
258,0
322,0
324,0
83,0
32,0
-20,0
-5,0
10,0
-54,0
-58,0
-7,0
17,0
98,0
258,0
279,0
249,0
232,0
184,0
153,0
140,0
148,0
156,0
210,0
278,0
259,0
313,0
251,0
187,0
25,0
-4,0
-80,0
-91,0
-70,0
-38,0
-60,0
-96,0
6,0
19,0
37,0
13,0
11,0
7,0
0,0
-53,0
-49,0
-10,0
16,0
45,0
53,0
100,0
92,0
27,0
-81,0
-142,0
-373,0
-368,0
-308,0
-282,0
-265,0
-251,0
-266,0
-219,0
-190,0
-252,0
-269,0
-250,0
-261,0
-262,0
-260,0
-222,0
-216,0
-32,0
33,0
75,0
84,0
-2,0
-154,0
-215,0
-120,0
-203,0
-235,0
-219,0
-178,0
-160,0
-44,0
132,0
178,0
91,0
119,0
108,0
119,0
145,0
135,0
131,0
161,0
278,0
319,0
388,0
387,0
215,0
81,0
9,0
-23,0
-73,0
-24,0
13,0
-14,0
31,0
10,0
198,0
194,0
180,0
178,0
165,0
111,0
132,0
121,0
97,0
140,0
330,0
343,0
305,0
310,0
40,0
-85,0
-113,0
-85,0
-170,0
-108,0
-82,0
-97,0
-54,0
73,0
209,0
216,0
200,0
165,0
137,0
116,0
126,0
145,0
211,0
212,0
329,0
399,0
464,0
442,0
186,0
96,0
169,0
170,0
204,0
234,0
235,0
184,0
142,0
315,0
588,0
626,0
624,0
549,0
555,0
535,0
516,0
462,0
485,0
550,0
642,0
765,0
753,0
691,0
470,0
245,0
195,0
169,0
224,0
150,0
280,0
250,0
264,0
322,0
512,0
534,0
524,0
465,0
437,0
430,0
432,0
418,0
468,0
557,0
590,0
619,0
658,0
577,0
519,0
348,0
198,0
131,0
-58,0
-63,0
9,0
212,0
389,0
423,0
336,0
219,0
201,0
127,0
66,0
90,0
55,0
86,0
84,0
103,0
245,0
476,0
568,0
508,0
284,0
108,0
122,0
161,0
127,0
-32,0
-28,0
-11,0
-61,0
-69,0
125,0
98,0
139,0
132,0
118,0
107,0
38,0
36,0
24,0
0,0
54,0
282,0
378,0
389,0
224,0
151,0
133,0
150,0
70,0
115,0
131,0
136,0
299,0
412,0
748,0
688,0
679,0
600,0
572,0
532,0
540,0
521,0
509,0
491,0
543,0
602,0
667,0
693,0
414,0
339,0
255,0
288,0
272,0
316,0
356,0
406,0
370,0
385,0
685,0
651,0
674,0
635,0
668,0
595,0
601,0
606,0
593,0
592,0
558,0
571,0
569,0
629,0
383,0
291,0
239,0
212,0
241,0
209,0
225,0
232,0
294,0
333,0
568,0
563,0
572,0
507,0
501,0
473,0
495,0
447,0
424,0
405,0
506,0
553,0
588,0
542,0
326,0
212,0
228,0
224,0
205,0
237,0
243,0
217,0
244,0
486,0
691,0
585,0
577,0
503,0
566,0
559,0
558,0
533,0
542,0
589,0
608,0
651,0
618,0
630,0
437,0
344,0
231,0
240,0
297,0
350,0
357,0
299,0
315,0
482,0
785,0
787,0
744,0
526,0
529,0
507,0
482,0
494,0
528,0
544,0
630,0
724,0
751,0
647,0
400,0
313,0
258,0
85,0
24,0
4,0
5,0
-7,0
-21,0
128,0
208,0
189,0
169,0
100,0
98,0
134,0
140,0
118,0
157,0
248,0
338,0
490,0
506,0
397,0
200,0
114,0
98,0
44,0
124,0
175,0
201,0
200,0
229,0
189,0
160,0
229,0
214,0
208,0
170,0
196,0
202,0
214,0
174,0
235,0
416,0
442,0
421,0
273,0
262,0
146,0
220,0
113,0
-41,0
6,0
9,0
195,0
184,0
280,0
546,0
479,0
451,0
450,0
433,0
363,0
348,0
324,0
386,0
416,0
450,0
611,0
614,0
497,0
330,0
204,0
242,0
205,0
6,0
8,0
21,0
-22,0
184,0
253,0
476,0
471,0
455,0
423,0
355,0
194,0
192,0
182,0
248,0
391,0
475,0
630,0
601,0
563,0
395,0
276,0
272,0
187,0
24,0
78,0
99,0
45,0
164,0
106,0
177,0
220,0
328,0
375,0
294,0
269,0
188,0
167,0
191,0
268,0
326,0
495,0
467,0
410,0
183,0
150,0
140,0
16,0
53,0
109,0
124,0
81,0
69,0
80,0
305,0
267,0
274,0
54,0
68,0
43,0
-39,0
-67,0
4,0
130,0
180,0
316,0
236,0
249,0
0,0
-63,0
-73,0
-139,0
-122,0
-36,0
1,0
-46,0
-84,0
58,0
312,0
300,0
261,0
140,0
94,0
37,0
114,0
-43,0
0,0
151,0
262,0
264,0
56,0
89,0
19,0
7,0
-89,0
-4,0
12,0
29,0
39,0
22,0
22,0
31,0
26,0
58,0
12,0
0,0
-26,0
-24,0
-142,0
-116,0
-126,0
91,0
144,0
200,0
235,0
180,0
105,0
48,0
-101,0
-50,0
638,0
-493,0
-170,0
-196,0
-190,0
-175,0
-92,0
-113,0
36,0
-50,0
-57,0
-66,0
-38,0
-10,0
-25,0
-4,0
5,0
105,0
184,0
204,0
55,0
-49,0
-13,0
112,0
-94,0
-92,0
-43,0
-48,0
-103,0
-144,0
51,0
227,0
-14,0
-10,0
-1,0
-54,0
-113,0
-130,0
-42,0
-102,0
-57,0
8,0
136,0
-67,0
-238,0
-275,0
-284,0
-404,0
-379,0
-380,0
-344,0
-340,0
-378,0
-329,0
-46,0
252,0
186,0
187,0
191,0
180,0
174,0
120,0
124,0
169,0
154,0
230,0
253,0
169,0
-20,0
-150,0
-188,0
-244,0
-262,0
-204,0
-127,0
-79,0
-126,0
-166,0
-113,0
7,0
-52,0
-34,0
-7,0
16,0
150,0
134,0
15,0
14,0
41,0
181,0
153,0
123,0
-8,0
-78,0
-145,0
-224,0
-64,0
-11,0
53,0
65,0
-81,0
-195,0
-148,0
45,0
-14,0
42,0
33,0
1,0
-28,0
-41,0
-81,0
10,0
65,0
143,0
79,0
52,0
19,0
-153,0
-228,0
-263,0
-234,0
-169,0
-44,0
0,0
-36,0
-111,0
-90,0
-6,0
-80,0
-89,0
-176,0
-161,0
-181,0
-136,0
-169,0
-144,0
-43,0
129,0
124,0
127,0
181,0
-163,0
-246,0
-277,0
-143,0
-42,0
10,0
-3,0
16,0
-28,0
12,0
-130,0
-111,0
-104,0
-173,0
-140,0
-188,0
-181,0
-136,0
-131,0
-18,0
172,0
191,0
213,0
87,0
47,0
-201,0
-117,0
-24,0
54,0
112,0
157,0
160,0
91,0
50,0
-41,0
1,0
-38,0
-106,0
-147,0
-112,0
-70,0
-108,0
-172,0
-77,0
1,0
40,0
22,0
-24,0
-49,0
-119,0
-102,0
28,0
142,0
174,0
177,0
151,0
73,0
40,0
201,0
251,0
267,0
320,0
292,0
286,0
184,0
250,0
284,0
297,0
337,0
347,0
364,0
379,0
404,0
246,0
222,0
284,0
329,0
252,0
278,0
268,0
310,0
274,0
449,0
460,0
494,0
485,0
464,0
361,0
404,0
440,0
484,0
431,0
566,0
660,0
660,0
656,0
547,0
424,0
311,0
280,0
332,0
362,0
365,0
320,0
229,0
321,0
524,0
707,0
678,0
698,0
425,0
354,0
327,0
302,0
326,0
479,0
483,0
559,0
504,0
413,0
338,0
270,0
280,0
89,0
144,0
189,0
162,0
121,0
100,0
286,0
285,0
501,0
556,0
532,0
594,0
591,0
504,0
417,0
516,0
492,0
440,0
460,0
457,0
409,0
355,0
156,0
88,0
214,0
273,0
317,0
283,0
246,0
195,0
243,0
303,0
477,0
487,0
497,0
471,0
515,0
440,0
439,0
650,0
633,0
793,0
797,0
690,0
558,0
585,0
374,0
394,0
311,0
308,0
282,0
282,0
262,0
216,0
321,0
379,0
458,0
443,0
439,0
439,0
367,0
378,0
390,0
390,0
500,0
601,0
681,0
602,0
557,0
571,0
439,0
491,0
399,0
394,0
356,0
369,0
352,0
396,0
527,0
531,0
545,0
504,0
461,0
479,0
573,0
594,0
564,0
549,0
598,0
693,0
697,0
702,0
590,0
617,0
583,0
623,0
496,0
555,0
433,0
443,0
534,0
461,0
631,0
656,0
753,0
764,0
823,0
800,0
766,0
691,0
671,0
771,0
726,0
748,0
764,0
793,0
702,0
706,0
624,0
682,0
565,0
604,0
640,0
643,0
625,0
574,0
653,0
689,0
493,0
837,0
852,0
822,0
854,0
780,0
783,0
862,0
861,0
902,0
920,0
918,0
773,0
804,0
650,0
696,0
679,0
745,0
781,0
758,0
734,0
636,0
836,0
937,0
1023,0
1046,0
1071,0
1011,0
1011,0
924,0
933,0
1081,0
1096,0
1155,0
1119,0
1104,0
1050,0
1008,0
861,0
869,0
554,0
596,0
637,0
646,0
610,0
649,0
964,0
1073,0
1075,0
1094,0
1103,0
1069,0
1112,0
1101,0
1113,0
1159,0
1158,0
1146,0
1149,0
1102,0
995,0
953,0
895,0
986,0
769,0
817,0
837,0
837,0
817,0
759,0
768,0
900,0
1086,0
1075,0
1073,0
1034,0
1033,0
960,0
947,0
1056,0
993,0
982,0
1030,0
1042,0
1011,0
1009,0
897,0
829,0
756,0
764,0
746,0
762,0
725,0
697,0
925,0
1048,0
952,0
930,0
940,0
897,0
902,0
910,0
910,0
962,0
938,0
1000,0
1018,0
1037,0
980,0
805,0
673,0
730,0
508,0
526,0
476,0
493,0
491,0
553,0
654,0
666,0
761,0
771,0
757,0
767,0
780,0
742,0
701,0
674,0
670,0
685,0
699,0
700,0
639,0
634,0
662,0
624,0
363,0
378,0
218,0
402,0
367,0
467,0
604,0
827,0
1001,0
963,0
1008,0
969,0
908,0
904,0
847,0
884,0
905,0
918,0
943,0
941,0
773,0
844,0
724,0
618,0
316,0
397,0
416,0
352,0
289,0
374,0
712,0
749,0
896,0
986,0
1007,0
964,0
927,0
949,0
869,0
868,0
953,0
1026,0
1104,0
1091,0
988,0
981,0
856,0
772,0
640,0
652,0
701,0
673,0
599,0
577,0
974,0
1063,0
1233,0
1270,0
1305,0
1261,0
1256,0
1264,0
1252,0
1271,0
1234,0
1249,0
1250,0
1260,0
1084,0
1047,0
796,0
770,0
735,0
672,0
704,0
726,0
712,0
761,0
1015,0
1106,0
1235,0
1255,0
1246,0
1246,0
1262,0
1205,0
1213,0
1256,0
1201,0
1197,0
1188,0
1188,0
1036,0
917,0
771,0
706,0
718,0
669,0
686,0
707,0
709,0
753,0
977,0
987,0
1072,0
1077,0
1073,0
1055,0
1057,0
1052,0
1046,0
1062,0
1098,0
1046,0
1030,0
1017,0
837,0
795,0
618,0
651,0
342,0
382,0
426,0
450,0
438,0
412,0
425,0
497,0
518,0
505,0
482,0
492,0
513,0
497,0
430,0
567,0
579,0
614,0
665,0
688,0
616,0
524,0
514,0
374,0
299,0
356,0
393,0
400,0
372,0
354,0
375,0
349,0
542,0
564,0
535,0
569,0
581,0
573,0
551,0
539,0
683,0
765,0
800,0
797,0
772,0
666,0
574,0
500,0
446,0
492,0
536,0
544,0
506,0
413,0
731,0
1021,0
1063,0
1081,0
1073,0
1049,0
996,0
990,0
979,0
1100,0
1061,0
1125,0
1192,0
1122,0
1022,0
882,0
725,0
637,0
549,0
583,0
606,0
597,0
565,0
540,0
626,0
906,0
985,0
843,0
793,0
759,0
719,0
928,0
946,0
1100,0
1140,0
1125,0
1166,0
1113,0
737,0
630,0
487,0
503,0
559,0
553,0
594,0
621,0
573,0
503,0
758,0
882,0
1029,0
1048,0
1029,0
930,0
873,0
896,0
868,0
1009,0
1068,0
1082,0
1085,0
1062,0
905,0
705,0
558,0
523,0
388,0
401,0
439,0
463,0
432,0
369,0
532,0
843,0
968,0
966,0
916,0
889,0
766,0
783,0
793,0
984,0
988,0
1068,0
1026,0
1007,0
831,0
621,0
463,0
463,0
515,0
466,0
489,0
504,0
423,0
544,0
758,0
899,0
955,0
931,0
974,0
1016,0
1008,0
988,0
996,0
930,0
1004,0
1093,0
1089,0
1074,0
881,0
775,0
630,0
648,0
429,0
433,0
475,0
480,0
472,0
479,0
497,0
715,0
826,0
751,0
758,0
792,0
791,0
748,0
768,0
831,0
798,0
826,0
904,0
873,0
779,0
715,0
580,0
467,0
311,0
343,0
373,0
387,0
374,0
358,0
570,0
602,0
644,0
672,0
651,0
675,0
704,0
683,0
681,0
641,0
734,0
820,0
817,0
844,0
792,0
738,0
637,0
551,0
507,0
610,0
664,0
677,0
617,0
565,0
787,0
1002,0
999,0
1012,0
964,0
991,0
970,0
914,0
929,0
932,0
950,0
997,0
1016,0
1032,0
983,0
907,0
754,0
713,0
680,0
751,0
774,0
678,0
655,0
663,0
911,0
905,0
950,0
956,0
950,0
919,0
421,0
396,0
868,0
912,0
979,0
948,0
964,0
995,0
994,0
961,0
860,0
899,0
636,0
659,0
696,0
684,0
638,0
664,0
867,0
1005,0
1030,0
1041,0
913,0
935,0
808,0
730,0
743,0
821,0
953,0
909,0
932,0
943,0
891,0
810,0
776,0
758,0
600,0
617,0
640,0
656,0
608,0
627,0
863,0
959,0
930,0
923,0
904,0
874,0
797,0
738,0
741,0
818,0
941,0
969,0
1000,0
1008,0
899,0
830,0
707,0
665,0
539,0
537,0
550,0
550,0
537,0
504,0
827,0
892,0
916,0
934,0
933,0
985,0
857,0
847,0
854,0
981,0
994,0
981,0
1043,0
1068,0
925,0
870,0
782,0
735,0
470,0
463,0
452,0
447,0
436,0
491,0
607,0
795,0
738,0
707,0
699,0
690,0
590,0
552,0
543,0
638,0
733,0
759,0
773,0
723,0
669,0
592,0
598,0
535,0
319,0
271,0
284,0
294,0
305,0
282,0
360,0
488,0
498,0
472,0
461,0
487,0
448,0
482,0
462,0
544,0
661,0
636,0
627,0
632,0
555,0
475,0
421,0
397,0
141,0
163,0
208,0
220,0
199,0
192,0
523,0
634,0
670,0
780,0
664,0
601,0
577,0
562,0
547,0
618,0
770,0
758,0
765,0
775,0
740,0
485,0
265,0
233,0
329,0
366,0
253,0
285,0
258,0
391,0
631,0
677,0
744,0
767,0
732,0
638,0
616,0
675,0
842,0
916,0
977,0
860,0
805,0
765,0
733,0
609,0
527,0
517,0
285,0
339,0
379,0
393,0
351,0
317,0
663,0
727,0
873,0
896,0
884,0
384,0
784,0
783,0
897,0
922,0
920,0
953,0
967,0
978,0
930,0
794,0
722,0
658,0
497,0
514,0
523,0
528,0
515,0
511,0
768,0
793,0
749,0
747,0
726,0
601,0
716,0
653,0
744,0
773,0
782,0
782,0
810,0
813,0
792,0
663,0
554,0
543,0
457,0
498,0
530,0
541,0
504,0
525,0
815,0
894,0
917,0
920,0
935,0
883,0
861,0
844,0
924,0
894,0
948,0
974,0
890,0
932,0
1078,0
800,0
816,0
670,0
542,0
565,0
611,0
639,0
602,0
567,0
663,0
714,0
839,0
788,0
779,0
761,0
790,0
803,0
876,0
917,0
984,0
998,0
995,0
934,0
818,0
782,0
657,0
685,0
562,0
613,0
612,0
639,0
643,0
649,0
683,0
717,0
689,0
671,0
711,0
643,0
660,0
690,0
692,0
681,0
750,0
783,0
812,0
744,0
840,0
764,0
583,0
710,0
543,0
586,0
630,0
652,0
612,0
554,0
889,0
1023,0
1014,0
1025,0
1023,0
1013,0
999,0
882,0
804,0
863,0
1017,0
1005,0
1045,0
962,0
886,0
648,0
562,0
587,0
610,0
633,0
666,0
669,0
650,0
630,0
818,0
875,0
1047,0
1072,0
1072,0
934,0
949,0
1017,0
858,0
1012,0
1038,0
1079,0
1257,0
1085,0
926,0
927,0
824,0
816,0
604,0
638,0
559,0
565,0
541,0
579,0
811,0
866,0
1145,0
1080,0
1106,0
967,0
1006,0
1001,0
989,0
972,0
1095,0
1053,0
966,0
892,0
790,0
729,0
581,0
550,0
343,0
364,0
389,0
401,0
374,0
336,0
766,0
819,0
946,0
988,0
950,0
835,0
849,0
936,0
950,0
1004,0
983,0
1095,0
1058,0
1065,0
769,0
785,0
536,0
625,0
574,0
595,0
632,0
666,0
661,0
619,0
869,0
963,0
999,0
1001,0
953,0
847,0
930,0
947,0
911,0
812,0
1015,0
1142,0
1084,0
991,0
772,0
754,0
680,0
487,0
367,0
408,0
454,0
436,0
435,0
405,0
543,0
614,0
625,0
635,0
619,0
650,0
624,0
618,0
711,0
736,0
729,0
768,0
826,0
681,0
697,0
700,0
663,0
687,0
597,0
525,0
584,0
602,0
592,0
568,0
673,0
677,0
734,0
764,0
777,0
764,0
744,0
745,0
755,0
824,0
895,0
911,0
947,0
965,0
837,0
819,0
819,0
824,0
794,0
644,0
619,0
615,0
597,0
650,0
973,0
1029,0
1101,0
1095,0
1071,0
975,0
945,0
937,0
938,0
1034,0
997,0
993,0
998,0
1005,0
968,0
903,0
894,0
966,0
875,0
833,0
732,0
748,0
747,0
713,0
1014,0
1068,0
1125,0
1157,0
1176,0
1066,0
1039,0
958,0
973,0
1080,0
1010,0
1053,0
1099,0
1102,0
1011,0
984,0
915,0
822,0
625,0
553,0
464,0
482,0
495,0
595,0
839,0
835,0
893,0
918,0
961,0
874,0
819,0
805,0
771,0
957,0
818,0
747,0
882,0
1041,0
903,0
904,0
689,0
787,0
666,0
638,0
666,0
693,0
688,0
660,0
905,0
944,0
993,0
1011,0
1004,0
897,0
871,0
869,0
836,0
922,0
906,0
939,0
952,0
952,0
928,0
948,0
774,0
754,0
625,0
541,0
566,0
565,0
541,0
566,0
958,0
911,0
938,0
1013,0
1026,0
949,0
924,0
909,0
886,0
1029,0
1008,0
1029,0
1044,0
1037,0
898,0
874,0
789,0
659,0
463,0
443,0
472,0
491,0
482,0
467,0
633,0
627,0
755,0
727,0
724,0
724,0
737,0
726,0
723,0
820,0
828,0
862,0
873,0
857,0
891,0
734,0
686,0
615,0
504,0
511,0
530,0
524,0
563,0
538,0
657,0
654,0
677,0
627,0
636,0
614,0
636,0
669,0
685,0
756,0
757,0
815,0
842,0
841,0
736,0
706,0
684,0
617,0
600,0
544,0
528,0
536,0
506,0
529,0
691,0
742,0
804,0
767,0
778,0
717,0
704,0
739,0
722,0
818,0
818,0
691,0
760,0
786,0
604,0
611,0
560,0
518,0
382,0
387,0
379,0
371,0
370,0
391,0
516,0
615,0
632,0
607,0
609,0
660,0
612,0
657,0
658,0
751,0
702,0
683,0
716,0
804,0
840,0
709,0
621,0
569,0
0,0
0,0
0,0
0,0
0,0
0,0
0,0
0,0
0,0
0,0
0,0
0,0
0,0
0,0
0,0
0,0
0,0
0,0
0,0
0,0
0,0
0,0
0,0
