736,0
616,0
487,0
391,0
627,0
525,0
284,0
106,0
71,0
83,0
62,0
76,0
62,0
61,0
105,0
192,0
215,0
204,0
159,0
178,0
207,0
221,0
374,0
445,0
340,0
425,0
439,0
510,0
541,0
555,0
416,0
237,0
132,0
96,0
140,0
215,0
252,0
219,0
241,0
250,0
184,0
126,0
118,0
164,0
275,0
275,0
326,0
430,0
534,0
509,0
581,0
544,0
528,0
564,0
301,0
70,0
88,0
22,0
103,0
184,0
82,0
78,0
164,0
132,0
10,0
8,0
77,0
87,0
243,0
288,0
327,0
569,0
670,0
747,0
860,0
949,0
928,0
858,0
609,0
695,0
583,0
621,0
631,0
698,0
618,0
558,0
589,0
544,0
381,0
354,0
336,0
366,0
458,0
490,0
541,0
700,0
880,0
828,0
754,0
675,0
676,0
643,0
724,0
790,0
844,0
775,0
750,0
633,0
571,0
670,0
710,0
769,0
639,0
529,0
386,0
303,0
239,0
276,0
404,0
431,0
91,0
116,0
75,0
59,0
53,0
83,0
67,0
82,0
38,0
16,0
14,0
14,0
18,0
21,0
24,0
21,0
15,0
8,0
7,0
0,0
21,0
27,0
57,0
80,0
280,0
156,0
193,0
164,0
124,0
386,0
132,0
56,0
24,0
22,0
48,0
22,0
27,0
32,0
32,0
34,0
35,0
39,0
43,0
36,0
105,0
318,0
355,0
424,0
334,0
250,0
280,0
246,0
314,0
388,0
93,0
36,0
15,0
6,0
4,0
5,0
0,0
7,0
0,0
27,0
22,0
10,0
9,0
13,0
24,0
26,0
108,0
219,0
374,0
594,0
536,0
537,0
497,0
296,0
39,0
13,0
4,0
0,0
1,0
5,0
0,0
0,0
7,0
21,0
17,0
8,0
1,0
0,0
1,0
11,0
30,0
127,0
405,0
538,0
616,0
607,0
554,0
485,0
62,0
31,0
30,0
17,0
23,0
23,0
21,0
25,0
36,0
45,0
31,0
3,0
1,0
7,0
10,0
12,0
30,0
119,0
474,0
540,0
550,0
556,0
552,0
553,0
447,0
305,0
221,0
212,0
179,0
228,0
282,0
353,0
395,0
459,0
260,0
158,0
157,0
191,0
348,0
333,0
388,0
331,0
429,0
454,0
519,0
557,0
515,0
495,0
605,0
363,0
384,0
362,0
334,0
233,0
281,0
375,0
370,0
459,0
295,0
112,0
143,0
154,0
175,0
245,0
474,0
633,0
240,0
138,0
113,0
156,0
223,0
192,0
43,0
0,0
1,0
1,0
0,0
0,0
0,0
0,0
2,0
10,0
15,0
9,0
4,0
2,0
8,0
86,0
46,0
24,0
225,0
413,0
374,0
369,0
361,0
269,0
50,0
23,0
19,0
22,0
15,0
9,0
11,0
5,0
10,0
16,0
21,0
5,0
3,0
0,0
15,0
17,0
58,0
141,0
63,0
198,0
317,0
238,0
201,0
36,0
20,0
22,0
26,0
19,0
11,0
1,0
0,0
0,0
4,0
8,0
16,0
1,0
0,0
1,0
2,0
28,0
46,0
48,0
261,0
321,0
295,0
322,0
328,0
238,0
22,0
13,0
6,0
17,0
18,0
15,0
10,0
8,0
8,0
19,0
20,0
7,0
8,0
8,0
0,0
26,0
92,0
204,0
105,0
185,0
223,0
196,0
259,0
280,0
13,0
2,0
1,0
0,0
0,0
1,0
6,0
13,0
4,0
0,0
3,0
10,0
9,0
0,0
45,0
55,0
70,0
285,0
455,0
426,0
552,0
371,0
277,0
459,0
282,0
274,0
242,0
120,0
153,0
204,0
216,0
263,0
335,0
343,0
110,0
138,0
96,0
155,0
294,0
405,0
605,0
723,0
575,0
712,0
607,0
503,0
556,0
646,0
784,0
684,0
561,0
567,0
628,0
649,0
805,0
812,0
771,0
706,0
523,0
377,0
391,0
466,0
471,0
558,0
613,0
757,0
415,0
394,0
270,0
288,0
231,0
401,0
103,0
2,0
1,0
0,0
0,0
1,0
5,0
0,0
46,0
120,0
7,0
2,0
2,0
0,0
1,0
16,0
36,0
79,0
433,0
346,0
340,0
403,0
410,0
404,0
48,0
4,0
6,0
3,0
4,0
3,0
6,0
0,0
0,0
0,0
15,0
7,0
5,0
7,0
14,0
154,0
52,0
239,0
169,0
169,0
203,0
215,0
366,0
522,0
175,0
39,0
2,0
4,0
0,0
2,0
3,0
1,0
0,0
1,0
19,0
11,0
5,0
3,0
162,0
154,0
216,0
318,0
216,0
230,0
161,0
236,0
257,0
236,0
59,0
64,0
9,0
11,0
16,0
21,0
17,0
0,0
0,0
1,0
6,0
6,0
11,0
6,0
12,0
2,0
6,0
17,0
35,0
76,0
90,0
85,0
85,0
71,0
57,0
7,0
2,0
0,0
0,0
0,0
0,0
0,0
0,0
0,0
1,0
0,0
2,0
1,0
5,0
2,0
26,0
125,0
289,0
221,0
169,0
211,0
280,0
303,0
170,0
198,0
112,0
254,0
237,0
232,0
359,0
276,0
284,0
223,0
157,0
63,0
56,0
231,0
322,0
65,0
216,0
329,0
633,0
632,0
590,0
436,0
396,0
485,0
560,0
430,0
268,0
205,0
157,0
179,0
278,0
501,0
468,0
465,0
305,0
251,0
181,0
218,0
297,0
389,0
522,0
500,0
407,0
295,0
361,0
194,0
294,0
367,0
64,0
29,0
26,0
18,0
21,0
166,0
25,0
36,0
46,0
45,0
0,0
36,0
36,0
36,0
78,0
261,0
412,0
412,0
466,0
533,0
318,0
189,0
276,0
384,0
85,0
21,0
30,0
23,0
18,0
1,0
0,0
0,0
8,0
0,0
26,0
20,0
38,0
8,0
182,0
159,0
253,0
201,0
391,0
177,0
130,0
116,0
125,0
236,0
90,0
22,0
10,0
13,0
24,0
6,0
0,0
2,0
17,0
24,0
34,0
21,0
130,0
60,0
25,0
105,0
340,0
330,0
282,0
252,0
336,0
305,0
312,0
202,0
84,0
17,0
7,0
8,0
29,0
14,0
11,0
4,0
12,0
0,0
13,0
8,0
7,0
10,0
42,0
181,0
502,0
531,0
418,0
421,0
449,0
468,0
418,0
399,0
97,0
46,0
29,0
23,0
51,0
36,0
35,0
26,0
19,0
27,0
19,0
7,0
6,0
6,0
8,0
64,0
154,0
278,0
159,0
178,0
266,0
210,0
310,0
342,0
232,0
120,0
117,0
98,0
212,0
158,0
200,0
87,0
152,0
241,0
321,0
44,0
39,0
34,0
127,0
88,0
256,0
372,0
497,0
556,0
496,0
386,0
360,0
440,0
480,0
375,0
343,0
233,0
241,0
465,0
455,0
437,0
457,0
497,0
456,0
286,0
276,0
248,0
359,0
495,0
515,0
626,0
864,0
795,0
732,0
718,0
707,0
637,0
137,0
47,0
31,0
22,0
58,0
79,0
17,0
16,0
28,0
37,0
128,0
59,0
16,0
12,0
131,0
279,0
452,0
586,0
627,0
621,0
707,0
591,0
570,0
422,0
122,0
55,0
18,0
16,0
0,0
24,0
128,0
122,0
54,0
47,0
11,0
3,0
5,0
48,0
92,0
141,0
92,0
242,0
218,0
145,0
159,0
54,0
151,0
328,0
101,0
229,0
295,0
481,0
562,0
546,0
438,0
359,0
274,0
131,0
161,0
41,0
45,0
23,0
106,0
74,0
162,0
139,0
129,0
119,0
83,0
82,0
88,0
173,0
82,0
40,0
2,0
91,0
306,0
433,0
288,0
192,0
131,0
109,0
19,0
1,0
9,0
5,0
47,0
379,0
505,0
513,0
545,0
413,0
300,0
329,0
290,0
323,0
157,0
39,0
45,0
91,0
90,0
36,0
93,0
126,0
165,0
158,0
151,0
44,0
14,0
118,0
172,0
218,0
420,0
532,0
240,0
330,0
225,0
131,0
180,0
195,0
240,0
116,0
97,0
79,0
104,0
110,0
115,0
159,0
88,0
81,0
152,0
6,0
21,0
129,0
129,0
241,0
290,0
405,0
421,0
408,0
467,0
417,0
431,0
521,0
489,0
458,0
416,0
469,0
412,0
267,0
308,0
433,0
463,0
381,0
361,0
192,0
143,0
194,0
287,0
457,0
640,0
647,0
780,0
795,0
562,0
480,0
512,0
625,0
187,0
21,0
0,0
0,0
2,0
67,0
46,0
49,0
68,0
14,0
26,0
1,0
0,0
0,0
80,0
197,0
389,0
363,0
333,0
292,0
182,0
203,0
219,0
244,0
106,0
46,0
2,0
0,0
0,0
0,0
12,0
11,0
126,0
24,0
2,0
0,0
5,0
7,0
18,0
115,0
330,0
383,0
328,0
277,0
256,0
297,0
318,0
269,0
79,0
0,0
0,0
0,0
11,0
17,0
12,0
55,0
33,0
0,0
0,0
0,0
0,0
0,0
0,0
95,0
246,0
403,0
498,0
472,0
305,0
280,0
363,0
332,0
21,0
0,0
4,0
1,0
0,0
0,0
31,0
77,0
33,0
28,0
43,0
242,0
191,0
238,0
439,0
301,0
506,0
512,0
578,0
482,0
488,0
532,0
524,0
522,0
277,0
2,0
6,0
0,0
0,0
36,0
153,0
73,0
150,0
141,0
49,0
0,0
0,0
0,0
66,0
287,0
526,0
707,0
622,0
563,0
492,0
357,0
324,0
350,0
254,0
164,0
211,0
321,0
338,0
332,0
300,0
373,0
418,0
466,0
369,0
305,0
300,0
268,0
354,0
514,0
745,0
575,0
908,0
761,0
607,0
553,0
750,0
850,0
856,0
794,0
640,0
602,0
603,0
702,0
761,0
713,0
714,0
776,0
691,0
463,0
417,0
423,0
567,0
694,0
840,0
1080,0
676,0
581,0
548,0
537,0
616,0
551,0
391,0
41,0
33,0
77,0
133,0
240,0
329,0
266,0
101,0
0,0
27,0
211,0
289,0
271,0
423,0
265,0
225,0
430,0
336,0
181,0
120,0
207,0
250,0
317,0
138,0
47,0
26,0
27,0
48,0
57,0
49,0
46,0
148,0
168,0
51,0
268,0
301,0
199,0
209,0
275,0
383,0
478,0
255,0
220,0
260,0
253,0
296,0
187,0
93,0
55,0
16,0
10,0
23,0
56,0
47,0
29,0
37,0
36,0
12,0
27,0
47,0
50,0
120,0
182,0
606,0
652,0
605,0
521,0
419,0
312,0
359,0
458,0
397,0
152,0
237,0
236,0
361,0
552,0
548,0
457,0
402,0
404,0
75,0
50,0
38,0
39,0
105,0
360,0
492,0
530,0
511,0
560,0
440,0
301,0
421,0
463,0
321,0
38,0
23,0
29,0
15,0
13,0
21,0
22,0
41,0
34,0
43,0
49,0
202,0
185,0
285,0
372,0
409,0
507,0
440,0
333,0
179,0
210,0
245,0
331,0
352,0
274,0
374,0
414,0
375,0
330,0
345,0
365,0
400,0
430,0
407,0
197,0
201,0
251,0
277,0
325,0
511,0
529,0
309,0
260,0
224,0
166,0
207,0
231,0
227,0
400,0
485,0
527,0
512,0
476,0
420,0
492,0
545,0
563,0
527,0
452,0
440,0
211,0
296,0
405,0
372,0
421,0
272,0
155,0
16,0
111,0
110,0
245,0
262,0
104,0
7,0
77,0
128,0
125,0
94,0
112,0
114,0
62,0
19,0
10,0
12,0
16,0
85,0
231,0
329,0
429,0
249,0
303,0
395,0
377,0
389,0
375,0
296,0
28,0
7,0
0,0
0,0
67,0
99,0
44,0
1,0
20,0
4,0
1,0
4,0
3,0
3,0
44,0
365,0
291,0
109,0
111,0
71,0
73,0
142,0
206,0
96,0
6,0
9,0
3,0
2,0
0,0
0,0
3,0
89,0
0,0
97,0
30,0
17,0
9,0
10,0
53,0
93,0
169,0
60,0
50,0
35,0
38,0
46,0
54,0
60,0
3,0
1,0
10,0
1,0
43,0
91,0
12,0
1,0
0,0
1,0
0,0
0,0
0,0
10,0
0,0
266,0
283,0
212,0
187,0
215,0
121,0
236,0
453,0
414,0
226,0
286,0
328,0
474,0
374,0
563,0
500,0
369,0
264,0
219,0
102,0
30,0
25,0
43,0
230,0
345,0
386,0
319,0
347,0
270,0
235,0
211,0
335,0
132,0
117,0
142,0
253,0
308,0
353,0
327,0
342,0
525,0
587,0
379,0
256,0
93,0
98,0
222,0
259,0
630,0
563,0
540,0
695,0
676,0
727,0
703,0
605,0
497,0
389,0
275,0
211,0
159,0
202,0
245,0
324,0
477,0
629,0
553,0
437,0
234,0
174,0
263,0
412,0
447,0
486,0
131,0
212,0
72,0
100,0
175,0
211,0
28,0
0,0
17,0
63,0
65,0
80,0
52,0
41,0
7,0
3,0
2,0
3,0
6,0
36,0
24,0
1,0
24,0
26,0
61,0
31,0
23,0
30,0
54,0
159,0
21,0
6,0
57,0
86,0
150,0
147,0
131,0
141,0
62,0
15,0
11,0
8,0
8,0
8,0
10,0
20,0
35,0
38,0
82,0
100,0
109,0
102,0
87,0
67,0
19,0
13,0
14,0
9,0
8,0
12,0
15,0
10,0
16,0
18,0
19,0
15,0
15,0
14,0
22,0
44,0
52,0
52,0
83,0
77,0
72,0
69,0
82,0
95,0
17,0
11,0
11,0
10,0
18,0
16,0
12,0
11,0
14,0
12,0
11,0
6,0
7,0
8,0
9,0
15,0
46,0
61,0
99,0
98,0
99,0
94,0
102,0
166,0
51,0
12,0
4,0
3,0
6,0
9,0
9,0
13,0
14,0
9,0
6,0
5,0
3,0
5,0
39,0
60,0
65,0
68,0
89,0
115,0
126,0
114,0
106,0
85,0
67,0
25,0
10,0
36,0
47,0
6,0
22,0
23,0
244,0
294,0
167,0
13,0
2,0
7,0
14,0
35,0
70,0
61,0
80,0
108,0
105,0
98,0
103,0
96,0
90,0
70,0
61,0
202,0
222,0
354,0
431,0
389,0
460,0
572,0
340,0
247,0
289,0
224,0
148,0
109,0
137,0
202,0
78,0
68,0
180,0
55,0
76,0
79,0
31,0
15,0
21,0
29,0
59,0
48,0
18,0
17,0
16,0
17,0
5,0
16,0
1,0
0,0
0,0
14,0
54,0
47,0
62,0
57,0
55,0
53,0
54,0
68,0
47,0
3,0
2,0
1,0
0,0
0,0
0,0
0,0
3,0
14,0
12,0
11,0
1,0
0,0
4,0
36,0
68,0
63,0
101,0
104,0
78,0
83,0
149,0
65,0
81,0
0,0
1,0
0,0
15,0
39,0
64,0
86,0
89,0
65,0
71,0
1,0
1,0
0,0
0,0
26,0
58,0
84,0
65,0
71,0
66,0
58,0
58,0
58,0
1,0
0,0
9,0
41,0
82,0
84,0
52,0
97,0
74,0
63,0
4,0
0,0
2,0
0,0
0,0
0,0
35,0
55,0
54,0
72,0
64,0
53,0
53,0
52,0
0,0
0,0
15,0
26,0
73,0
47,0
26,0
61,0
100,0
86,0
76,0
15,0
1,0
0,0
46,0
49,0
12,0
38,0
38,0
82,0
89,0
81,0
32,0
53,0
56,0
182,0
68,0
257,0
202,0
151,0
98,0
166,0
201,0
402,0
269,0
340,0
234,0
115,0
251,0
334,0
294,0
297,0
214,0
140,0
190,0
165,0
67,0
67,0
118,0
108,0
117,0
214,0
252,0
420,0
369,0
421,0
499,0
440,0
312,0
282,0
128,0
68,0
136,0
129,0
140,0
155,0
50,0
42,0
115,0
40,0
51,0
64,0
36,0
31,0
9,0
62,0
70,0
78,0
32,0
20,0
39,0
8,0
12,0
5,0
0,0
1,0
2,0
2,0
44,0
62,0
63,0
69,0
57,0
56,0
65,0
54,0
19,0
0,0
0,0
0,0
0,0
1,0
7,0
8,0
0,0
2,0
1,0
1,0
1,0
1,0
28,0
71,0
59,0
22,0
73,0
66,0
67,0
82,0
143,0
86,0
104,0
55,0
25,0
35,0
29,0
27,0
31,0
82,0
89,0
58,0
38,0
51,0
27,0
9,0
293,0
323,0
108,0
143,0
130,0
53,0
40,0
42,0
91,0
53,0
33,0
16,0
0,0
0,0
12,0
46,0
28,0
49,0
38,0
27,0
0,0
60,0
23,0
25,0
16,0
33,0
58,0
66,0
79,0
63,0
67,0
62,0
69,0
71,0
50,0
11,0
0,0
0,0
2,0
0,0
0,0
0,0
10,0
6,0
9,0
16,0
14,0
9,0
45,0
36,0
40,0
50,0
387,0
388,0
362,0
353,0
371,0
365,0
331,0
295,0
269,0
239,0
257,0
229,0
147,0
117,0
222,0
316,0
290,0
188,0
84,0
5,0
33,0
36,0
91,0
181,0
311,0
368,0
423,0
410,0
425,0
448,0
474,0
635,0
477,0
396,0
432,0
451,0
487,0
533,0
605,0
624,0
683,0
630,0
559,0
460,0
437,0
422,0
400,0
366,0
351,0
239,0
174,0
168,0
177,0
373,0
237,0
310,0
235,0
215,0
149,0
204,0
260,0
135,0
118,0
36,0
122,0
139,0
0,0
0,0
20,0
32,0
52,0
87,0
57,0
110,0
104,0
96,0
65,0
41,0
32,0
81,0
10,0
35,0
9,0
33,0
115,0
119,0
45,0
11,0
7,0
0,0
2,0
2,0
173,0
24,0
125,0
105,0
104,0
137,0
124,0
107,0
101,0
69,0
42,0
64,0
5,0
3,0
0,0
0,0
0,0
0,0
0,0
3,0
3,0
10,0
5,0
1,0
6,0
19,0
197,0
136,0
64,0
103,0
145,0
97,0
82,0
47,0
37,0
110,0
14,0
0,0
0,0
25,0
58,0
83,0
69,0
25,0
16,0
6,0
0,0
0,0
26,0
18,0
56,0
75,0
88,0
91,0
62,0
64,0
49,0
35,0
26,0
27,0
0,0
6,0
4,0
20,0
39,0
25,0
14,0
3,0
12,0
34,0
9,0
0,0
10,0
37,0
237,0
175,0
227,0
180,0
306,0
325,0
314,0
168,0
375,0
456,0
287,0
280,0
185,0
123,0
207,0
325,0
340,0
294,0
365,0
341,0
181,0
123,0
238,0
332,0
380,0
402,0
599,0
477,0
0,0
514,0
461,0
431,0
378,0
551,0
430,0
397,0
304,0
189,0
277,0
354,0
438,0
541,0
517,0
566,0
452,0
320,0
325,0
405,0
435,0
562,0
418,0
411,0
554,0
372,0
385,0
508,0
274,0
316,0
167,0
202,0
137,0
76,0
23,0
0,0
0,0
2,0
99,0
285,0
325,0
224,0
304,0
566,0
477,0
328,0
150,0
96,0
85,0
54,0
52,0
162,0
35,0
0,0
0,0
24,0
0,0
0,0
20,0
102,0
127,0
157,0
153,0
30,0
68,0
4,0
248,0
393,0
109,0
270,0
67,0
38,0
45,0
23,0
32,0
27,0
24,0
108,0
77,0
225,0
232,0
153,0
180,0
217,0
283,0
288,0
226,0
248,0
209,0
5,0
5,0
17,0
65,0
94,0
220,0
147,0
77,0
52,0
201,0
243,0
43,0
56,0
54,0
94,0
65,0
86,0
53,0
58,0
173,0
177,0
82,0
183,0
161,0
89,0
54,0
108,0
129,0
204,0
165,0
211,0
141,0
94,0
117,0
221,0
60,0
41,0
32,0
13,0
18,0
26,0
24,0
24,0
29,0
22,0
35,0
96,0
93,0
13,0
21,0
131,0
283,0
220,0
352,0
255,0
164,0
233,0
270,0
248,0
268,0
487,0
439,0
530,0
612,0
610,0
609,0
571,0
590,0
597,0
561,0
515,0
335,0
132,0
65,0
193,0
262,0
261,0
171,0
46,0
67,0
57,0
38,0
26,0
38,0
72,0
63,0
47,0
150,0
234,0
292,0
453,0
474,0
461,0
594,0
559,0
280,0
193,0
95,0
35,0
51,0
73,0
115,0
184,0
494,0
228,0
237,0
171,0
39,0
19,0
1,0
51,0
125,0
152,0
184,0
199,0
201,0
185,0
139,0
92,0
60,0
35,0
16,0
18,0
71,0
138,0
146,0
133,0
143,0
130,0
129,0
96,0
64,0
20,0
11,0
10,0
9,0
20,0
64,0
69,0
68,0
27,0
2,0
21,0
24,0
0,0
0,0
4,0
52,0
67,0
55,0
82,0
93,0
98,0
94,0
42,0
23,0
18,0
0,0
8,0
7,0
4,0
48,0
49,0
57,0
28,0
19,0
15,0
35,0
0,0
0,0
8,0
55,0
63,0
112,0
114,0
112,0
101,0
86,0
77,0
53,0
44,0
63,0
27,0
13,0
59,0
84,0
101,0
70,0
58,0
31,0
37,0
60,0
11,0
0,0
34,0
64,0
70,0
254,0
186,0
72,0
71,0
70,0
140,0
241,0
369,0
372,0
314,0
216,0
360,0
403,0
324,0
331,0
301,0
322,0
300,0
224,0
265,0
235,0
314,0
307,0
296,0
72,0
60,0
59,0
50,0
58,0
107,0
155,0
343,0
377,0
437,0
493,0
402,0
243,0
299,0
392,0
436,0
528,0
591,0
493,0
371,0
350,0
499,0
578,0
381,0
331,0
290,0
310,0
288,0
294,0
329,0
392,0
446,0
344,0
284,0
513,0
544,0
490,0
608,0
609,0
632,0
647,0
568,0
337,0
310,0
236,0
227,0
243,0
158,0
216,0
370,0
318,0
268,0
354,0
324,0
324,0
395,0
393,0
409,0
556,0
514,0
541,0
674,0
720,0
747,0
697,0
434,0
385,0
403,0
404,0
443,0
474,0
385,0
232,0
138,0
84,0
150,0
191,0
131,0
192,0
139,0
208,0
198,0
194,0
287,0
319,0
375,0
446,0
381,0
407,0
191,0
210,0
23,0
0,0
148,0
148,0
124,0
131,0
136,0
113,0
89,0
31,0
28,0
54,0
112,0
32,0
17,0
118,0
118,0
154,0
154,0
198,0
166,0
92,0
74,0
22,0
0,0
0,0
24,0
142,0
92,0
140,0
94,0
89,0
85,0
69,0
56,0
34,0
22,0
25,0
19,0
18,0
46,0
93,0
87,0
129,0
126,0
181,0
61,0
77,0
0,0
0,0
12,0
81,0
139,0
116,0
101,0
62,0
44,0
29,0
34,0
29,0
83,0
16,0
27,0
42,0
92,0
132,0
108,0
95,0
72,0
65,0
230,0
168,0
0,0
0,0
193,0
238,0
202,0
489,0
423,0
331,0
275,0
217,0
246,0
267,0
504,0
534,0
485,0
463,0
462,0
506,0
562,0
511,0
490,0
521,0
460,0
486,0
343,0
219,0
247,0
479,0
570,0
602,0
484,0
472,0
467,0
476,0
411,0
372,0
478,0
522,0
499,0
418,0
541,0
550,0
571,0
452,0
602,0
546,0
448,0
449,0
418,0
328,0
487,0
603,0
546,0
426,0
415,0
341,0
292,0
276,0
246,0
117,0
204,0
229,0
222,0
278,0
213,0
339,0
386,0
487,0
497,0
372,0
261,0
212,0
146,0
136,0
210,0
188,0
193,0
71,0
102,0
114,0
130,0
71,0
30,0
31,0
52,0
26,0
32,0
69,0
27,0
125,0
110,0
96,0
51,0
55,0
61,0
32,0
0,0
0,0
0,0
115,0
84,0
244,0
109,0
112,0
138,0
95,0
119,0
36,0
131,0
10,0
8,0
4,0
2,0
14,0
65,0
131,0
87,0
11,0
30,0
3,0
0,0
0,0
0,0
25,0
94,0
38,0
39,0
42,0
42,0
37,0
37,0
22,0
96,0
68,0
59,0
43,0
3,0
33,0
51,0
43,0
27,0
22,0
54,0
50,0
27,0
66,0
69,0
66,0
42,0
127,0
89,0
78,0
82,0
45,0
62,0
19,0
82,0
43,0
25,0
34,0
75,0
83,0
10,0
13,0
10,0
22,0
113,0
59,0
0,0
0,0
5,0
50,0
102,0
415,0
447,0
451,0
464,0
413,0
349,0
339,0
283,0
229,0
84,0
73,0
90,0
191,0
234,0
276,0
265,0
154,0
157,0
231,0
198,0
117,0
154,0
274,0
270,0
274,0
241,0
230,0
225,0
128,0
61,0
65,0
59,0
99,0
87,0
165,0
93,0
342,0
450,0
576,0
626,0
600,0
466,0
373,0
177,0
36,0
165,0
366,0
317,0
445,0
452,0
375,0
428,0
329,0
264,0
215,0
0,0
0,0
0,0
123,0
99,0
132,0
198,0
274,0
218,0
180,0
151,0
7,0
1,0
0,0
0,0
113,0
80,0
263,0
218,0
167,0
174,0
129,0
63,0
69,0
39,0
33,0
28,0
50,0
78,0
50,0
57,0
41,0
24,0
16,0
37,0
26,0
1,0
2,0
0,0
44,0
47,0
80,0
65,0
67,0
77,0
73,0
75,0
73,0
48,0
47,0
50,0
159,0
131,0
168,0
171,0
143,0
182,0
175,0
184,0
117,0
72,0
34,0
95,0
103,0
174,0
268,0
210,0
223,0
254,0
202,0
238,0
56,0
29,0
22,0
75,0
91,0
50,0
59,0
34,0
53,0
28,0
34,0
82,0
35,0
23,0
9,0
39,0
133,0
406,0
428,0
511,0
512,0
550,0
455,0
419,0
418,0
448,0
482,0
404,0
462,0
480,0
414,0
554,0
525,0
493,0
457,0
505,0
621,0
547,0
434,0
545,0
696,0
656,0
508,0
412,0
420,0
354,0
306,0
255,0
239,0
306,0
261,0
221,0
254,0
391,0
399,0
569,0
693,0
494,0
535,0
517,0
475,0
288,0
207,0
299,0
334,0
371,0
562,0
511,0
554,0
565,0
453,0
322,0
216,0
411,0
529,0
425,0
405,0
443,0
582,0
571,0
582,0
593,0
643,0
599,0
605,0
585,0
425,0
517,0
555,0
618,0
562,0
460,0
468,0
383,0
236,0
244,0
225,0
99,0
203,0
465,0
513,0
342,0
369,0
255,0
243,0
269,0
221,0
254,0
229,0
142,0
0,0
78,0
169,0
199,0
348,0
213,0
252,0
323,0
238,0
157,0
23,0
29,0
28,0
79,0
35,0
111,0
70,0
64,0
46,0
62,0
7,0
8,0
110,0
23,0
5,0
1,0
177,0
75,0
220,0
137,0
86,0
112,0
93,0
103,0
60,0
22,0
91,0
145,0
147,0
99,0
86,0
106,0
53,0
32,0
39,0
49,0
136,0
0,0
0,0
1,0
139,0
48,0
74,0
83,0
78,0
75,0
62,0
73,0
25,0
14,0
13,0
6,0
9,0
30,0
35,0
2,0
0,0
26,0
16,0
32,0
181,0
7,0
1,0
0,0
87,0
46,0
347,0
279,0
240,0
199,0
91,0
72,0
39,0
20,0
8,0
9,0
0,0
11,0
32,0
34,0
33,0
27,0
52,0
69,0
90,0
0,0
0,0
0,0
87,0
154,0
393,0
561,0
507,0
472,0
330,0
311,0
260,0
244,0
208,0
175,0
155,0
161,0
145,0
164,0
177,0
240,0
265,0
278,0
269,0
169,0
86,0
109,0
176,0
200,0
611,0
711,0
689,0
535,0
458,0
416,0
363,0
391,0
413,0
420,0
404,0
390,0
542,0
597,0
566,0
618,0
680,0
656,0
652,0
483,0
351,0
415,0
467,0
543,0
677,0
684,0
640,0
642,0
571,0
517,0
405,0
20,0
10,0
14,0
0,0
0,0
76,0
0,0
7,0
21,0
9,0
7,0
25,0
65,0
16,0
232,0
279,0
364,0
116,0
105,0
173,0
191,0
71,0
64,0
48,0
68,0
101,0
60,0
55,0
119,0
157,0
131,0
155,0
166,0
267,0
241,0
80,0
18,0
0,0
26,0
189,0
221,0
210,0
131,0
127,0
112,0
131,0
139,0
41,0
11,0
14,0
188,0
271,0
201,0
316,0
275,0
257,0
262,0
226,0
242,0
186,0
107,0
31,0
247,0
224,0
220,0
281,0
188,0
116,0
85,0
61,0
53,0
2,0
120,0
51,0
118,0
187,0
102,0
136,0
116,0
133,0
162,0
133,0
167,0
240,0
219,0
247,0
239,0
476,0
478,0
458,0
347,0
216,0
104,0
54,0
53,0
36,0
206,0
122,0
179,0
219,0
192,0
208,0
211,0
183,0
167,0
171,0
113,0
129,0
109,0
1,0
132,0
207,0
279,0
405,0
379,0
375,0
296,0
233,0
199,0
244,0
227,0
250,0
280,0
290,0
344,0
368,0
394,0
472,0
432,0
422,0
479,0
438,0
407,0
308,0
479,0
497,0
386,0
510,0
393,0
353,0
445,0
347,0
315,0
219,0
262,0
267,0
341,0
517,0
449,0
480,0
636,0
691,0
693,0
600,0
546,0
422,0
510,0
346,0
419,0
509,0
490,0
597,0
505,0
357,0
396,0
420,0
385,0
234,0
171,0
223,0
238,0
262,0
244,0
275,0
260,0
332,0
349,0
264,0
249,0
238,0
172,0
120,0
229,0
397,0
486,0
527,0
471,0
416,0
405,0
364,0
380,0
277,0
203,0
155,0
152,0
218,0
64,0
51,0
60,0
95,0
146,0
371,0
365,0
297,0
46,0
0,0
204,0
441,0
469,0
569,0
446,0
460,0
461,0
376,0
380,0
213,0
70,0
51,0
330,0
353,0
402,0
366,0
420,0
479,0
343,0
355,0
423,0
311,0
4,0
0,0
17,0
277,0
286,0
86,0
51,0
57,0
61,0
56,0
65,0
52,0
393,0
412,0
438,0
450,0
576,0
701,0
626,0
635,0
686,0
790,0
921,0
801,0
750,0
539,0
663,0
772,0
447,0
320,0
231,0
133,0
72,0
55,0
59,0
149,0
101,0
107,0
111,0
99,0
90,0
114,0
130,0
145,0
198,0
211,0
165,0
97,0
104,0
29,0
20,0
187,0
185,0
189,0
336,0
272,0
221,0
141,0
108,0
56,0
113,0
188,0
261,0
198,0
159,0
119,0
147,0
202,0
295,0
273,0
252,0
252,0
162,0
97,0
123,0
356,0
303,0
390,0
524,0
499,0
386,0
373,0
475,0
470,0
379,0
509,0
509,0
532,0
553,0
473,0
627,0
664,0
673,0
577,0
504,0
479,0
319,0
283,0
239,0
376,0
299,0
202,0
68,0
54,0
63,0
56,0
70,0
44,0
122,0
39,0
26,0
25,0
3,0
3,0
4,0
74,0
86,0
145,0
238,0
218,0
137,0
220,0
228,0
393,0
184,0
343,0
240,0
145,0
115,0
90,0
190,0
259,0
206,0
219,0
356,0
370,0
303,0
255,0
246,0
276,0
265,0
289,0
317,0
268,0
145,0
30,0
69,0
186,0
122,0
23,0
0,0
0,0
0,0
0,0
0,0
0,0
125,0
134,0
195,0
168,0
215,0
310,0
295,0
320,0
313,0
290,0
264,0
189,0
129,0
45,0
82,0
52,0
1,0
21,0
0,0
0,0
0,0
0,0
2,0
0,0
195,0
140,0
173,0
103,0
36,0
96,0
149,0
163,0
120,0
123,0
234,0
311,0
354,0
248,0
307,0
229,0
185,0
119,0
39,0
14,0
16,0
17,0
98,0
128,0
248,0
294,0
277,0
242,0
82,0
47,0
88,0
99,0
139,0
134,0
149,0
409,0
358,0
267,0
284,0
400,0
310,0
447,0
489,0
420,0
383,0
349,0
357,0
417,0
532,0
473,0
507,0
494,0
432,0
417,0
501,0
526,0
523,0
539,0
492,0
410,0
413,0
270,0
309,0
450,0
509,0
573,0
547,0
523,0
593,0
563,0
581,0
528,0
693,0
583,0
662,0
729,0
740,0
613,0
736,0
779,0
839,0
756,0
645,0
682,0
764,0
757,0
854,0
879,0
805,0
561,0
495,0
510,0
475,0
516,0
555,0
606,0
696,0
669,0
655,0
583,0
514,0
467,0
467,0
491,0
485,0
419,0
470,0
515,0
516,0
457,0
470,0
521,0
539,0
502,0
404,0
422,0
364,0
378,0
353,0
320,0
350,0
390,0
405,0
521,0
495,0
446,0
429,0
430,0
361,0
379,0
305,0
86,0
0,0
141,0
164,0
199,0
407,0
506,0
491,0
560,0
529,0
489,0
459,0
203,0
34,0
92,0
208,0
342,0
335,0
303,0
225,0
275,0
347,0
331,0
318,0
143,0
51,0
100,0
145,0
359,0
498,0
480,0
345,0
378,0
387,0
378,0
437,0
288,0
227,0
220,0
398,0
466,0
364,0
183,0
171,0
187,0
212,0
262,0
349,0
281,0
234,0
202,0
212,0
244,0
242,0
193,0
124,0
42,0
87,0
106,0
227,0
258,0
168,0
82,0
385,0
356,0
251,0
251,0
226,0
262,0
231,0
223,0
212,0
180,0
246,0
317,0
219,0
148,0
185,0
495,0
377,0
434,0
484,0
411,0
439,0
422,0
364,0
397,0
454,0
458,0
562,0
554,0
546,0
604,0
607,0
544,0
369,0
411,0
350,0
264,0
207,0
370,0
527,0
627,0
563,0
551,0
643,0
699,0
703,0
713,0
772,0
773,0
756,0
696,0
622,0
618,0
636,0
674,0
692,0
704,0
728,0
657,0
553,0
512,0
446,0
715,0
813,0
626,0
490,0
397,0
546,0
490,0
546,0
164,0
94,0
89,0
27,0
127,0
37,0
187,0
176,0
294,0
332,0
411,0
225,0
98,0
117,0
17,0
5,0
256,0
358,0
534,0
465,0
386,0
424,0
414,0
437,0
168,0
8,0
3,0
364,0
459,0
311,0
413,0
151,0
261,0
191,0
136,0
96,0
68,0
34,0
112,0
376,0
490,0
521,0
461,0
377,0
336,0
366,0
332,0
407,0
408,0
12,0
68,0
34,0
18,0
24,0
38,0
95,0
183,0
200,0
209,0
185,0
103,0
66,0
252,0
309,0
423,0
482,0
470,0
337,0
331,0
348,0
324,0
385,0
190,0
128,0
69,0
198,0
204,0
260,0
287,0
208,0
213,0
104,0
163,0
203,0
282,0
138,0
89,0
118,0
351,0
369,0
597,0
603,0
574,0
585,0
566,0
628,0
350,0
238,0
181,0
163,0
239,0
256,0
284,0
696,0
769,0
656,0
476,0
438,0
562,0
356,0
304,0
266,0
452,0
528,0
449,0
677,0
538,0
560,0
603,0
632,0
591,0
628,0
654,0
556,0
581,0
541,0
475,0
502,0
487,0
570,0
558,0
600,0
550,0
459,0
420,0
494,0
674,0
378,0
526,0
490,0
463,0
595,0
487,0
512,0
441,0
486,0
322,0
388,0
504,0
536,0
591,0
409,0
432,0
411,0
439,0
447,0
329,0
322,0
262,0
131,0
384,0
476,0
436,0
376,0
182,0
268,0
251,0
304,0
65,0
16,0
2,0
0,0
7,0
5,0
8,0
5,0
35,0
56,0
84,0
69,0
106,0
104,0
0,0
6,0
95,0
241,0
466,0
357,0
267,0
326,0
285,0
360,0
50,0
86,0
118,0
118,0
84,0
130,0
109,0
112,0
95,0
95,0
171,0
82,0
138,0
109,0
56,0
2,0
155,0
166,0
417,0
372,0
315,0
265,0
284,0
314,0
57,0
42,0
139,0
110,0
48,0
87,0
66,0
80,0
100,0
90,0
121,0
85,0
228,0
246,0
157,0
97,0
80,0
161,0
240,0
110,0
126,0
137,0
145,0
110,0
56,0
121,0
141,0
81,0
12,0
3,0
23,0
138,0
120,0
84,0
26,0
54,0
92,0
113,0
25,0
56,0
91,0
43,0
216,0
134,0
147,0
148,0
166,0
127,0
140,0
65,0
19,0
89,0
63,0
38,0
98,0
104,0
82,0
30,0
0,0
88,0
103,0
0,0
170,0
256,0
488,0
490,0
621,0
540,0
469,0
433,0
369,0
408,0
387,0
493,0
664,0
815,0
670,0
544,0
582,0
568,0
661,0
744,0
669,0
711,0
627,0
532,0
644,0
624,0
764,0
717,0
713,0
503,0
356,0
344,0
508,0
448,0
513,0
493,0
328,0
517,0
598,0
658,0
643,0
604,0
707,0
758,0
682,0
676,0
659,0
568,0
757,0
762,0
805,0
746,0
506,0
359,0
229,0
340,0
324,0
410,0
180,0
149,0
279,0
360,0
282,0
308,0
412,0
377,0
375,0
358,0
312,0
241,0
111,0
1,0
0,0
0,0
58,0
232,0
326,0
229,0
236,0
248,0
262,0
233,0
139,0
15,0
0,0
153,0
291,0
285,0
273,0
240,0
176,0
115,0
152,0
43,0
0,0
61,0
54,0
56,0
111,0
197,0
229,0
135,0
95,0
101,0
75,0
20,0
26,0
43,0
54,0
159,0
172,0
187,0
315,0
231,0
227,0
232,0
171,0
81,0
22,0
54,0
158,0
277,0
378,0
344,0
439,0
209,0
256,0
279,0
285,0
221,0
141,0
52,0
72,0
53,0
5,0
28,0
24,0
73,0
134,0
132,0
92,0
36,0
117,0
103,0
86,0
104,0
65,0
159,0
443,0
393,0
460,0
448,0
457,0
318,0
237,0
121,0
107,0
170,0
225,0
231,0
351,0
420,0
458,0
420,0
367,0
179,0
66,0
148,0
43,0
52,0
111,0
133,0
437,0
300,0
195,0
165,0
206,0
229,0
168,0
250,0
217,0
231,0
210,0
263,0
312,0
320,0
274,0
258,0
453,0
433,0
217,0
110,0
180,0
234,0
219,0
206,0
280,0
205,0
261,0
306,0
319,0
233,0
187,0
230,0
271,0
260,0
296,0
553,0
643,0
657,0
641,0
689,0
720,0
541,0
462,0
417,0
482,0
332,0
355,0
302,0
331,0
333,0
360,0
354,0
363,0
259,0
182,0
101,0
6,0
65,0
19,0
86,0
121,0
141,0
94,0
173,0
180,0
17,0
0,0
42,0
41,0
41,0
4,0
91,0
172,0
134,0
98,0
93,0
97,0
81,0
78,0
48,0
83,0
134,0
202,0
195,0
129,0
127,0
135,0
134,0
87,0
7,0
0,0
47,0
42,0
42,0
12,0
152,0
226,0
207,0
191,0
197,0
188,0
159,0
20,0
35,0
63,0
110,0
151,0
153,0
181,0
200,0
162,0
126,0
56,0
32,0
58,0
52,0
36,0
48,0
75,0
192,0
202,0
277,0
275,0
249,0
275,0
290,0
167,0
34,0
38,0
30,0
29,0
31,0
53,0
42,0
54,0
48,0
48,0
61,0
66,0
54,0
39,0
54,0
48,0
176,0
248,0
378,0
370,0
347,0
308,0
284,0
171,0
89,0
0,0
4,0
76,0
105,0
208,0
201,0
220,0
145,0
131,0
28,0
15,0
90,0
102,0
86,0
302,0
570,0
658,0
696,0
674,0
661,0
590,0
573,0
585,0
566,0
530,0
541,0
487,0
493,0
457,0
451,0
507,0
546,0
615,0
454,0
316,0
248,0
462,0
450,0
534,0
551,0
580,0
572,0
610,0
556,0
557,0
516,0
642,0
715,0
775,0
507,0
465,0
404,0
523,0
607,0
609,0
594,0
539,0
349,0
278,0
241,0
343,0
316,0
382,0
466,0
447,0
342,0
280,0
312,0
326,0
383,0
174,0
204,0
6,0
1,0
0,0
2,0
102,0
180,0
161,0
164,0
108,0
10,0
32,0
41,0
42,0
46,0
282,0
454,0
596,0
589,0
581,0
599,0
533,0
610,0
334,0
137,0
0,0
233,0
227,0
271,0
361,0
384,0
241,0
106,0
96,0
1,0
119,0
195,0
108,0
82,0
56,0
59,0
117,0
165,0
198,0
214,0
212,0
253,0
204,0
307,0
390,0
288,0
308,0
264,0
164,0
160,0
144,0
149,0
79,0
74,0
145,0
140,0
39,0
55,0
36,0
43,0
189,0
133,0
141,0
146,0
68,0
161,0
29,0
309,0
359,0
355,0
408,0
409,0
294,0
189,0
205,0
183,0
178,0
157,0
337,0
391,0
262,0
201,0
200,0
7,0
32,0
87,0
0,0
31,0
0,0
0,0
107,0
259,0
282,0
257,0
182,0
160,0
105,0
49,0
19,0
21,0
12,0
36,0
195,0
161,0
94,0
104,0
88,0
122,0
134,0
133,0
265,0
245,0
131,0
72,0
81,0
107,0
113,0
69,0
80,0
3,0
6,0
22,0
191,0
266,0
219,0
302,0
256,0
155,0
218,0
291,0
288,0
335,0
525,0
515,0
490,0
414,0
350,0
286,0
314,0
276,0
240,0
147,0
224,0
318,0
378,0
437,0
504,0
572,0
564,0
497,0
204,0
79,0
5,0
11,0
61,0
83,0
85,0
101,0
105,0
110,0
93,0
65,0
73,0
255,0
352,0
195,0
230,0
200,0
185,0
213,0
222,0
215,0
280,0
234,0
232,0
165,0
100,0
105,0
88,0
5,0
297,0
225,0
203,0
209,0
173,0
248,0
221,0
147,0
135,0
128,0
70,0
52,0
55,0
64,0
76,0
94,0
154,0
214,0
111,0
121,0
179,0
177,0
183,0
211,0
570,0
597,0
485,0
527,0
458,0
492,0
27,0
453,0
532,0
475,0
373,0
337,0
247,0
202,0
183,0
182,0
188,0
203,0
288,0
288,0
168,0
220,0
75,0
75,0
449,0
412,0
369,0
384,0
397,0
292,0
7,0
95,0
125,0
388,0
374,0
362,0
351,0
250,0
288,0
277,0
206,0
224,0
100,0
102,0
79,0
79,0
33,0
175,0
531,0
513,0
467,0
445,0
388,0
371,0
9,0
61,0
84,0
107,0
75,0
77,0
36,0
28,0
131,0
93,0
52,0
24,0
53,0
55,0
48,0
41,0
248,0
364,0
673,0
692,0
641,0
624,0
613,0
584,0
452,0
564,0
459,0
518,0
649,0
621,0
568,0
559,0
592,0
642,0
636,0
642,0
543,0
432,0
483,0
489,0
558,0
717,0
739,0
737,0
656,0
571,0
556,0
499,0
422,0
527,0
624,0
713,0
631,0
585,0
604,0
618,0
650,0
682,0
818,0
726,0
667,0
528,0
586,0
641,0
769,0
623,0
704,0
572,0
513,0
537,0
513,0
406,0
216,0
76,0
9,0
15,0
51,0
30,0
64,0
116,0
163,0
129,0
191,0
43,0
24,0
84,0
151,0
179,0
340,0
335,0
375,0
403,0
350,0
364,0
317,0
291,0
31,0
35,0
42,0
50,0
103,0
62,0
48,0
24,0
19,0
16,0
14,0
20,0
8,0
42,0
137,0
161,0
167,0
254,0
339,0
308,0
228,0
223,0
142,0
160,0
46,0
32,0
65,0
53,0
34,0
40,0
48,0
36,0
42,0
32,0
27,0
53,0
65,0
82,0
59,0
55,0
128,0
192,0
464,0
469,0
435,0
354,0
343,0
488,0
240,0
75,0
95,0
50,0
64,0
67,0
83,0
111,0
77,0
63,0
45,0
76,0
49,0
61,0
45,0
46,0
33,0
236,0
252,0
416,0
461,0
436,0
399,0
382,0
9,0
1,0
19,0
28,0
25,0
30,0
28,0
36,0
22,0
71,0
58,0
28,0
10,0
29,0
40,0
70,0
172,0
399,0
420,0
560,0
630,0
598,0
503,0
457,0
624,0
542,0
603,0
492,0
476,0
474,0
509,0
523,0
485,0
452,0
538,0
579,0
700,0
685,0
557,0
505,0
617,0
645,0
651,0
589,0
510,0
519,0
593,0
496,0
490,0
519,0
464,0
511,0
444,0
581,0
620,0
588,0
676,0
714,0
651,0
551,0
547,0
460,0
492,0
502,0
537,0
592,0
408,0
258,0
197,0
177,0
207,0
310,0
429,0
324,0
167,0
128,0
21,0
97,0
69,0
97,0
175,0
345,0
257,0
152,0
159,0
83,0
83,0
53,0
320,0
368,0
262,0
281,0
331,0
273,0
274,0
186,0
178,0
56,0
11,0
81,0
220,0
117,0
56,0
67,0
149,0
111,0
85,0
70,0
36,0
47,0
52,0
38,0
51,0
267,0
201,0
294,0
428,0
398,0
369,0
184,0
184,0
62,0
80,0
102,0
183,0
170,0
185,0
189,0
201,0
155,0
100,0
147,0
122,0
124,0
56,0
58,0
85,0
145,0
377,0
290,0
300,0
257,0
235,0
207,0
303,0
145,0
89,0
74,0
68,0
62,0
23,0
37,0
89,0
149,0
128,0
120,0
62,0
65,0
57,0
54,0
142,0
260,0
193,0
176,0
133,0
128,0
167,0
278,0
274,0
81,0
101,0
25,0
49,0
49,0
20,0
52,0
17,0
59,0
55,0
57,0
58,0
58,0
51,0
54,0
31,0
56,0
80,0
81,0
98,0
68,0
71,0
83,0
104,0
258,0
242,0
166,0
156,0
237,0
196,0
198,0
239,0
241,0
229,0
196,0
185,0
66,0
101,0
85,0
241,0
344,0
260,0
105,0
54,0
94,0
95,0
98,0
97,0
279,0
249,0
319,0
272,0
351,0
367,0
485,0
479,0
496,0
413,0
410,0
440,0
324,0
235,0
190,0
350,0
503,0
286,0
261,0
254,0
239,0
250,0
278,0
106,0
16,0
28,0
29,0
34,0
81,0
156,0
160,0
159,0
178,0
58,0
18,0
34,0
35,0
96,0
52,0
382,0
513,0
484,0
359,0
239,0
161,0
131,0
139,0
37,0
213,0
311,0
417,0
386,0
461,0
474,0
629,0
612,0
617,0
561,0
170,0
90,0
33,0
81,0
180,0
319,0
465,0
536,0
462,0
417,0
395,0
408,0
395,0
355,0
344,0
192,0
161,0
53,0
59,0
37,0
24,0
196,0
242,0
287,0
305,0
319,0
224,0
267,0
238,0
412,0
531,0
363,0
241,0
158,0
137,0
153,0
209,0
321,0
257,0
20,0
12,0
37,0
14,0
178,0
236,0
209,0
167,0
113,0
0,0
42,0
43,0
43,0
38,0
74,0
285,0
210,0
142,0
55,0
42,0
54,0
10,0
24,0
7,0
29,0
34,0
90,0
141,0
218,0
186,0
197,0
213,0
87,0
199,0
158,0
178,0
160,0
155,0
107,0
286,0
196,0
139,0
88,0
73,0
84,0
100,0
120,0
317,0
290,0
265,0
253,0
263,0
262,0
249,0
255,0
260,0
222,0
187,0
0,0
0,0
1,0
2,0
20,0
42,0
106,0
81,0
106,0
128,0
119,0
131,0
47,0
107,0
129,0
249,0
297,0
197,0
95,0
116,0
75,0
93,0
160,0
15,0
0,0
0,0
0,0
71,0
55,0
139,0
103,0
126,0
154,0
168,0
145,0
94,0
1,0
9,0
46,0
7,0
39,0
60,0
31,0
31,0
32,0
25,0
23,0
34,0
53,0
60,0
58,0
66,0
4,0
20,0
200,0
218,0
219,0
165,0
191,0
179,0
79,0
0,0
1,0
16,0
44,0
63,0
51,0
59,0
66,0
64,0
71,0
63,0
65,0
74,0
61,0
68,0
149,0
98,0
34,0
20,0
4,0
0,0
0,0
30,0
0,0
0,0
16,0
42,0
48,0
42,0
42,0
37,0
36,0
32,0
32,0
45,0
87,0
80,0
53,0
54,0
8,0
1,0
0,0
0,0
11,0
28,0
26,0
19,0
0,0
15,0
37,0
77,0
72,0
80,0
78,0
69,0
64,0
58,0
69,0
81,0
79,0
81,0
73,0
73,0
24,0
23,0
0,0
0,0
0,0
0,0
0,0
0,0
4,0
255,0
292,0
301,0
316,0
275,0
228,0
226,0
214,0
215,0
192,0
253,0
211,0
225,0
158,0
93,0
37,0
33,0
34,0
42,0
0,0
26,0
21,0
0,0
44,0
27,0
21,0
71,0
54,0
79,0
94,0
107,0
95,0
73,0
51,0
85,0
53,0
74,0
32,0
81,0
92,0
133,0
113,0
75,0
15,0
39,0
78,0
103,0
67,0
21,0
27,0
83,0
13,0
46,0
69,0
69,0
21,0
0,0
26,0
0,0
0,0
7,0
0,0
8,0
65,0
212,0
98,0
59,0
88,0
84,0
69,0
46,0
0,0
48,0
46,0
35,0
51,0
95,0
41,0
63,0
37,0
74,0
78,0
56,0
148,0
163,0
128,0
128,0
25,0
0,0
47,0
65,0
25,0
23,0
7,0
43,0
0,0
61,0
88,0
74,0
98,0
97,0
30,0
9,0
16,0
27,0
52,0
47,0
148,0
162,0
96,0
131,0
113,0
0,0
53,0
45,0
9,0
16,0
18,0
42,0
86,0
23,0
113,0
96,0
120,0
111,0
85,0
75,0
74,0
57,0
76,0
112,0
131,0
101,0
84,0
109,0
160,0
107,0
79,0
11,0
0,0
0,0
0,0
24,0
20,0
2,0
0,0
4,0
3,0
22,0
22,0
54,0
95,0
26,0
99,0
160,0
56,0
79,0
72,0
23,0
23,0
31,0
169,0
230,0
251,0
240,0
229,0
245,0
185,0
120,0
177,0
232,0
207,0
243,0
322,0
308,0
281,0
204,0
188,0
199,0
196,0
151,0
180,0
215,0
327,0
206,0
152,0
118,0
107,0
101,0
112,0
108,0
123,0
170,0
201,0
186,0
187,0
193,0
168,0
74,0
113,0
55,0
11,0
15,0
113,0
59,0
26,0
45,0
130,0
167,0
206,0
279,0
229,0
197,0
197,0
213,0
241,0
252,0
294,0
346,0
340,0
336,0
293,0
296,0
408,0
375,0
287,0
199,0
184,0
225,0
173,0
173,0
211,0
350,0
183,0
90,0
61,0
54,0
36,0
105,0
108,0
42,0
41,0
45,0
38,0
32,0
88,0
110,0
106,0
130,0
114,0
86,0
62,0
63,0
69,0
41,0
86,0
143,0
197,0
93,0
24,0
23,0
55,0
162,0
10,0
14,0
41,0
80,0
137,0
116,0
91,0
67,0
128,0
175,0
81,0
144,0
201,0
151,0
133,0
167,0
188,0
150,0
149,0
49,0
61,0
100,0
78,0
64,0
127,0
35,0
36,0
87,0
173,0
172,0
181,0
138,0
142,0
171,0
176,0
89,0
68,0
48,0
58,0
104,0
141,0
81,0
128,0
92,0
93,0
99,0
101,0
114,0
121,0
143,0
164,0
223,0
310,0
245,0
249,0
199,0
153,0
251,0
268,0
367,0
481,0
425,0
482,0
401,0
348,0
189,0
308,0
321,0
223,0
131,0
131,0
197,0
167,0
230,0
203,0
206,0
199,0
170,0
177,0
224,0
180,0
171,0
169,0
171,0
190,0
243,0
288,0
257,0
260,0
261,0
128,0
150,0
88,0
87,0
109,0
151,0
208,0
179,0
154,0
152,0
127,0
128,0
105,0
128,0
145,0
87,0
20,0
7,0
4,0
0,0
11,0
0,0
113,0
172,0
145,0
273,0
212,0
198,0
183,0
121,0
137,0
232,0
78,0
32,0
90,0
109,0
59,0
179,0
239,0
234,0
231,0
228,0
156,0
100,0
166,0
288,0
310,0
275,0
129,0
68,0
102,0
109,0
104,0
104,0
17,0
66,0
78,0
72,0
110,0
134,0
138,0
143,0
131,0
93,0
83,0
104,0
221,0
291,0
370,0
252,0
161,0
35,0
91,0
77,0
40,0
0,0
33,0
104,0
0,0
224,0
223,0
158,0
99,0
70,0
34,0
36,0
36,0
41,0
48,0
69,0
162,0
169,0
154,0
183,0
46,0
36,0
443,0
390,0
344,0
372,0
428,0
539,0
395,0
80,0
77,0
56,0
95,0
92,0
177,0
204,0
190,0
216,0
180,0
123,0
168,0
20,0
34,0
104,0
166,0
234,0
336,0
280,0
228,0
240,0
301,0
340,0
133,0
39,0
60,0
69,0
50,0
29,0
4,0
10,0
18,0
1,0
35,0
205,0
33,0
33,0
54,0
38,0
207,0
168,0
121,0
65,0
64,0
107,0
114,0
107,0
118,0
156,0
152,0
194,0
85,0
123,0
91,0
100,0
114,0
170,0
137,0
66,0
238,0
258,0
319,0
192,0
189,0
170,0
172,0
160,0
191,0
220,0
235,0
267,0
226,0
222,0
236,0
286,0
288,0
270,0
287,0
265,0
316,0
354,0
356,0
249,0
235,0
185,0
154,0
174,0
228,0
251,0
209,0
177,0
222,0
238,0
250,0
252,0
286,0
443,0
250,0
281,0
298,0
519,0
517,0
459,0
384,0
451,0
529,0
370,0
73,0
71,0
178,0
254,0
232,0
280,0
146,0
92,0
136,0
128,0
111,0
91,0
109,0
209,0
229,0
196,0
87,0
100,0
171,0
221,0
291,0
259,0
195,0
8,0
183,0
111,0
97,0
139,0
206,0
337,0
275,0
323,0
358,0
285,0
271,0
309,0
127,0
67,0
92,0
79,0
121,0
135,0
162,0
214,0
283,0
270,0
179,0
104,0
147,0
134,0
190,0
130,0
234,0
263,0
224,0
177,0
165,0
251,0
306,0
336,0
238,0
208,0
159,0
265,0
406,0
385,0
392,0
365,0
368,0
354,0
295,0
112,0
42,0
58,0
111,0
45,0
212,0
258,0
185,0
310,0
292,0
289,0
312,0
163,0
23,0
34,0
55,0
58,0
82,0
86,0
119,0
161,0
211,0
209,0
161,0
65,0
230,0
147,0
188,0
149,0
127,0
155,0
249,0
225,0
183,0
242,0
225,0
320,0
141,0
63,0
126,0
66,0
202,0
265,0
243,0
257,0
288,0
221,0
122,0
100,0
101,0
75,0
137,0
141,0
236,0
367,0
352,0
309,0
232,0
186,0
156,0
219,0
265,0
469,0
517,0
638,0
667,0
583,0
604,0
607,0
606,0
610,0
623,0
612,0
568,0
392,0
296,0
461,0
429,0
404,0
442,0
558,0
507,0
525,0
503,0
473,0
496,0
665,0
671,0
779,0
754,0
713,0
649,0
593,0
588,0
640,0
794,0
621,0
612,0
467,0
265,0
454,0
523,0
506,0
121,0
152,0
237,0
251,0
284,0
196,0
144,0
145,0
99,0
86,0
98,0
124,0
128,0
113,0
157,0
97,0
61,0
136,0
167,0
173,0
189,0
207,0
91,0
215,0
279,0
351,0
380,0
425,0
334,0
277,0
271,0
379,0
413,0
404,0
286,0
220,0
160,0
172,0
142,0
129,0
305,0
339,0
309,0
359,0
425,0
446,0
317,0
135,0
177,0
216,0
217,0
242,0
218,0
195,0
247,0
360,0
321,0
294,0
162,0
140,0
73,0
80,0
67,0
161,0
142,0
101,0
117,0
156,0
291,0
237,0
219,0
382,0
257,0
275,0
247,0
203,0
290,0
213,0
68,0
9,0
3,0
9,0
0,0
0,0
0,0
0,0
18,0
143,0
218,0
65,0
0,0
0,0
44,0
188,0
279,0
323,0
130,0
205,0
308,0
363,0
369,0
295,0
296,0
320,0
266,0
301,0
292,0
245,0
156,0
89,0
124,0
233,0
252,0
25,0
102,0
221,0
283,0
213,0
163,0
242,0
260,0
291,0
285,0
264,0
245,0
223,0
172,0
157,0
189,0
204,0
286,0
316,0
366,0
332,0
411,0
390,0
295,0
277,0
88,0
26,0
68,0
137,0
316,0
275,0
160,0
253,0
198,0
224,0
220,0
228,0
225,0
148,0
154,0
208,0
409,0
437,0
454,0
452,0
443,0
490,0
332,0
137,0
99,0
62,0
144,0
212,0
218,0
155,0
228,0
234,0
229,0
212,0
179,0
174,0
218,0
305,0
405,0
473,0
413,0
364,0
278,0
246,0
269,0
259,0
349,0
531,0
418,0
377,0
423,0
387,0
339,0
250,0
163,0
88,0
17,0
30,0
2,0
0,0
121,0
298,0
376,0
405,0
295,0
219,0
118,0
189,0
183,0
128,0
156,0
241,0
278,0
240,0
310,0
230,0
78,0
129,0
80,0
37,0
29,0
44,0
113,0
165,0
78,0
15,0
49,0
48,0
2,0
4,0
16,0
40,0
27,0
18,0
0,0
36,0
74,0
92,0
83,0
61,0
122,0
107,0
260,0
230,0
234,0
187,0
244,0
195,0
70,0
137,0
80,0
102,0
58,0
60,0
103,0
61,0
84,0
138,0
75,0
47,0
0,0
0,0
0,0
251,0
28,0
147,0
351,0
367,0
313,0
323,0
388,0
415,0
320,0
0,0
62,0
127,0
130,0
108,0
42,0
125,0
145,0
103,0
37,0
58,0
87,0
85,0
52,0
91,0
182,0
300,0
324,0
296,0
254,0
240,0
289,0
344,0
318,0
296,0
337,0
362,0
329,0
384,0
405,0
417,0
509,0
507,0
420,0
435,0
346,0
403,0
469,0
457,0
408,0
389,0
788,0
793,0
711,0
721,0
728,0
698,0
648,0
446,0
463,0
430,0
419,0
402,0
590,0
634,0
624,0
658,0
442,0
350,0
267,0
187,0
212,0
378,0
397,0
551,0
283,0
206,0
117,0
103,0
137,0
128,0
185,0
226,0
348,0
485,0
583,0
630,0
584,0
627,0
653,0
533,0
463,0
586,0
646,0
691,0
775,0
699,0
586,0
399,0
368,0
391,0
295,0
282,0
176,0
203,0
242,0
348,0
249,0
215,0
416,0
525,0
299,0
411,0
453,0
268,0
311,0
364,0
397,0
450,0
499,0
487,0
425,0
372,0
270,0
312,0
251,0
264,0
214,0
237,0
215,0
309,0
308,0
273,0
202,0
133,0
143,0
140,0
134,0
196,0
183,0
59,0
91,0
233,0
235,0
168,0
159,0
124,0
299,0
268,0
243,0
219,0
273,0
265,0
67,0
26,0
38,0
13,0
26,0
8,0
124,0
88,0
126,0
84,0
96,0
1,0
18,0
56,0
8,0
2,0
1,0
62,0
165,0
167,0
160,0
168,0
166,0
154,0
64,0
100,0
117,0
98,0
43,0
164,0
329,0
323,0
334,0
324,0
343,0
321,0
129,0
149,0
243,0
411,0
402,0
418,0
531,0
572,0
480,0
453,0
476,0
522,0
456,0
318,0
441,0
503,0
558,0
654,0
696,0
753,0
814,0
783,0
738,0
670,0
760,0
495,0
632,0
796,0
720,0
652,0
464,0
461,0
475,0
420,0
444,0
464,0
470,0
529,0
413,0
460,0
520,0
698,0
736,0
795,0
788,0
773,0
528,0
366,0
450,0
203,0
279,0
399,0
400,0
323,0
136,0
45,0
52,0
45,0
43,0
116,0
112,0
12,0
32,0
40,0
53,0
55,0
97,0
87,0
79,0
51,0
8,0
5,0
6,0
49,0
15,0
56,0
39,0
7,0
168,0
106,0
48,0
48,0
104,0
192,0
59,0
7,0
0,0
15,0
56,0
191,0
369,0
327,0
338,0
341,0
265,0
73,0
4,0
11,0
0,0
147,0
249,0
298,0
347,0
240,0
143,0
98,0
171,0
194,0
99,0
16,0
24,0
100,0
136,0
183,0
213,0
208,0
234,0
222,0
222,0
112,0
0,0
0,0
5,0
164,0
217,0
232,0
295,0
297,0
242,0
147,0
188,0
178,0
156,0
156,0
125,0
150,0
244,0
274,0
382,0
381,0
358,0
343,0
336,0
204,0
54,0
9,0
62,0
281,0
277,0
291,0
292,0
260,0
237,0
205,0
201,0
256,0
320,0
140,0
17,0
49,0
160,0
328,0
432,0
432,0
506,0
505,0
462,0
286,0
202,0
70,0
190,0
363,0
535,0
630,0
685,0
561,0
487,0
465,0
518,0
546,0
420,0
530,0
604,0
726,0
793,0
856,0
913,0
932,0
956,0
920,0
929,0
724,0
581,0
535,0
541,0
674,0
734,0
701,0
770,0
843,0
773,0
744,0
707,0
751,0
821,0
929,0
785,0
912,0
977,0
1024,0
993,0
1016,0
1012,0
982,0
891,0
787,0
594,0
657,0
728,0
729,0
849,0
874,0
556,0
446,0
361,0
352,0
412,0
555,0
423,0
21,0
44,0
60,0
72,0
68,0
81,0
100,0
167,0
209,0
276,0
78,0
69,0
73,0
63,0
1,0
153,0
146,0
12,0
11,0
26,0
29,0
11,0
69,0
8,0
116,0
138,0
124,0
112,0
124,0
96,0
96,0
108,0
136,0
112,0
120,0
103,0
100,0
68,0
37,0
319,0
229,0
86,0
26,0
29,0
94,0
192,0
428,0
425,0
333,0
260,0
175,0
97,0
190,0
193,0
225,0
267,0
345,0
405,0
407,0
255,0
125,0
453,0
674,0
855,0
792,0
823,0
627,0
635,0
621,0
794,0
686,0
477,0
231,0
56,0
62,0
74,0
125,0
38,0
51,0
33,0
29,0
32,0
194,0
138,0
118,0
98,0
59,0
387,0
508,0
275,0
217,0
208,0
110,0
219,0
355,0
120,0
88,0
174,0
179,0
142,0
143,0
155,0
189,0
75,0
38,0
15,0
103,0
125,0
182,0
111,0
126,0
76,0
167,0
409,0
386,0
277,0
298,0
263,0
313,0
488,0
192,0
153,0
211,0
167,0
90,0
69,0
75,0
92,0
129,0
278,0
315,0
185,0
106,0
195,0
177,0
261,0
387,0
450,0
484,0
389,0
356,0
362,0
454,0
450,0
322,0
378,0
504,0
490,0
462,0
445,0
538,0
584,0
589,0
702,0
752,0
795,0
406,0
483,0
493,0
515,0
663,0
611,0
414,0
271,0
184,0
289,0
493,0
257,0
174,0
83,0
55,0
80,0
123,0
320,0
456,0
469,0
416,0
400,0
296,0
229,0
193,0
395,0
536,0
719,0
665,0
684,0
719,0
632,0
620,0
726,0
645,0
380,0
287,0
233,0
353,0
335,0
315,0
399,0
323,0
291,0
406,0
365,0
427,0
246,0
220,0
385,0
548,0
536,0
609,0
415,0
452,0
355,0
319,0
344,0
468,0
370,0
97,0
118,0
104,0
135,0
193,0
182,0
148,0
79,0
79,0
80,0
76,0
91,0
108,0
156,0
343,0
442,0
476,0
682,0
792,0
783,0
766,0
757,0
791,0
620,0
311,0
173,0
277,0
291,0
347,0
384,0
396,0
400,0
363,0
251,0
340,0
351,0
306,0
471,0
683,0
773,0
813,0
630,0
686,0
756,0
743,0
766,0
796,0
455,0
155,0
70,0
131,0
68,0
39,0
44,0
23,0
10,0
159,0
342,0
384,0
465,0
276,0
358,0
578,0
821,0
833,0
897,0
954,0
843,0
812,0
853,0
975,0
850,0
856,0
705,0
731,0
666,0
629,0
672,0
594,0
643,0
652,0
749,0
605,0
536,0
397,0
633,0
737,0
728,0
690,0
945,0
939,0
837,0
870,0
810,0
837,0
830,0
795,0
890,0
879,0
857,0
762,0
516,0
599,0
618,0
572,0
809,0
982,0
770,0
609,0
553,0
626,0
773,0
779,0
782,0
733,0
626,0
598,0
638,0
716,0
893,0
635,0
267,0
44,0
5,0
0,0
9,0
3,0
2,0
0,0
262,0
353,0
171,0
92,0
220,0
457,0
743,0
858,0
875,0
776,0
805,0
832,0
847,0
912,0
1037,0
606,0
454,0
128,0
80,0
46,0
169,0
262,0
287,0
395,0
428,0
316,0
134,0
103,0
216,0
338,0
450,0
635,0
750,0
1048,0
1055,0
1017,0
964,0
947,0
981,0
580,0
306,0
147,0
152,0
132,0
159,0
243,0
319,0
340,0
73,0
137,0
82,0
24,0
63,0
344,0
531,0
662,0
607,0
795,0
885,0
878,0
874,0
999,0
771,0
491,0
234,0
58,0
31,0
29,0
20,0
4,0
0,0
193,0
267,0
203,0
236,0
151,0
130,0
395,0
632,0
715,0
899,0
811,0
778,0
772,0
800,0
914,0
877,0
647,0
502,0
313,0
260,0
116,0
14,0
7,0
22,0
144,0
114,0
347,0
29,0
36,0
13,0
29,0
80,0
113,0
230,0
219,0
148,0
75,0
246,0
362,0
473,0
503,0
551,0
455,0
405,0
543,0
720,0
793,0
885,0
955,0
819,0
619,0
479,0
342,0
318,0
348,0
353,0
338,0
547,0
475,0
408,0
347,0
304,0
345,0
454,0
494,0
479,0
497,0
380,0
272,0
326,0
403,0
564,0
764,0
742,0
908,0
791,0
732,0
672,0
647,0
743,0
749,0
666,0
886,0
921,0
892,0
925,0
987,0
933,0
731,0
442,0
360,0
347,0
274,0
138,0
182,0
257,0
197,0
281,0
511,0
493,0
435,0
315,0
405,0
363,0
499,0
493,0
398,0
503,0
503,0
494,0
541,0
570,0
362,0
226,0
148,0
64,0
135,0
168,0
329,0
360,0
390,0
254,0
66,0
14,0
42,0
2,0
130,0
320,0
265,0
269,0
222,0
119,0
25,0
7,0
20,0
229,0
228,0
303,0
202,0
252,0
385,0
350,0
266,0
256,0
177,0
136,0
132,0
87,0
39,0
36,0
232,0
288,0
249,0
183,0
101,0
57,0
9,0
77,0
119,0
333,0
188,0
55,0
75,0
144,0
60,0
89,0
173,0
175,0
219,0
88,0
75,0
75,0
38,0
12,0
191,0
84,0
3,0
0,0
1,0
0,0
7,0
0,0
0,0
156,0
186,0
24,0
24,0
13,0
167,0
247,0
296,0
364,0
315,0
271,0
5,0
60,0
43,0
33,0
354,0
361,0
313,0
217,0
350,0
244,0
263,0
317,0
350,0
520,0
490,0
619,0
602,0
580,0
502,0
499,0
443,0
500,0
634,0
807,0
831,0
641,0
603,0
524,0
427,0
555,0
685,0
622,0
765,0
673,0
553,0
543,0
616,0
800,0
829,0
685,0
758,0
768,0
643,0
532,0
523,0
661,0
809,0
848,0
775,0
658,0
520,0
517,0
553,0
650,0
729,0
600,0
384,0
321,0
244,0
216,0
329,0
508,0
504,0
126,0
125,0
99,0
58,0
120,0
21,0
78,0
122,0
81,0
66,0
221,0
57,0
50,0
130,0
336,0
277,0
193,0
0,0
21,0
9,0
0,0
0,0
161,0
156,0
54,0
92,0
72,0
60,0
43,0
28,0
27,0
65,0
80,0
62,0
67,0
77,0
81,0
139,0
59,0
241,0
75,0
226,0
120,0
46,0
13,0
177,0
393,0
168,0
154,0
74,0
125,0
24,0
22,0
7,0
16,0
14,0
14,0
69,0
194,0
259,0
205,0
402,0
519,0
549,0
306,0
307,0
309,0
259,0
265,0
325,0
512,0
153,0
24,0
32,0
54,0
65,0
67,0
76,0
82,0
71,0
40,0
51,0
53,0
43,0
50,0
160,0
345,0
329,0
261,0
440,0
517,0
452,0
491,0
574,0
647,0
432,0
264,0
338,0
310,0
61,0
55,0
51,0
42,0
32,0
129,0
92,0
121,0
46,0
89,0
466,0
503,0
518,0
375,0
405,0
183,0
166,0
269,0
342,0
339,0
313,0
302,0
297,0
245,0
263,0
223,0
191,0
232,0
404,0
364,0
487,0
432,0
411,0
395,0
514,0
627,0
668,0
514,0
647,0
671,0
645,0
629,0
698,0
775,0
698,0
644,0
732,0
900,0
864,0
816,0
371,0
372,0
427,0
533,0
665,0
498,0
554,0
603,0
688,0
778,0
725,0
601,0
500,0
483,0
485,0
517,0
487,0
386,0
113,0
21,0
53,0
62,0
69,0
74,0
110,0
98,0
47,0
26,0
34,0
44,0
57,0
61,0
100,0
317,0
551,0
538,0
661,0
630,0
676,0
611,0
659,0
755,0
444,0
180,0
66,0
59,0
53,0
266,0
424,0
412,0
370,0
1,0
10,0
19,0
5,0
2,0
269,0
372,0
754,0
598,0
230,0
256,0
207,0
282,0
338,0
337,0
53,0
8,0
43,0
23,0
0,0
1,0
30,0
29,0
14,0
57,0
74,0
64,0
59,0
62,0
35,0
10,0
27,0
0,0
8,0
0,0
5,0
0,0
119,0
206,0
0,0
32,0
96,0
70,0
75,0
96,0
100,0
89,0
58,0
60,0
61,0
67,0
44,0
51,0
372,0
333,0
361,0
152,0
184,0
115,0
97,0
119,0
227,0
468,0
235,0
50,0
33,0
134,0
71,0
62,0
171,0
186,0
89,0
98,0
14,0
37,0
28,0
0,0
20,0
0,0
15,0
0,0
1,0
20,0
92,0
106,0
100,0
79,0
52,0
1,0
0,0
0,0
29,0
0,0
33,0
59,0
0,0
0,0
0,0
0,0
0,0
0,0
0,0
10,0
46,0
93,0
89,0
152,0
134,0
112,0
63,0
6,0
12,0
24,0
27,0
23,0
23,0
42,0
77,0
103,0
17,0
212,0
241,0
176,0
60,0
215,0
373,0
324,0
378,0
357,0
245,0
195,0
201,0
199,0
172,0
198,0
40,0
219,0
296,0
367,0
328,0
348,0
319,0
314,0
353,0
430,0
377,0
305,0
219,0
334,0
319,0
490,0
592,0
601,0
479,0
507,0
388,0
290,0
272,0
483,0
21,0
150,0
153,0
238,0
276,0
145,0
219,0
223,0
282,0
134,0
35,0
46,0
62,0
79,0
192,0
253,0
385,0
279,0
322,0
432,0
320,0
299,0
382,0
365,0
238,0
156,0
82,0
188,0
150,0
51,0
56,0
56,0
48,0
47,0
48,0
56,0
56,0
57,0
119,0
105,0
230,0
428,0
375,0
291,0
235,0
242,0
392,0
338,0
160,0
153,0
181,0
188,0
124,0
46,0
66,0
117,0
214,0
227,0
75,0
41,0
48,0
57,0
56,0
158,0
327,0
315,0
213,0
258,0
204,0
189,0
266,0
142,0
109,0
59,0
53,0
76,0
58,0
54,0
51,0
52,0
167,0
182,0
39,0
28,0
28,0
63,0
228,0
416,0
537,0
462,0
363,0
441,0
445,0
382,0
404,0
477,0
500,0
91,0
35,0
113,0
56,0
53,0
102,0
88,0
57,0
134,0
91,0
127,0
180,0
297,0
534,0
649,0
416,0
394,0
426,0
552,0
675,0
691,0
749,0
822,0
547,0
482,0
275,0
216,0
179,0
214,0
227,0
325,0
413,0
246,0
129,0
31,0
80,0
78,0
179,0
143,0
80,0
320,0
339,0
117,0
0,0
0,0
0,0
34,0
1,0
102,0
100,0
91,0
70,0
61,0
52,0
49,0
41,0
76,0
113,0
112,0
116,0
104,0
16,0
8,0
25,0
95,0
0,0
5,0
23,0
20,0
22,0
1,0
0,0
70,0
88,0
88,0
85,0
55,0
28,0
51,0
61,0
47,0
29,0
26,0
34,0
33,0
39,0
111,0
115,0
82,0
0,0
0,0
0,0
0,0
0,0
321,0
0,0
20,0
42,0
30,0
33,0
46,0
43,0
32,0
30,0
39,0
55,0
85,0
76,0
40,0
11,0
0,0
245,0
519,0
525,0
459,0
397,0
375,0
484,0
535,0
0,0
24,0
20,0
6,0
233,0
189,0
138,0
73,0
56,0
26,0
28,0
27,0
18,0
44,0
172,0
383,0
507,0
176,0
182,0
82,0
39,0
0,0
68,0
271,0
0,0
1,0
45,0
46,0
44,0
0,0
0,0
0,0
38,0
3,0
26,0
0,0
0,0
17,0
100,0
97,0
273,0
280,0
588,0
497,0
377,0
339,0
378,0
512,0
576,0
478,0
411,0
464,0
282,0
331,0
430,0
512,0
604,0
575,0
524,0
264,0
241,0
338,0
532,0
606,0
712,0
551,0
583,0
591,0
432,0
407,0
337,0
329,0
364,0
525,0
722,0
674,0
692,0
639,0
599,0
666,0
628,0
488,0
336,0
232,0
146,0
137,0
601,0
743,0
725,0
705,0
590,0
343,0
156,0
5,0
51,0
164,0
190,0
0,0
0,0
11,0
6,0
4,0
1,0
9,0
5,0
10,0
1,0
2,0
15,0
28,0
14,0
107,0
382,0
392,0
236,0
82,0
0,0
0,0
64,0
369,0
35,0
12,0
24,0
15,0
18,0
22,0
17,0
17,0
11,0
9,0
17,0
27,0
42,0
43,0
30,0
28,0
101,0
228,0
116,0
182,0
100,0
62,0
115,0
225,0
0,0
33,0
24,0
18,0
19,0
32,0
33,0
32,0
31,0
30,0
36,0
54,0
75,0
83,0
61,0
1,0
0,0
58,0
135,0
181,0
220,0
222,0
155,0
47,0
34,0
60,0
86,0
101,0
62,0
106,0
89,0
97,0
56,0
52,0
50,0
60,0
57,0
26,0
4,0
0,0
111,0
0,0
194,0
185,0
219,0
233,0
319,0
521,0
477,0
307,0
144,0
194,0
227,0
151,0
132,0
49,0
91,0
103,0
0,0
0,0
2,0
18,0
207,0
323,0
470,0
508,0
617,0
571,0
569,0
577,0
574,0
675,0
742,0
616,0
379,0
351,0
419,0
320,0
378,0
334,0
434,0
475,0
435,0
222,0
125,0
226,0
375,0
575,0
629,0
528,0
459,0
586,0
543,0
552,0
513,0
618,0
667,0
794,0
1039,0
904,0
918,0
831,0
769,0
701,0
778,0
693,0
751,0
570,0
625,0
575,0
590,0
624,0
509,0
337,0
231,0
161,0
24,0
25,0
33,0
219,0
91,0
34,0
0,0
0,0
22,0
0,0
17,0
0,0
0,0
0,0
0,0
0,0
0,0
0,0
34,0
14,0
29,0
24,0
7,0
6,0
10,0
13,0
25,0
195,0
366,0
66,0
0,0
0,0
0,0
0,0
0,0
0,0
0,0
0,0
0,0
0,0
0,0
36,0
202,0
354,0
599,0
496,0
374,0
348,0
246,0
251,0
461,0
553,0
446,0
195,0
104,0
0,0
25,0
46,0
0,0
57,0
35,0
10,0
0,0
0,0
0,0
0,0
88,0
222,0
436,0
568,0
775,0
751,0
618,0
615,0
745,0
715,0
355,0
2,0
0,0
0,0
0,0
0,0
0,0
0,0
24,0
0,0
0,0
0,0
14,0
88,0
404,0
597,0
809,0
732,0
570,0
559,0
625,0
705,0
629,0
447,0
320,0
289,0
134,0
0,0
0,0
0,0
0,0
4,0
5,0
8,0
9,0
14,0
87,0
256,0
581,0
704,0
735,0
554,0
720,0
740,0
665,0
626,0
609,0
703,0
510,0
511,0
688,0
692,0
694,0
635,0
582,0
604,0
735,0
679,0
525,0
456,0
432,0
614,0
827,0
844,0
733,0
840,0
1032,0
1051,0
991,0
851,0
878,0
975,0
1097,0
1070,0
818,0
735,0
819,0
714,0
831,0
928,0
865,0
921,0
812,0
655,0
598,0
680,0
797,0
854,0
1058,0
998,0
533,0
392,0
329,0
241,0
301,0
560,0
668,0
574,0
576,0
595,0
558,0
519,0
490,0
321,0
390,0
392,0
296,0
541,0
529,0
547,0
624,0
707,0
782,0
646,0
843,0
894,0
760,0
795,0
856,0
850,0
503,0
493,0
258,0
305,0
456,0
325,0
47,0
46,0
305,0
441,0
479,0
555,0
503,0
495,0
685,0
726,0
805,0
524,0
985,0
900,0
655,0
642,0
700,0
978,0
816,0
600,0
463,0
431,0
591,0
577,0
601,0
603,0
649,0
532,0
770,0
670,0
613,0
650,0
937,0
837,0
919,0
605,0
978,0
1030,0
996,0
1060,0
1057,0
1037,0
1077,0
1117,0
982,0
948,0
892,0
911,0
1051,0
1026,0
1196,0
1123,0
1122,0
993,0
1010,0
1155,0
1065,0
1231,0
1152,0
1016,0
738,0
324,0
289,0
222,0
308,0
526,0
591,0
791,0
655,0
753,0
629,0
703,0
750,0
867,0
767,0
611,0
696,0
636,0
680,0
1071,0
1179,0
1205,0
1136,0
851,0
1010,0
827,0
889,0
902,0
880,0
913,0
1033,0
1139,0
1232,0
1276,0
1224,0
1252,0
1269,0
1116,0
1195,0
1166,0
1099,0
997,0
786,0
911,0
948,0
1002,0
950,0
914,0
1134,0
1024,0
911,0
854,0
801,0
812,0
1013,0
821,0
1201,0
1139,0
1023,0
957,0
1015,0
1114,0
1100,0
1102,0
954,0
962,0
891,0
980,0
972,0
838,0
834,0
471,0
216,0
186,0
312,0
363,0
345,0
83,0
25,0
23,0
10,0
81,0
123,0
89,0
58,0
52,0
19,0
6,0
0,0
8,0
18,0
46,0
30,0
94,0
95,0
105,0
138,0
149,0
243,0
318,0
316,0
207,0
120,0
106,0
226,0
187,0
215,0
240,0
199,0
154,0
38,0
1,0
0,0
0,0
0,0
0,0
11,0
18,0
24,0
19,0
42,0
53,0
57,0
47,0
47,0
41,0
20,0
22,0
6,0
13,0
11,0
31,0
100,0
94,0
13,0
2,0
2,0
2,0
1,0
1,0
16,0
6,0
8,0
27,0
58,0
56,0
74,0
86,0
77,0
54,0
10,0
64,0
33,0
9,0
33,0
63,0
123,0
92,0
72,0
23,0
11,0
41,0
48,0
68,0
119,0
167,0
73,0
24,0
