-888,0
-1065,0
-995,0
-938,0
-898,0
-880,0
-844,0
-980,0
-953,0
-956,0
-902,0
-876,0
-847,0
-772,0
-772,0
-798,0
-745,0
-736,0
-750,0
-714,0
-736,0
-776,0
-817,0
-896,0
-759,0
-760,0
-731,0
-668,0
-658,0
-632,0
-577,0
-554,0
-476,0
-505,0
-603,0
-639,0
-670,0
-659,0
-616,0
-496,0
-362,0
-305,0
-324,0
-320,0
-437,0
-642,0
-721,0
-627,0
-354,0
-143,0
-145,0
-118,0
-128,0
-216,0
-187,0
-223,0
-196,0
-279,0
-329,0
-319,0
-327,0
-393,0
-345,0
-149,0
-124,0
-159,0
-231,0
-310,0
-210,0
-252,0
-266,0
-260,0
-294,0
-208,0
-184,0
-158,0
-167,0
-181,0
-165,0
-194,0
-291,0
-242,0
-191,0
-214,0
-295,0
-294,0
-310,0
-225,0
-118,0
-125,0
-109,0
-94,0
-272,0
-369,0
-571,0
-590,0
-608,0
-689,0
-627,0
-563,0
-460,0
-517,0
-378,0
-130,0
-86,0
-85,0
-119,0
-129,0
-157,0
-171,0
-175,0
-125,0
-30,0
-14,0
-23,0
-30,0
-16,0
-101,0
-393,0
-272,0
-253,0
-270,0
-250,0
-184,0
-272,0
-369,0
-364,0
-238,0
-310,0
-371,0
-359,0
-283,0
-267,0
-276,0
-224,0
-264,0
-248,0
-200,0
-173,0
-165,0
-154,0
-190,0
-160,0
-84,0
-52,0
-43,0
-33,0
-3,0
-16,0
-280,0
-223,0
-30,0
-78,0
-77,0
-75,0
-1,0
-3,0
-4,0
-1,0
-7,0
-73,0
-82,0
-85,0
-96,0
-1,0
-101,0
-276,0
-176,0
-217,0
-0,0
-0,0
-0,0
-65,0
-290,0
-2,0
-32,0
-67,0
-68,0
-63,0
-66,0
-62,0
-66,0
-62,0
-67,0
-64,0
-68,0
-80,0
-87,0
-52,0
-153,0
-526,0
-301,0
-270,0
-212,0
-225,0
-162,0
-219,0
-219,0
-0,0
-3,0
-72,0
-77,0
-72,0
-72,0
-57,0
-68,0
-68,0
-61,0
-69,0
-64,0
-66,0
-62,0
-153,0
-146,0
-268,0
-213,0
-0,0
-0,0
-0,0
-0,0
-0,0
-2,0
-0,0
-12,0
-99,0
-93,0
-89,0
-90,0
-56,0
-54,0
-55,0
-58,0
-70,0
-73,0
-79,0
-89,0
-25,0
-63,0
-365,0
-264,0
-295,0
-244,0
-204,0
-150,0
-161,0
-147,0
-21,0
-22,0
-73,0
-79,0
-69,0
-87,0
-34,0
-50,0
-42,0
-34,0
-49,0
-94,0
-92,0
-78,0
-181,0
-244,0
-424,0
-467,0
-586,0
-526,0
-418,0
-329,0
-345,0
-345,0
-85,0
-95,0
-313,0
-380,0
-380,0
-319,0
-335,0
-360,0
-353,0
-346,0
-235,0
-126,0
-141,0
-109,0
-205,0
-348,0
-513,0
-496,0
-601,0
-560,0
-495,0
-413,0
-420,0
-448,0
-394,0
-331,0
-468,0
-351,0
-289,0
-205,0
-302,0
-326,0
-317,0
-394,0
-367,0
-294,0
-305,0
-261,0
-216,0
-327,0
-459,0
-417,0
-571,0
-402,0
-342,0
-282,0
-293,0
-206,0
-33,0
-67,0
-97,0
-113,0
-125,0
-161,0
-186,0
-170,0
-167,0
-142,0
-92,0
-101,0
-96,0
-123,0
-116,0
-292,0
-484,0
-419,0
-342,0
-341,0
-195,0
-95,0
-155,0
-274,0
-14,0
-73,0
-110,0
-111,0
-104,0
-100,0
-130,0
-150,0
-164,0
-144,0
-101,0
-124,0
-119,0
-119,0
-82,0
-155,0
-286,0
-282,0
-338,0
-250,0
-163,0
-68,0
-53,0
-165,0
-21,0
-87,0
-136,0
-126,0
-125,0
-105,0
-106,0
-113,0
-119,0
-119,0
-110,0
-101,0
-102,0
-103,0
-260,0
-277,0
-372,0
-347,0
-520,0
-483,0
-588,0
-575,0
-592,0
-564,0
-191,0
-94,0
-72,0
-76,0
-78,0
-77,0
-60,0
-77,0
-161,0
-135,0
-216,0
-231,0
-244,0
-255,0
-363,0
-303,0
-398,0
-272,0
-358,0
-228,0
-193,0
-221,0
-313,0
-482,0
-337,0
-232,0
-120,0
-89,0
-68,0
-41,0
-54,0
-112,0
-66,0
-87,0
-94,0
-110,0
-79,0
-88,0
-282,0
-326,0
-590,0
-438,0
-301,0
-201,0
-93,0
-112,0
-127,0
-122,0
-32,0
-94,0
-111,0
-159,0
-264,0
-250,0
-348,0
-313,0
-351,0
-312,0
-138,0
-172,0
-177,0
-246,0
-305,0
-212,0
-427,0
-324,0
-372,0
-311,0
-237,0
-172,0
-142,0
-141,0
-153,0
-198,0
-92,0
-93,0
-173,0
-145,0
-204,0
-255,0
-251,0
-343,0
-249,0
-175,0
-169,0
-169,0
-297,0
-362,0
-370,0
-282,0
-134,0
-151,0
-103,0
-100,0
-99,0
-110,0
-65,0
-85,0
-141,0
-136,0
-99,0
-112,0
-156,0
-213,0
-174,0
-102,0
-118,0
-117,0
-114,0
-118,0
-86,0
-174,0
-222,0
-166,0
-486,0
-344,0
-351,0
-338,0
-395,0
-268,0
-102,0
-124,0
-103,0
-103,0
-113,0
-123,0
-132,0
-142,0
-205,0
-203,0
-144,0
-142,0
-160,0
-204,0
-210,0
-292,0
-346,0
-251,0
-320,0
-251,0
-219,0
-292,0
-274,0
-237,0
-288,0
-292,0
-310,0
-251,0
-291,0
-254,0
-227,0
-206,0
-195,0
-181,0
-134,0
-115,0
-119,0
-120,0
-143,0
-253,0
-357,0
-343,0
-108,0
-166,0
-129,0
-135,0
-141,0
-200,0
-160,0
-186,0
-224,0
-175,0
-165,0
-204,0
-185,0
-254,0
-315,0
-318,0
-223,0
-170,0
-200,0
-222,0
-155,0
-123,0
-149,0
-134,0
-178,0
-195,0
-140,0
-257,0
-188,0
-244,0
-91,0
-120,0
-182,0
-159,0
-156,0
-73,0
-22,0
-52,0
-113,0
-107,0
-73,0
-62,0
-92,0
-267,0
-407,0
-576,0
-675,0
-708,0
-554,0
-422,0
-380,0
-296,0
-323,0
-395,0
-270,0
-267,0
-284,0
-374,0
-446,0
-411,0
-554,0
-567,0
-532,0
-418,0
-300,0
-246,0
-195,0
-196,0
-230,0
-588,0
-698,0
-650,0
-638,0
-528,0
-428,0
-413,0
-455,0
-470,0
-563,0
-732,0
-722,0
-684,0
-730,0
-677,0
-754,0
-787,0
-779,0
-745,0
-603,0
-484,0
-404,0
-439,0
-535,0
-868,0
-803,0
-642,0
-575,0
-389,0
-350,0
-344,0
-354,0
-425,0
-363,0
-245,0
-266,0
-313,0
-303,0
-325,0
-286,0
-307,0
-304,0
-308,0
-261,0
-229,0
-274,0
-271,0
-293,0
-352,0
-323,0
-301,0
-170,0
-127,0
-139,0
-132,0
-92,0
-14,0
-117,0
-25,0
-26,0
-37,0
-20,0
-20,0
-97,0
-132,0
-116,0
-45,0
-18,0
-109,0
-146,0
-95,0
-173,0
-271,0
-250,0
-246,0
-118,0
-116,0
-70,0
-120,0
-110,0
-33,0
-131,0
-82,0
-153,0
-193,0
-169,0
-191,0
-149,0
-171,0
-193,0
-211,0
-168,0
-141,0
-120,0
-132,0
-34,0
-111,0
-133,0
-109,0
-83,0
-54,0
-21,0
-64,0
-57,0
-14,0
-71,0
-37,0
-131,0
-166,0
-161,0
-131,0
-41,0
-73,0
-77,0
-65,0
-92,0
-112,0
-137,0
-105,0
-20,0
-19,0
-79,0
-146,0
-383,0
-308,0
-229,0
-185,0
-269,0
-357,0
-220,0
-87,0
-205,0
-252,0
-234,0
-251,0
-191,0
-210,0
-180,0
-101,0
-91,0
-99,0
-118,0
-125,0
-188,0
-247,0
-282,0
-209,0
-243,0
-73,0
-32,0
-11,0
-38,0
-12,0
-168,0
-80,0
-29,0
-23,0
-23,0
-24,0
-21,0
-20,0
-20,0
-20,0
-18,0
-21,0
-24,0
-23,0
-70,0
-104,0
-139,0
-107,0
-22,0
-23,0
-24,0
-25,0
-31,0
-37,0
-28,0
-24,0
-27,0
-26,0
-20,0
-19,0
-18,0
-18,0
-4,0
-0,0
-0,0
-0,0
-0,0
-0,0
-0,0
-13,0
-46,0
-3,0
-0,0
-9,0
-10,0
-11,0
-1,0
-0,0
-0,0
-0,0
-25,0
-31,0
-10,0
-6,0
-1,0
-2,0
-4,0
-0,0
-0,0
-46,0
-54,0
-24,0
-5,0
-1,0
-1,0
-2,0
-22,0
-15,0
-25,0
-49,0
-48,0
-33,0
-28,0
-19,0
-86,0
-80,0
-58,0
-65,0
-72,0
-91,0
-82,0
-62,0
-55,0
-99,0
-93,0
-95,0
-25,0
-28,0
-12,0
-18,0
-93,0
-110,0
-124,0
-157,0
-137,0
-74,0
-97,0
-67,0
-76,0
-68,0
-73,0
-85,0
-104,0
-118,0
-125,0
-107,0
-86,0
-98,0
-113,0
-108,0
-98,0
-120,0
-66,0
-39,0
-112,0
-141,0
-151,0
-156,0
-124,0
-50,0
-18,0
-26,0
-44,0
-48,0
-57,0
-50,0
-57,0
-46,0
-37,0
-29,0
-55,0
-56,0
-51,0
-54,0
-6,0
-0,0
-6,0
-64,0
-149,0
-278,0
-273,0
-223,0
-179,0
-30,0
-44,0
-38,0
-79,0
-78,0
-62,0
-45,0
-27,0
-44,0
-60,0
-46,0
-58,0
-91,0
-105,0
-102,0
-26,0
-60,0
-95,0
-135,0
-67,0
-97,0
-141,0
-96,0
-87,0
-39,0
-57,0
-45,0
-13,0
-45,0
-41,0
-65,0
-70,0
-113,0
-151,0
-106,0
-2,0
-17,0
-26,0
-6,0
-44,0
-97,0
-141,0
-123,0
-97,0
-166,0
-155,0
-149,0
-133,0
-167,0
-123,0
-68,0
-106,0
-102,0
-130,0
-84,0
-68,0
-66,0
-96,0
-168,0
-276,0
-165,0
-118,0
-0,0
-85,0
-62,0
-151,0
-184,0
-146,0
-171,0
-141,0
-134,0
-119,0
-77,0
-72,0
-39,0
-58,0
-76,0
-100,0
-68,0
-45,0
-56,0
-84,0
-84,0
-50,0
-85,0
-97,0
-93,0
-73,0
-112,0
-156,0
-214,0
-227,0
-218,0
-231,0
-329,0
-292,0
-137,0
-166,0
-66,0
-105,0
-109,0
-90,0
-88,0
-96,0
-84,0
-176,0
-129,0
-88,0
-101,0
-95,0
-97,0
-46,0
-55,0
-121,0
-142,0
-134,0
-152,0
-211,0
-258,0
-164,0
-111,0
-138,0
-68,0
-77,0
-83,0
-94,0
-116,0
-92,0
-105,0
-102,0
-92,0
-96,0
-73,0
-70,0
-70,0
-56,0
-46,0
-46,0
-92,0
-233,0
-277,0
-323,0
-322,0
-339,0
-175,0
-71,0
-84,0
-103,0
-94,0
-115,0
-139,0
-139,0
-229,0
-120,0
-96,0
-145,0
-88,0
-98,0
-143,0
-149,0
-173,0
-253,0
-232,0
-277,0
-310,0
-289,0
-347,0
-332,0
-222,0
-217,0
-186,0
-126,0
-155,0
-165,0
-116,0
-124,0
-127,0
-117,0
-117,0
-115,0
-69,0
-82,0
-84,0
-103,0
-64,0
-160,0
-222,0
-261,0
-251,0
-296,0
-320,0
-329,0
-243,0
-190,0
-144,0
-137,0
-144,0
-147,0
-174,0
-168,0
-133,0
-104,0
-51,0
-0,0
-26,0
-44,0
-36,0
-77,0
-88,0
-186,0
-235,0
-164,0
-152,0
-150,0
-161,0
-145,0
-140,0
-115,0
-153,0
-148,0
-145,0
-128,0
-194,0
-183,0
-214,0
-211,0
-265,0
-88,0
-2,0
-91,0
-72,0
-101,0
-141,0
-199,0
-220,0
-232,0
-306,0
-363,0
-375,0
-174,0
-27,0
-0,0
-52,0
-79,0
-84,0
-69,0
-30,0
-72,0
-70,0
-44,0
-34,0
-22,0
-64,0
-75,0
-78,0
-75,0
-0,0
-54,0
-107,0
-165,0
-209,0
-281,0
-287,0
-172,0
-97,0
-82,0
-107,0
-132,0
-143,0
-129,0
-140,0
-180,0
-266,0
-238,0
-258,0
-241,0
-101,0
-161,0
-221,0
-251,0
-223,0
-232,0
-265,0
-207,0
-245,0
-271,0
-236,0
-230,0
-99,0
-89,0
-128,0
-167,0
-141,0
-173,0
-137,0
-160,0
-167,0
-148,0
-112,0
-69,0
-70,0
-58,0
-68,0
-47,0
-71,0
-153,0
-198,0
-196,0
-285,0
-314,0
-302,0
-181,0
-42,0
-87,0
-87,0
-72,0
-55,0
-100,0
-81,0
-157,0
-197,0
-178,0
-171,0
-132,0
-116,0
-105,0
-107,0
-114,0
-159,0
-168,0
-172,0
-93,0
-86,0
-126,0
-116,0
-91,0
-64,0
-105,0
-43,0
-53,0
-42,0
-34,0
-5,0
-2,0
-1,0
-30,0
-18,0
-17,0
-64,0
-74,0
-153,0
-170,0
-249,0
-204,0
-188,0
-240,0
-242,0
-189,0
-227,0
-279,0
-264,0
-256,0
-234,0
-213,0
-207,0
-148,0
-176,0
-166,0
-192,0
-208,0
-206,0
-108,0
-90,0
-117,0
-135,0
-129,0
-125,0
-171,0
-160,0
-165,0
-207,0
-219,0
-205,0
-191,0
-233,0
-188,0
-113,0
-108,0
-93,0
-84,0
-112,0
-112,0
-108,0
-84,0
-48,0
-170,0
-34,0
-0,0
-34,0
-42,0
-46,0
-0,0
-19,0
-92,0
-59,0
-72,0
-18,0
-3,0
-2,0
-24,0
-67,0
-88,0
-121,0
-123,0
-216,0
-273,0
-297,0
-268,0
-242,0
-242,0
-166,0
-220,0
-271,0
-282,0
-316,0
-270,0
-200,0
-221,0
-241,0
-188,0
-213,0
-141,0
-147,0
-224,0
-139,0
-162,0
-147,0
-169,0
-172,0
-213,0
-220,0
-228,0
-190,0
-132,0
-117,0
-158,0
-165,0
-131,0
-270,0
-246,0
-186,0
-103,0
-142,0
-198,0
-308,0
-323,0
-103,0
-106,0
-150,0
-193,0
-206,0
-200,0
-198,0
-208,0
-224,0
-211,0
-184,0
-148,0
-154,0
-215,0
-206,0
-181,0
-186,0
-149,0
-155,0
-236,0
-178,0
-144,0
-199,0
-195,0
-183,0
-225,0
-168,0
-128,0
-91,0
-44,0
-89,0
-101,0
-144,0
-142,0
-151,0
-90,0
-202,0
-194,0
-200,0
-211,0
-245,0
-276,0
-214,0
-190,0
-165,0
-145,0
-143,0
-109,0
-59,0
-119,0
-158,0
-173,0
-167,0
-210,0
-221,0
-233,0
-200,0
-217,0
-196,0
-166,0
-199,0
-213,0
-195,0
-121,0
-175,0
-139,0
-86,0
-194,0
-164,0
-129,0
-189,0
-202,0
-164,0
-152,0
-123,0
-98,0
-92,0
-125,0
-83,0
-140,0
-255,0
-235,0
-192,0
-6,0
-0,0
-66,0
-102,0
-128,0
-182,0
-178,0
-198,0
-151,0
-128,0
-50,0
-47,0
-53,0
-74,0
-67,0
-200,0
-128,0
-67,0
-96,0
-105,0
-110,0
-177,0
-215,0
-276,0
-195,0
-0,0
-40,0
-77,0
-57,0
-144,0
-175,0
-210,0
-246,0
-174,0
-148,0
-118,0
-155,0
-145,0
-175,0
-275,0
-410,0
-415,0
-362,0
-355,0
-365,0
-397,0
-462,0
-425,0
-350,0
-393,0
-344,0
-349,0
-242,0
-307,0
-271,0
-204,0
-185,0
-151,0
-122,0
-145,0
-154,0
-145,0
-355,0
-354,0
-445,0
-443,0
-382,0
-399,0
-354,0
-393,0
-393,0
-377,0
-292,0
-322,0
-203,0
-200,0
-224,0
-300,0
-223,0
-131,0
-186,0
-169,0
-118,0
-123,0
-84,0
-84,0
-236,0
-224,0
-285,0
-376,0
-458,0
-442,0
-509,0
-592,0
-567,0
-482,0
-386,0
-231,0
-195,0
-244,0
-164,0
-333,0
-272,0
-206,0
-77,0
-49,0
-56,0
-65,0
-55,0
-65,0
-135,0
-56,0
-157,0
-149,0
-170,0
-189,0
-264,0
-270,0
-279,0
-259,0
-242,0
-205,0
-231,0
-213,0
-175,0
-254,0
-160,0
-183,0
-60,0
-59,0
-108,0
-124,0
-85,0
-101,0
-186,0
-194,0
-215,0
-194,0
-190,0
-192,0
-228,0
-243,0
-283,0
-284,0
-190,0
-225,0
-214,0
-250,0
-150,0
-262,0
-177,0
-153,0
-48,0
-20,0
-50,0
-49,0
-42,0
-59,0
-63,0
-102,0
-23,0
-21,0
-4,0
-4,0
-161,0
-125,0
-122,0
-46,0
-51,0
-165,0
-161,0
-264,0
-251,0
-274,0
-268,0
-179,0
-232,0
-180,0
-174,0
-191,0
-233,0
-256,0
-310,0
-331,0
-225,0
-182,0
-150,0
-132,0
-170,0
-151,0
-160,0
-141,0
-99,0
-32,0
-47,0
-34,0
-75,0
-115,0
-120,0
-61,0
-188,0
-185,0
-123,0
-156,0
-242,0
-245,0
-254,0
-286,0
-488,0
-490,0
-404,0
-582,0
-645,0
-764,0
-668,0
-540,0
-310,0
-179,0
-145,0
-183,0
-241,0
-260,0
-281,0
-362,0
-519,0
-530,0
-540,0
-628,0
-507,0
-609,0
-700,0
-604,0
-539,0
-468,0
-504,0
-525,0
-548,0
-640,0
-555,0
-551,0
-448,0
-408,0
-334,0
-382,0
-341,0
-448,0
-501,0
-386,0
-213,0
-267,0
-226,0
-227,0
-371,0
-162,0
-275,0
-224,0
-216,0
-253,0
-350,0
-430,0
-403,0
-453,0
-469,0
-457,0
-417,0
-232,0
-275,0
-364,0
-362,0
-474,0
-478,0
-308,0
-194,0
-182,0
-187,0
-207,0
-202,0
-223,0
-301,0
-293,0
-303,0
-266,0
-278,0
-435,0
-384,0
-424,0
-435,0
-444,0
-428,0
-302,0
-405,0
-373,0
-329,0
-388,0
-390,0
-295,0
-211,0
-177,0
-190,0
-197,0
-196,0
-274,0
-373,0
-287,0
-309,0
-284,0
-334,0
-462,0
-455,0
-530,0
-527,0
-518,0
-471,0
-301,0
-370,0
-375,0
-343,0
-410,0
-387,0
-292,0
-104,0
-101,0
-98,0
-107,0
-103,0
-168,0
-312,0
-333,0
-439,0
-477,0
-471,0
-521,0
-533,0
-559,0
-567,0
-543,0
-499,0
-349,0
-316,0
-364,0
-392,0
-408,0
-352,0
-218,0
-229,0
-286,0
-265,0
-267,0
-243,0
-289,0
-306,0
-217,0
-187,0
-210,0
-154,0
-185,0
-156,0
-109,0
-118,0
-110,0
-61,0
-47,0
-0,0
-10,0
-75,0
-82,0
-74,0
-35,0
-107,0
-113,0
-110,0
-112,0
-119,0
-155,0
-354,0
-520,0
-490,0
-488,0
-536,0
-778,0
-788,0
-830,0
-818,0
-814,0
-784,0
-683,0
-631,0
-714,0
-739,0
-881,0
-860,0
-744,0
-433,0
-452,0
-486,0
-521,0
-505,0
-743,0
-698,0
-732,0
-705,0
-656,0
-693,0
-796,0
-898,0
-926,0
-901,0
-880,0
-843,0
-734,0
-625,0
-617,0
-647,0
-708,0
-719,0
-597,0
-432,0
-512,0
-506,0
-443,0
-320,0
-553,0
-616,0
-494,0
-394,0
-419,0
-464,0
-539,0
-537,0
-572,0
-586,0
-645,0
-534,0
-432,0
-419,0
-421,0
-398,0
-627,0
-676,0
-735,0
-773,0
-855,0
-865,0
-841,0
-721,0
-700,0
-506,0
-373,0
-261,0
-438,0
-498,0
-727,0
-455,0
-594,0
-416,0
-418,0
-361,0
-142,0
-112,0
-182,0
-138,0
-339,0
-529,0
-564,0
-411,0
-561,0
-568,0
-602,0
-423,0
-197,0
-400,0
-322,0
-264,0
-318,0
-526,0
-733,0
-584,0
-679,0
-565,0
-558,0
-444,0
-270,0
-191,0
-322,0
-293,0
-506,0
-614,0
-657,0
-458,0
-554,0
-557,0
-546,0
-473,0
-349,0
-644,0
-674,0
-669,0
-610,0
-619,0
-656,0
-591,0
-670,0
-701,0
-695,0
-629,0
-540,0
-432,0
-473,0
-435,0
-465,0
-374,0
-334,0
-309,0
-406,0
-401,0
-428,0
-407,0
-433,0
-565,0
-453,0
-354,0
-314,0
-299,0
-381,0
-418,0
-418,0
-390,0
-329,0
-241,0
-202,0
-200,0
-270,0
-218,0
-356,0
-336,0
-332,0
-374,0
-436,0
-449,0
-421,0
-429,0
-444,0
-454,0
-377,0
-376,0
-454,0
-621,0
-694,0
-724,0
-799,0
-726,0
-831,0
-754,0
-631,0
-617,0
-586,0
-523,0
-566,0
-581,0
-557,0
-383,0
-420,0
-370,0
-410,0
-371,0
-463,0
-460,0
-363,0
-396,0
-414,0
-428,0
-508,0
-571,0
-658,0
-663,0
-656,0
-612,0
-547,0
-304,0
-310,0
-359,0
-510,0
-546,0
-548,0
-270,0
-355,0
-274,0
-267,0
-253,0
-308,0
-490,0
-432,0
-498,0
-568,0
-580,0
-635,0
-579,0
-619,0
-588,0
-626,0
-632,0
-489,0
-502,0
-460,0
-441,0
-551,0
-635,0
-586,0
-347,0
-477,0
-451,0
-389,0
-230,0
-196,0
-260,0
-124,0
-249,0
-266,0
-386,0
-483,0
-378,0
-408,0
-364,0
-352,0
-257,0
-95,0
-67,0
-148,0
-68,0
-219,0
-236,0
-296,0
-319,0
-380,0
-382,0
-347,0
-293,0
-180,0
-333,0
-279,0
-264,0
-299,0
-406,0
-487,0
-421,0
-534,0
-618,0
-651,0
-567,0
-381,0
-216,0
-234,0
-238,0
-384,0
-460,0
-472,0
-443,0
-441,0
-495,0
-535,0
-538,0
-538,0
-750,0
-596,0
-507,0
-519,0
-639,0
-691,0
-694,0
-865,0
-884,0
-780,0
-653,0
-467,0
-247,0
-266,0
-382,0
-460,0
-613,0
-671,0
-614,0
-50,0
-0,0
-632,0
-636,0
-664,0
-711,0
-716,0
-641,0
-512,0
-404,0
-373,0
-408,0
-491,0
-401,0
-452,0
-482,0
-485,0
-457,0
-377,0
-403,0
-389,0
-441,0
-458,0
-579,0
-659,0
-726,0
-793,0
-778,0
-561,0
-375,0
-0,0
-0,0
-35,0
-108,0
-204,0
-197,0
-250,0
-248,0
-230,0
-214,0
-151,0
-42,0
-0,0
-3,0
-140,0
-160,0
-279,0
-309,0
-336,0
-459,0
-607,0
-546,0
-369,0
-315,0
-405,0
-500,0
-474,0
-584,0
-625,0
-468,0
-472,0
-409,0
-385,0
-178,0
-217,0
-125,0
-29,0
-41,0
-156,0
-156,0
-190,0
-206,0
-508,0
-459,0
-446,0
-469,0
-375,0
-192,0
-179,0
-305,0
-308,0
-366,0
-406,0
-374,0
-442,0
-457,0
-380,0
-268,0
-222,0
-167,0
-112,0
-78,0
-162,0
-220,0
-330,0
-382,0
-561,0
-560,0
-529,0
-584,0
-370,0
-83,0
-68,0
-151,0
-172,0
-238,0
-269,0
-262,0
-320,0
-289,0
-207,0
-126,0
-115,0
-76,0
-6,0
-10,0
-107,0
-269,0
-208,0
-265,0
-468,0
-374,0
-360,0
-381,0
-290,0
-294,0
-282,0
-351,0
-409,0
-455,0
-539,0
-563,0
-465,0
-454,0
-453,0
-273,0
-275,0
-175,0
-78,0
-90,0
-104,0
-209,0
-197,0
-241,0
-335,0
-378,0
-417,0
-422,0
-403,0
-219,0
-194,0
-160,0
-151,0
-224,0
-216,0
-313,0
-322,0
-309,0
-355,0
-364,0
-363,0
-186,0
-163,0
-168,0
-324,0
-288,0
-230,0
-245,0
-227,0
-208,0
-152,0
-169,0
-177,0
-116,0
-94,0
-188,0
-193,0
-208,0
-160,0
-164,0
-129,0
-150,0
-184,0
-213,0
-263,0
-374,0
-446,0
-352,0
-294,0
-307,0
-217,0
-180,0
-141,0
-187,0
-218,0
-147,0
-146,0
-17,0
-61,0
-48,0
-54,0
-172,0
-260,0
-253,0
-165,0
-153,0
-135,0
-21,0
-61,0
-91,0
-118,0
-48,0
-116,0
-40,0
-44,0
-88,0
-156,0
-253,0
-275,0
-295,0
-130,0
-11,0
-15,0
-21,0
-18,0
-9,0
-6,0
-76,0
-93,0
-88,0
-42,0
-63,0
-58,0
-9,0
-7,0
-10,0
-6,0
-140,0
-111,0
-131,0
-224,0
-149,0
-171,0
-179,0
-229,0
-175,0
-27,0
-33,0
-24,0
-33,0
-16,0
-135,0
-139,0
-96,0
-3,0
-0,0
-2,0
-1,0
-0,0
-0,0
-34,0
-171,0
-59,0
-77,0
-70,0
-31,0
-39,0
-61,0
-166,0
-43,0
-0,0
-0,0
-0,0
-0,0
-2,0
-85,0
-91,0
-59,0
-12,0
-5,0
-5,0
-17,0
-94,0
-114,0
-152,0
-259,0
-136,0
-117,0
-80,0
-115,0
-136,0
-117,0
-106,0
-72,0
-24,0
-0,0
-9,0
-36,0
-22,0
-332,0
-294,0
-258,0
-158,0
-102,0
-141,0
-122,0
-127,0
-123,0
-160,0
-260,0
-108,0
-116,0
-86,0
-109,0
-120,0
-114,0
-79,0
-92,0
-178,0
-105,0
-146,0
-220,0
-237,0
-206,0
-227,0
-237,0
-263,0
-278,0
-163,0
-125,0
-142,0
-118,0
-170,0
-198,0
-169,0
-275,0
-395,0
-378,0
-403,0
-424,0
-497,0
-336,0
-215,0
-207,0
-165,0
-262,0
-290,0
-284,0
-373,0
-374,0
-394,0
-383,0
-288,0
-269,0
-105,0
-101,0
-232,0
-279,0
-243,0
-288,0
-351,0
-399,0
-405,0
-290,0
-268,0
-177,0
-23,0
-12,0
-80,0
-89,0
-152,0
-117,0
-84,0
-62,0
-86,0
-35,0
-20,0
-1,0
-8,0
-10,0
-12,0
-96,0
-113,0
-227,0
-308,0
-416,0
-386,0
-414,0
-317,0
-133,0
-7,0
-62,0
-17,0
-66,0
-82,0
-54,0
-85,0
-90,0
-79,0
-80,0
-45,0
-32,0
-23,0
-78,0
-38,0
-26,0
-122,0
-126,0
-147,0
-217,0
-199,0
-107,0
-63,0
-4,0
-1,0
-0,0
-2,0
-15,0
-52,0
-13,0
-9,0
-0,0
-37,0
-10,0
-0,0
-0,0
-0,0
-2,0
-3,0
-0,0
-62,0
-244,0
-193,0
-174,0
-261,0
-204,0
-184,0
-19,0
-11,0
-16,0
-18,0
-18,0
-38,0
-83,0
-123,0
-85,0
-58,0
-145,0
-131,0
-196,0
-163,0
-160,0
-200,0
-182,0
-176,0
-467,0
-440,0
-442,0
-421,0
-415,0
-430,0
-228,0
-259,0
-344,0
-390,0
-383,0
-414,0
-412,0
-395,0
-401,0
-402,0
-431,0
-426,0
-418,0
-452,0
-413,0
-279,0
-359,0
-328,0
-449,0
-417,0
-401,0
-381,0
-385,0
-402,0
-252,0
-356,0
-252,0
-343,0
-333,0
-342,0
-442,0
-454,0
-487,0
-495,0
-461,0
-475,0
-398,0
-601,0
-588,0
-603,0
-511,0
-402,0
-561,0
-498,0
-480,0
-463,0
-466,0
-472,0
-492,0
-571,0
-525,0
-529,0
-555,0
-579,0
-570,0
-839,0
-812,0
-822,0
-869,0
-782,0
-663,0
-667,0
-591,0
-549,0
-499,0
-529,0
-532,0
-529,0
-670,0
-662,0
-694,0
-790,0
-766,0
-930,0
-979,0
-968,0
-907,0
-913,0
-908,0
-1073,0
-1097,0
-1076,0
-1022,0
-789,0
-750,0
-666,0
-621,0
-588,0
-603,0
-544,0
-584,0
-660,0
-640,0
-589,0
-579,0
-419,0
-281,0
-225,0
-186,0
-163,0
-122,0
-116,0
-170,0
-224,0
-116,0
-97,0
-71,0
-61,0
-45,0
-62,0
-67,0
-26,0
-92,0
-217,0
-219,0
-210,0
-146,0
-157,0
-186,0
-158,0
-139,0
-27,0
-9,0
-17,0
-1,0
-42,0
-140,0
-136,0
-151,0
-211,0
-231,0
-216,0
-164,0
-1,0
-38,0
-38,0
-169,0
-214,0
-375,0
-260,0
-212,0
-194,0
-237,0
-226,0
-96,0
-275,0
-336,0
-255,0
-300,0
-328,0
-351,0
-341,0
-345,0
-301,0
-219,0
-81,0
-17,0
-3,0
-68,0
-1,0
-114,0
-245,0
-238,0
-252,0
-231,0
-207,0
-216,0
-216,0
-286,0
-205,0
-211,0
-200,0
-200,0
-234,0
-229,0
-229,0
-215,0
-262,0
-246,0
-182,0
-226,0
-167,0
-103,0
-159,0
-280,0
-292,0
-316,0
-387,0
-528,0
-536,0
-525,0
-519,0
-349,0
-286,0
-290,0
-317,0
-406,0
-418,0
-416,0
-452,0
-451,0
-433,0
-486,0
-382,0
-115,0
-63,0
-44,0
-62,0
-208,0
-314,0
-380,0
-428,0
-491,0
-493,0
-494,0
-469,0
-348,0
-279,0
-291,0
-308,0
-311,0
-268,0
-446,0
-467,0
-537,0
-417,0
-276,0
-260,0
-137,0
-124,0
-142,0
-152,0
-291,0
-368,0
-413,0
-382,0
-391,0
-448,0
-483,0
-523,0
-408,0
-210,0
-188,0
-135,0
-111,0
-198,0
-210,0
-251,0
-255,0
-206,0
-189,0
-196,0
-145,0
-0,0
-28,0
-1,0
-32,0
-144,0
-190,0
-211,0
-219,0
-222,0
-301,0
-165,0
-27,0
-111,0
-82,0
-86,0
-54,0
-72,0
-93,0
-192,0
-211,0
-166,0
-228,0
-239,0
-80,0
-65,0
-115,0
-37,0
-146,0
-237,0
-243,0
-343,0
-431,0
-452,0
-535,0
-556,0
-567,0
-486,0
-439,0
-332,0
-278,0
-304,0
-488,0
-540,0
-578,0
-560,0
-537,0
-517,0
-344,0
-249,0
-190,0
-280,0
-356,0
-362,0
-281,0
-236,0
-198,0
-195,0
-226,0
-282,0
-131,0
-118,0
-103,0
-123,0
-191,0
-279,0
-258,0
-268,0
-254,0
-221,0
-188,0
-155,0
-8,0
-38,0
-122,0
-165,0
-302,0
-274,0
-263,0
-289,0
-280,0
-282,0
-303,0
-260,0
-98,0
-14,0
-146,0
-229,0
-350,0
-383,0
-445,0
-343,0
-264,0
-249,0
-247,0
-171,0
-179,0
-195,0
-294,0
-277,0
-499,0
-345,0
-358,0
-365,0
-374,0
-363,0
-344,0
-329,0
-254,0
-293,0
-294,0
-372,0
-406,0
-489,0
-588,0
-578,0
-524,0
-515,0
-539,0
-431,0
-248,0
-160,0
-134,0
-98,0
-187,0
-211,0
-342,0
-388,0
-515,0
-489,0
-499,0
-541,0
-378,0
-303,0
-349,0
-386,0
-414,0
-411,0
-434,0
-404,0
-383,0
-389,0
-424,0
-389,0
-383,0
-332,0
-213,0
-254,0
-264,0
-277,0
-376,0
-540,0
-381,0
-416,0
-390,0
-257,0
-157,0
-11,0
-9,0
-8,0
-9,0
-78,0
-115,0
-16,0
-44,0
-90,0
-89,0
-29,0
-23,0
-9,0
-9,0
-13,0
-51,0
-155,0
-251,0
-242,0
-219,0
-226,0
-247,0
-288,0
-249,0
-82,0
-49,0
-35,0
-24,0
-21,0
-19,0
-68,0
-123,0
-110,0
-67,0
-56,0
-31,0
-24,0
-21,0
-22,0
-32,0
-134,0
-136,0
-188,0
-189,0
-167,0
-200,0
-118,0
-117,0
-8,0
-12,0
-14,0
-10,0
-16,0
-17,0
-10,0
-11,0
-9,0
-30,0
-59,0
-168,0
-64,0
-174,0
-5,0
-103,0
-113,0
-58,0
-6,0
-1,0
-39,0
-58,0
-131,0
-1,0
-198,0
-291,0
-312,0
-353,0
-314,0
-351,0
-370,0
-329,0
-356,0
-276,0
-233,0
-118,0
-62,0
-63,0
-17,0
-7,0
-106,0
-253,0
-222,0
-138,0
-18,0
-10,0
-64,0
-7,0
-57,0
-23,0
-9,0
-11,0
-13,0
-0,0
-0,0
-1,0
-1,0
-0,0
-1,0
-50,0
-56,0
-105,0
-81,0
-306,0
-230,0
-222,0
-183,0
-195,0
-163,0
-121,0
-99,0
-101,0
-37,0
-79,0
-109,0
-218,0
-119,0
-162,0
-147,0
-165,0
-153,0
-197,0
-164,0
-200,0
-240,0
-194,0
-68,0
-245,0
-219,0
-562,0
-547,0
-548,0
-621,0
-570,0
-556,0
-521,0
-419,0
-300,0
-288,0
-410,0
-447,0
-494,0
-535,0
-593,0
-648,0
-770,0
-684,0
-516,0
-281,0
-206,0
-229,0
-138,0
-314,0
-22,0
-4,0
-7,0
-21,0
-31,0
-15,0
-3,0
-6,0
-8,0
-13,0
-15,0
-27,0
-9,0
-41,0
-43,0
-16,0
-13,0
-0,0
-9,0
-2,0
-4,0
-10,0
-12,0
-16,0
-14,0
-72,0
-81,0
-29,0
-17,0
-40,0
-14,0
-14,0
-14,0
-27,0
-31,0
-32,0
-64,0
-68,0
-44,0
-20,0
-19,0
-20,0
-25,0
-29,0
-30,0
-53,0
-43,0
-20,0
-21,0
-21,0
-38,0
-34,0
-117,0
-140,0
-290,0
-92,0
-92,0
-97,0
-67,0
-166,0
-104,0
-92,0
-78,0
-38,0
-37,0
-23,0
-40,0
-59,0
-60,0
-44,0
-13,0
-78,0
-22,0
-16,0
-10,0
-29,0
-21,0
-40,0
-6,0
-2,0
-4,0
-6,0
-5,0
-3,0
-4,0
-2,0
-24,0
-8,0
-51,0
-100,0
-92,0
-41,0
-74,0
-1,0
-102,0
-122,0
-147,0
-108,0
-102,0
-70,0
-21,0
-132,0
-21,0
-78,0
-61,0
-84,0
-39,0
-41,0
-190,0
-158,0
-206,0
-55,0
-37,0
-16,0
-8,0
-7,0
-28,0
-26,0
-11,0
-31,0
-244,0
-244,0
-216,0
-269,0
-293,0
-201,0
-178,0
-10,0
-12,0
-7,0
-56,0
-59,0
-8,0
-55,0
-64,0
-62,0
-141,0
-142,0
-80,0
-111,0
-256,0
-67,0
-160,0
-27,0
-113,0
-122,0
-146,0
-115,0
-122,0
-125,0
-121,0
-17,0
-47,0
-147,0
-170,0
-134,0
-157,0
-218,0
-161,0
-187,0
-333,0
-379,0
-292,0
-386,0
-439,0
-359,0
-194,0
-110,0
-101,0
-98,0
-106,0
-103,0
-75,0
-118,0
-9,0
-96,0
-174,0
-12,0
-36,0
-3,0
-6,0
-5,0
-6,0
-3,0
-4,0
-4,0
-3,0
-2,0
-54,0
-5,0
-49,0
-126,0
-33,0
-39,0
-9,0
-5,0
-4,0
-119,0
-0,0
-21,0
-146,0
-111,0
-162,0
-13,0
-66,0
-57,0
-1,0
-0,0
-0,0
-0,0
-0,0
-0,0
-0,0
-84,0
-49,0
-149,0
-1,0
-19,0
-3,0
-3,0
-20,0
-4,0
-12,0
-2,0
-2,0
-4,0
-0,0
-0,0
-1,0
-3,0
-6,0
-14,0
-0,0
-0,0
-0,0
-1,0
-1,0
-2,0
-2,0
-3,0
-56,0
-71,0
-88,0
-108,0
-157,0
-24,0
-28,0
-33,0
-45,0
-31,0
-39,0
-61,0
-27,0
-28,0
-27,0
-18,0
-10,0
-9,0
-7,0
-16,0
-13,0
-37,0
-10,0
-5,0
-1,0
-1,0
-2,0
-3,0
-3,0
-2,0
-2,0
-13,0
-9,0
-8,0
-3,0
-0,0
-0,0
-2,0
-1,0
-1,0
-2,0
-1,0
-1,0
-2,0
-2,0
-3,0
-3,0
-2,0
-4,0
-2,0
-9,0
-28,0
-92,0
-39,0
-22,0
-5,0
-5,0
-7,0
-6,0
-4,0
-3,0
-6,0
-3,0
-2,0
-2,0
-2,0
-2,0
-1,0
-4,0
-3,0
-2,0
-4,0
-16,0
-23,0
-64,0
-78,0
-178,0
-106,0
-107,0
-1,0
-0,0
-12,0
-10,0
-70,0
-205,0
-320,0
-338,0
-396,0
-403,0
-230,0
-113,0
-195,0
-158,0
-31,0
-0,0
-4,0
-157,0
-149,0
-184,0
-128,0
-83,0
-234,0
-40,0
-57,0
-38,0
-62,0
-11,0
-69,0
-89,0
-11,0
-10,0
-11,0
-14,0
-27,0
-33,0
-9,0
-10,0
-10,0
-9,0
-77,0
-78,0
-76,0
-76,0
-81,0
-63,0
-45,0
-53,0
-12,0
-15,0
-37,0
-40,0
-35,0
-28,0
-50,0
-54,0
-49,0
-46,0
-48,0
-63,0
-53,0
-44,0
-53,0
-70,0
-91,0
-118,0
-127,0
-138,0
-135,0
-120,0
-129,0
-84,0
-55,0
-59,0
-55,0
-55,0
-68,0
-82,0
-168,0
-106,0
-154,0
-220,0
-160,0
-138,0
-91,0
-108,0
-48,0
-109,0
-211,0
-399,0
-436,0
-468,0
-452,0
-344,0
-387,0
-188,0
-38,0
-133,0
-152,0
-52,0
-42,0
-102,0
-153,0
-261,0
-276,0
-350,0
-334,0
-239,0
-289,0
-242,0
-101,0
-221,0
-206,0
-408,0
-280,0
-330,0
-256,0
-63,0
-123,0
-119,0
-115,0
-65,0
-42,0
-104,0
-81,0
-221,0
-249,0
-178,0
-233,0
-290,0
-264,0
-199,0
-172,0
-148,0
-128,0
-132,0
-198,0
-184,0
-120,0
-123,0
-109,0
-87,0
-83,0
-91,0
-112,0
-136,0
-148,0
-164,0
-140,0
-137,0
-298,0
-300,0
-246,0
-154,0
-152,0
-192,0
-155,0
-156,0
-131,0
-112,0
-121,0
-148,0
-187,0
-202,0
-164,0
-144,0
-138,0
-156,0
-134,0
-127,0
-202,0
-343,0
-347,0
-409,0
-722,0
-764,0
-710,0
-698,0
-673,0
-460,0
-486,0
-431,0
-364,0
-271,0
-220,0
-206,0
-159,0
-179,0
-98,0
-56,0
-64,0
-106,0
-133,0
-151,0
-146,0
-152,0
-140,0
-121,0
-115,0
-111,0
-111,0
-110,0
-86,0
-128,0
-141,0
-129,0
-114,0
-102,0
-81,0
-115,0
-108,0
-111,0
-100,0
-108,0
-134,0
-108,0
-80,0
-72,0
-29,0
-30,0
-29,0
-2,0
-0,0
-0,0
-0,0
-0,0
-0,0
-0,0
-1,0
-0,0
-0,0
-8,0
-8,0
-29,0
-25,0
-37,0
-30,0
-39,0
-23,0
-27,0
-0,0
-4,0
-15,0
-5,0
-0,0
-0,0
-0,0
-12,0
-0,0
-0,0
-0,0
-0,0
-0,0
-6,0
-2,0
-2,0
-42,0
-37,0
-55,0
-42,0
-49,0
-38,0
-16,0
-22,0
-0,0
-3,0
-4,0
-1,0
-0,0
-13,0
-21,0
-15,0
-13,0
-4,0
-10,0
-20,0
-31,0
-55,0
-36,0
-32,0
-16,0
-15,0
-22,0
-28,0
-48,0
-81,0
-34,0
-50,0
-8,0
-6,0
-17,0
-44,0
-33,0
-31,0
-22,0
-22,0
-41,0
-23,0
-21,0
-41,0
-51,0
-53,0
-40,0
-42,0
-16,0
-170,0
-208,0
-254,0
-298,0
-303,0
-271,0
-198,0
-49,0
-45,0
-90,0
-134,0
-72,0
-82,0
-134,0
-157,0
-66,0
-41,0
-17,0
-22,0
-79,0
-125,0
-104,0
-108,0
-42,0
-113,0
-107,0
-114,0
-211,0
-214,0
-218,0
-166,0
-158,0
-44,0
-83,0
-87,0
-109,0
-101,0
-86,0
-95,0
-162,0
-122,0
-118,0
-86,0
-56,0
-52,0
-38,0
-69,0
-127,0
-172,0
-116,0
-117,0
-111,0
-169,0
-194,0
-295,0
-90,0
-18,0
-40,0
-54,0
-76,0
-65,0
-51,0
-64,0
-92,0
-80,0
-80,0
-66,0
-79,0
-92,0
-153,0
-171,0
-257,0
-282,0
-355,0
-389,0
-390,0
-436,0
-408,0
-222,0
-179,0
-150,0
-126,0
-154,0
-135,0
-124,0
-126,0
-145,0
-113,0
-120,0
-135,0
-89,0
-58,0
-73,0
-34,0
-56,0
-143,0
-181,0
-221,0
-312,0
-326,0
-342,0
-252,0
-123,0
-124,0
-90,0
-57,0
-58,0
-73,0
-76,0
-92,0
-84,0
-91,0
-78,0
-77,0
-87,0
-88,0
-88,0
-82,0
-76,0
-125,0
-259,0
-287,0
-297,0
-299,0
-362,0
-385,0
-208,0
-120,0
-34,0
-14,0
-5,0
-15,0
-6,0
-0,0
-0,0
-15,0
-0,0
-0,0
-0,0
-0,0
-0,0
-0,0
-59,0
-169,0
-175,0
-259,0
-292,0
-362,0
-360,0
-317,0
-242,0
-58,0
-0,0
-0,0
-0,0
-39,0
-19,0
-40,0
-42,0
-57,0
-6,0
-0,0
-0,0
-0,0
-1,0
-6,0
-58,0
-111,0
-99,0
-122,0
-202,0
-195,0
-278,0
-253,0
-206,0
-122,0
-30,0
-23,0
-31,0
-66,0
-66,0
-64,0
-50,0
-36,0
-29,0
-24,0
-30,0
-36,0
-41,0
-5,0
-38,0
-83,0
-100,0
-201,0
-306,0
-294,0
-340,0
-361,0
-354,0
-211,0
-75,0
-58,0
-58,0
-69,0
-63,0
-63,0
-88,0
-160,0
-82,0
-54,0
-66,0
-63,0
-3,0
-31,0
-64,0
-84,0
-144,0
-192,0
-258,0
-308,0
-324,0
-282,0
-147,0
-133,0
-72,0
-73,0
-79,0
-76,0
-84,0
-84,0
-65,0
-53,0
-45,0
-32,0
-6,0
-3,0
-1,0
-3,0
-8,0
-39,0
-114,0
-206,0
-251,0
-332,0
-351,0
-189,0
-78,0
-2,0
-3,0
-3,0
-8,0
-1,0
-0,0
-4,0
-0,0
-2,0
-37,0
-0,0
-0,0
-0,0
-0,0
-0,0
-7,0
-43,0
-158,0
-209,0
-223,0
-223,0
-274,0
-190,0
-82,0
-4,0
-6,0
-26,0
-23,0
-14,0
-19,0
-21,0
-20,0
-73,0
-1,0
-2,0
-1,0
-6,0
-8,0
-0,0
-8,0
-25,0
-104,0
-171,0
-222,0
-267,0
-298,0
-174,0
-83,0
-20,0
-5,0
-12,0
-8,0
-8,0
-10,0
-25,0
-2,0
-1,0
-0,0
-0,0
-0,0
-5,0
-2,0
-5,0
-23,0
-94,0
-91,0
-157,0
-163,0
-198,0
-184,0
-129,0
-25,0
-8,0
-82,0
-361,0
-223,0
-150,0
-56,0
-42,0
-33,0
-0,0
-0,0
-2,0
-10,0
-1,0
-0,0
-0,0
-83,0
-128,0
-60,0
-93,0
-202,0
-199,0
-217,0
-183,0
-181,0
-31,0
-38,0
-112,0
-138,0
-91,0
-152,0
-198,0
-330,0
-325,0
-250,0
-116,0
-52,0
-52,0
-80,0
-90,0
-33,0
-68,0
-300,0
-386,0
-345,0
-252,0
-290,0
-248,0
-257,0
-291,0
-187,0
-166,0
-235,0
-233,0
-202,0
-284,0
-321,0
-363,0
-348,0
-278,0
-182,0
-220,0
-293,0
-279,0
-280,0
-302,0
-254,0
-162,0
-161,0
-145,0
-184,0
-144,0
-45,0
-301,0
-167,0
-164,0
-229,0
-187,0
-136,0
-116,0
-125,0
-162,0
-122,0
-140,0
-36,0
-14,0
-80,0
-5,0
-93,0
-138,0
-80,0
-119,0
-139,0
-171,0
-299,0
-182,0
-71,0
-230,0
-109,0
-143,0
-125,0
-4,0
-2,0
-0,0
-9,0
-106,0
-104,0
-134,0
-117,0
-22,0
-48,0
-10,0
-54,0
-95,0
-82,0
-82,0
-90,0
-106,0
-121,0
-88,0
-24,0
-7,0
-13,0
-11,0
-7,0
-2,0
-0,0
-5,0
-14,0
-27,0
-28,0
-29,0
-41,0
-40,0
-31,0
-29,0
-9,0
-58,0
-25,0
-25,0
-30,0
-27,0
-18,0
-26,0
-29,0
-5,0
-4,0
-10,0
-19,0
-104,0
-141,0
-120,0
-47,0
-9,0
-11,0
-10,0
-8,0
-7,0
-5,0
-8,0
-8,0
-64,0
-105,0
-145,0
-118,0
-114,0
-154,0
-120,0
-73,0
-0,0
-1,0
-8,0
-7,0
-1,0
-1,0
-0,0
-0,0
-1,0
-5,0
-29,0
-8,0
-8,0
-5,0
-7,0
-13,0
-107,0
-64,0
-98,0
-121,0
-137,0
-177,0
-163,0
-100,0
-33,0
-37,0
-29,0
-35,0
-36,0
-79,0
-112,0
-97,0
-107,0
-87,0
-63,0
-39,0
-41,0
-147,0
-45,0
-23,0
-82,0
-103,0
-123,0
-159,0
-171,0
-217,0
-216,0
-158,0
-166,0
-96,0
-104,0
-112,0
-125,0
-125,0
-126,0
-82,0
-56,0
-45,0
-96,0
-99,0
-148,0
-105,0
-29,0
-72,0
-97,0
-108,0
-116,0
-162,0
-165,0
-197,0
-141,0
-49,0
-3,0
-11,0
-16,0
-12,0
-46,0
-63,0
-56,0
-18,0
-26,0
-20,0
-15,0
-21,0
-39,0
-31,0
-98,0
-97,0
-103,0
-135,0
-119,0
-96,0
-91,0
-109,0
-89,0
-173,0
-205,0
-300,0
-206,0
-173,0
-101,0
-121,0
-63,0
-101,0
-97,0
-132,0
-108,0
-84,0
-57,0
-26,0
-17,0
-1,0
-110,0
-41,0
-48,0
-13,0
-18,0
-71,0
-29,0
-20,0
-6,0
-68,0
-45,0
-25,0
-20,0
-21,0
-29,0
-26,0
-32,0
-39,0
-66,0
-52,0
-22,0
-13,0
-13,0
-3,0
-0,0
-106,0
-65,0
-74,0
-53,0
-67,0
-38,0
-11,0
-4,0
-7,0
-14,0
-14,0
-16,0
-16,0
-13,0
-10,0
-9,0
-11,0
-12,0
-15,0
-13,0
-10,0
-7,0
-4,0
-9,0
-51,0
-113,0
-104,0
-96,0
-58,0
-99,0
-42,0
-1,0
-3,0
-2,0
-2,0
-1,0
-5,0
-6,0
-20,0
-1,0
-5,0
-6,0
-8,0
-8,0
-6,0
-8,0
-43,0
-69,0
-23,0
-38,0
-80,0
-54,0
-58,0
-45,0
-9,0
-18,0
-20,0
-22,0
-26,0
-23,0
-22,0
-21,0
-19,0
-7,0
-1,0
-1,0
-5,0
-6,0
-35,0
-6,0
-24,0
-96,0
-97,0
-188,0
-109,0
-65,0
-71,0
-86,0
-71,0
-40,0
-66,0
-64,0
-119,0
-153,0
-139,0
-73,0
-102,0
-128,0
-89,0
-113,0
-100,0
-36,0
-30,0
-19,0
-60,0
-74,0
-39,0
-54,0
-52,0
-40,0
-54,0
-57,0
-14,0
-5,0
-0,0
-33,0
-62,0
-87,0
-78,0
-93,0
-81,0
-13,0
-0,0
-2,0
-2,0
-1,0
-0,0
-0,0
-9,0
-37,0
-41,0
-45,0
-39,0
-34,0
-38,0
-27,0
-46,0
-3,0
-3,0
-11,0
-10,0
-4,0
-4,0
-19,0
-29,0
-3,0
-2,0
-1,0
-6,0
-6,0
-7,0
-3,0
-48,0
-36,0
-52,0
-53,0
-40,0
-44,0
-39,0
-60,0
-56,0
-37,0
-18,0
-46,0
-80,0
-71,0
-70,0
-68,0
-66,0
-65,0
-64,0
-55,0
-49,0
-47,0
-41,0
-36,0
-29,0
-26,0
-45,0
-21,0
-10,0
-10,0
-9,0
-19,0
-18,0
-45,0
-40,0
-22,0
-45,0
-33,0
-39,0
-38,0
-34,0
-11,0
-13,0
-25,0
-14,0
-13,0
-0,0
-4,0
-50,0
-123,0
-43,0
-41,0
-30,0
-33,0
-35,0
-27,0
-31,0
-74,0
-23,0
-25,0
-38,0
-37,0
-49,0
-55,0
-37,0
-28,0
-35,0
-41,0
-35,0
-24,0
-32,0
-9,0
-19,0
-32,0
-134,0
-147,0
-84,0
-52,0
-39,0
-24,0
-141,0
-122,0
-1,0
-0,0
-3,0
-0,0
-0,0
-0,0
-115,0
-108,0
-63,0
-43,0
-39,0
-51,0
-39,0
-33,0
-79,0
-107,0
-94,0
-238,0
-193,0
-106,0
-18,0
-24,0
-25,0
-44,0
-41,0
-45,0
-153,0
-173,0
-176,0
-202,0
-119,0
-236,0
-236,0
-344,0
-202,0
-81,0
-91,0
-76,0
-85,0
-71,0
-383,0
-297,0
-274,0
-274,0
-164,0
-215,0
-23,0
-7,0
-37,0
-57,0
-13,0
-0,0
-0,0
-0,0
-0,0
-2,0
-1,0
-2,0
-25,0
-29,0
-36,0
-21,0
-30,0
-35,0
-50,0
-56,0
-49,0
-45,0
-24,0
-32,0
-21,0
-10,0
-25,0
-37,0
-31,0
-24,0
-54,0
-56,0
-57,0
-46,0
-38,0
-46,0
-49,0
-27,0
-28,0
-51,0
-72,0
-61,0
-64,0
-49,0
-40,0
-48,0
-25,0
-26,0
-33,0
-56,0
-0,0
-44,0
-19,0
-5,0
-3,0
-2,0
-1,0
-6,0
-6,0
-18,0
-15,0
-0,0
-1,0
-1,0
-21,0
-80,0
-69,0
-63,0
-52,0
-54,0
-24,0
-19,0
-29,0
-21,0
-29,0
-19,0
-20,0
-0,0
-0,0
-0,0
-0,0
-0,0
-1,0
-52,0
-45,0
-2,0
-0,0
-0,0
-33,0
-65,0
-170,0
-214,0
-255,0
-223,0
-76,0
-118,0
-49,0
-16,0
-5,0
-0,0
-2,0
-0,0
-0,0
-0,0
-0,0
-0,0
-0,0
-6,0
-4,0
-6,0
-6,0
-7,0
-1,0
-27,0
-61,0
-60,0
-61,0
-77,0
-51,0
-43,0
-35,0
-52,0
-61,0
-58,0
-63,0
-60,0
-55,0
-59,0
-63,0
-67,0
-23,0
-22,0
-10,0
-16,0
-10,0
-1,0
-30,0
-41,0
-68,0
-82,0
-104,0
-199,0
-55,0
-38,0
-30,0
-38,0
-49,0
-47,0
-49,0
-42,0
-41,0
-53,0
-52,0
-63,0
-1,0
-88,0
-81,0
-90,0
-38,0
-0,0
-8,0
-54,0
-58,0
-92,0
-87,0
-134,0
-72,0
-94,0
-71,0
-42,0
-18,0
-27,0
-39,0
-5,0
-19,0
-1,0
-1,0
-2,0
-9,0
-3,0
-5,0
-4,0
-3,0
-6,0
-12,0
-43,0
-131,0
-87,0
-48,0
-56,0
-31,0
-31,0
-45,0
-7,0
-10,0
-11,0
-18,0
-12,0
-11,0
-10,0
-5,0
-4,0
-4,0
-6,0
-7,0
-11,0
-6,0
-3,0
-1,0
-81,0
-58,0
-72,0
-55,0
-49,0
-47,0
-43,0
-57,0
-55,0
-26,0
-45,0
-84,0
-94,0
-61,0
-76,0
-56,0
-16,0
-0,0
-27,0
-20,0
-16,0
-0,0
-13,0
-10,0
-44,0
-40,0
-114,0
-58,0
-58,0
-36,0
-40,0
-35,0
-13,0
-74,0
-114,0
-117,0
-137,0
-130,0
-126,0
-148,0
-84,0
-61,0
-15,0
-13,0
-13,0
-11,0
-10,0
-2,0
-4,0
-27,0
-63,0
-99,0
-64,0
-57,0
-119,0
-61,0
-8,0
-22,0
-40,0
-51,0
-75,0
-74,0
-73,0
-57,0
-24,0
-11,0
-9,0
-9,0
-9,0
-8,0
-44,0
-18,0
-94,0
-100,0
-94,0
-258,0
-281,0
-214,0
-196,0
-53,0
-182,0
-199,0
-104,0
-27,0
-17,0
-44,0
-27,0
-78,0
-99,0
-66,0
-98,0
-105,0
-59,0
-14,0
-1,0
-19,0
-140,0
-321,0
-355,0
-246,0
-225,0
-195,0
-103,0
-82,0
-208,0
-196,0
-243,0
-345,0
-230,0
-217,0
-371,0
-350,0
-311,0
-277,0
-103,0
-34,0
-0,0
-0,0
-0,0
-2,0
-324,0
-226,0
-249,0
-116,0
-74,0
-95,0
-164,0
-171,0
-45,0
-43,0
-85,0
-129,0
-35,0
-29,0
-28,0
-36,0
-50,0
-49,0
-53,0
-26,0
-15,0
-23,0
-10,0
-93,0
-111,0
-234,0
-313,0
-186,0
-164,0
-178,0
-208,0
-183,0
-47,0
-16,0
-17,0
-10,0
-3,0
-1,0
-0,0
-0,0
-0,0
-0,0
-0,0
-0,0
-0,0
-0,0
-0,0
-18,0
-62,0
-262,0
-329,0
-134,0
-76,0
-85,0
-183,0
-83,0
-11,0
-66,0
-19,0
-116,0
-12,0
-12,0
-4,0
-2,0
-1,0
-1,0
-4,0
-1,0
-1,0
-1,0
-0,0
-88,0
-85,0
-161,0
-364,0
-166,0
-79,0
-72,0
-168,0
-93,0
-31,0
-15,0
-40,0
-31,0
-20,0
-13,0
-5,0
-8,0
-5,0
-6,0
-2,0
-0,0
-0,0
-0,0
-3,0
-4,0
-81,0
-183,0
-220,0
-282,0
-305,0
-166,0
-127,0
-133,0
-27,0
-0,0
-0,0
-1,0
-0,0
-0,0
-0,0
-4,0
-4,0
-4,0
-13,0
-12,0
-12,0
-20,0
-21,0
-34,0
-144,0
-254,0
-414,0
-354,0
-394,0
-326,0
-255,0
-277,0
-209,0
-79,0
-60,0
-93,0
-81,0
-47,0
-80,0
-150,0
-196,0
-68,0
-61,0
-61,0
-56,0
-52,0
-27,0
-68,0
-132,0
-239,0
-254,0
-227,0
-236,0
-241,0
-251,0
-210,0
-181,0
-192,0
-167,0
-142,0
-159,0
-125,0
-124,0
-125,0
-226,0
-315,0
-254,0
-152,0
-132,0
-106,0
-78,0
-181,0
-224,0
-449,0
-409,0
-255,0
-175,0
-207,0
-179,0
-144,0
-72,0
-41,0
-28,0
-15,0
-7,0
-5,0
-7,0
-2,0
-0,0
-30,0
-41,0
-47,0
-50,0
-21,0
-9,0
-28,0
-101,0
-131,0
-230,0
-207,0
-170,0
-223,0
-115,0
-99,0
-58,0
-43,0
-33,0
-21,0
-6,0
-0,0
-0,0
-0,0
-2,0
-4,0
-8,0
-8,0
-13,0
-7,0
-25,0
-48,0
-118,0
-71,0
-86,0
-145,0
-123,0
-89,0
-120,0
-88,0
-52,0
-34,0
-17,0
-2,0
-0,0
-0,0
-1,0
-0,0
-1,0
-5,0
-5,0
-0,0
-0,0
-0,0
-0,0
-3,0
-60,0
-101,0
-75,0
-157,0
-103,0
-156,0
-197,0
-240,0
-198,0
-152,0
-52,0
-57,0
-41,0
-19,0
-13,0
-10,0
-18,0
-19,0
-27,0
-28,0
-11,0
-12,0
-24,0
-102,0
-210,0
-236,0
-278,0
-220,0
-225,0
-286,0
-313,0
-320,0
-168,0
-222,0
-224,0
-94,0
-50,0
-30,0
-25,0
-32,0
-63,0
-37,0
-21,0
-9,0
-15,0
-11,0
-15,0
-53,0
-244,0
-346,0
-395,0
-283,0
-284,0
-236,0
-114,0
-236,0
-131,0
-24,0
-71,0
-1,0
-0,0
-1,0
-11,0
-61,0
-133,0
-109,0
-13,0
-0,0
-1,0
-3,0
-0,0
-205,0
-294,0
-434,0
-474,0
-505,0
-443,0
-481,0
-535,0
-537,0
-405,0
-246,0
-171,0
-38,0
-7,0
-137,0
-236,0
-203,0
-260,0
-288,0
-155,0
-82,0
-281,0
-222,0
-209,0
-433,0
-413,0
-332,0
-285,0
-230,0
-244,0
-234,0
-175,0
-232,0
-33,0
-8,0
-0,0
-0,0
-0,0
-0,0
-0,0
-0,0
-0,0
-0,0
-0,0
-1,0
-5,0
-8,0
-3,0
-4,0
-104,0
-344,0
-387,0
-336,0
-263,0
-219,0
-243,0
-426,0
-209,0
-114,0
-56,0
-0,0
-9,0
-24,0
-9,0
-25,0
-25,0
-0,0
-5,0
-32,0
-23,0
-65,0
-137,0
-410,0
-391,0
-358,0
-434,0
-427,0
-442,0
-435,0
-384,0
-439,0
-300,0
-293,0
-231,0
-312,0
-253,0
-296,0
-227,0
-92,0
-81,0
-73,0
-49,0
-23,0
-15,0
-14,0
-6,0
-355,0
-506,0
-707,0
-619,0
-526,0
-449,0
-378,0
-296,0
-201,0
-152,0
-186,0
-190,0
-379,0
-330,0
-345,0
-332,0
-357,0
-340,0
-325,0
-287,0
-252,0
-293,0
-171,0
-107,0
-292,0
-243,0
-264,0
-236,0
-223,0
-223,0
-259,0
-373,0
-422,0
-152,0
-93,0
-142,0
-86,0
-36,0
-48,0
-34,0
-32,0
-25,0
-26,0
-24,0
-26,0
-35,0
-46,0
-87,0
-285,0
-315,0
-465,0
-362,0
-313,0
-280,0
-265,0
-274,0
-376,0
-219,0
-163,0
-147,0
-96,0
-48,0
-53,0
-65,0
-41,0
-45,0
-15,0
-18,0
-3,0
-5,0
-3,0
-0,0
-90,0
-159,0
-360,0
-374,0
-368,0
-345,0
-340,0
-282,0
-396,0
-311,0
-72,0
-85,0
-25,0
-20,0
-47,0
-148,0
-196,0
-158,0
-143,0
-70,0
-24,0
-5,0
-0,0
-0,0
-1,0
-56,0
-250,0
-285,0
-226,0
-196,0
-245,0
-274,0
-208,0
-147,0
-43,0
-1,0
-0,0
-0,0
-0,0
-0,0
-0,0
-0,0
-0,0
-0,0
-0,0
-0,0
-0,0
-0,0
-97,0
-144,0
-204,0
-283,0
-251,0
-194,0
-168,0
-156,0
-136,0
-120,0
-0,0
-1,0
-0,0
-0,0
-0,0
-0,0
-0,0
-0,0
-0,0
-0,0
-0,0
-0,0
-0,0
-0,0
-72,0
-201,0
-247,0
-267,0
-138,0
-90,0
-98,0
-125,0
-32,0
-1,0
-0,0
-0,0
-0,0
-0,0
-5,0
-12,0
-2,0
-2,0
-0,0
-8,0
-3,0
-0,0
-0,0
-0,0
-0,0
-117,0
-74,0
-139,0
-57,0
-41,0
-40,0
-46,0
-31,0
-9,0
-0,0
-0,0
-4,0
-41,0
-48,0
-51,0
-36,0
-21,0
-1,0
-2,0
-5,0
-3,0
-4,0
-54,0
-67,0
-80,0
-45,0
-20,0
-21,0
-26,0
-16,0
-22,0
-12,0
-0,0
-0,0
-8,0
-2,0
-42,0
-45,0
-44,0
-5,0
-0,0
-0,0
-0,0
-2,0
-0,0
-0,0
-0,0
-0,0
-87,0
-159,0
-218,0
-100,0
-58,0
-51,0
-60,0
-126,0
-148,0
-57,0
-45,0
-42,0
-19,0
-5,0
-8,0
-19,0
-83,0
-62,0
-19,0
-3,0
-0,0
-0,0
-0,0
-17,0
-138,0
-314,0
-286,0
-69,0
-56,0
-56,0
-50,0
-46,0
-75,0
-52,0
-44,0
-47,0
-36,0
-31,0
-31,0
-78,0
-111,0
-63,0
-264,0
-194,0
-227,0
-62,0
-76,0
-220,0
-351,0
-485,0
-372,0
-207,0
-137,0
-217,0
-332,0
-142,0
-38,0
-3,0
-0,0
-0,0
-0,0
-1,0
-0,0
-31,0
-25,0
-0,0
-0,0
-0,0
-0,0
-0,0
-0,0
-0,0
-0,0
-98,0
-107,0
-239,0
-241,0
-275,0
-85,0
-44,0
-10,0
-18,0
-25,0
-16,0
-71,0
-37,0
-75,0
-51,0
-26,0
-2,0
-6,0
-10,0
-6,0
-5,0
-4,0
-19,0
-31,0
-6,0
-132,0
-126,0
-103,0
-99,0
-51,0
-75,0
-29,0
-124,0
-123,0
-126,0
-166,0
-149,0
-170,0
-144,0
-138,0
-96,0
-157,0
-133,0
-76,0
-57,0
-86,0
-150,0
-111,0
-87,0
-69,0
-7,0
-6,0
-9,0
-26,0
-82,0
-78,0
-123,0
-94,0
-119,0
-133,0
-173,0
-178,0
-169,0
-160,0
-148,0
-106,0
-90,0
-83,0
-54,0
-49,0
-55,0
-56,0
-0,0
-22,0
-41,0
-37,0
-31,0
-38,0
-7,0
-61,0
-116,0
-126,0
-116,0
-61,0
-98,0
-145,0
-129,0
-124,0
-128,0
-166,0
-144,0
-84,0
-63,0
-78,0
-38,0
-15,0
-22,0
-22,0
-38,0
-36,0
-33,0
-31,0
-8,0
-10,0
-12,0
-60,0
-50,0
-76,0
-100,0
-67,0
-61,0
-22,0
-12,0
-24,0
-30,0
-24,0
-22,0
-22,0
-23,0
-23,0
-16,0
-55,0
-63,0
-50,0
-46,0
-34,0
-41,0
-40,0
-27,0
-13,0
-23,0
-54,0
-44,0
-9,0
-13,0
-12,0
-13,0
-18,0
-20,0
-23,0
-25,0
-24,0
-9,0
-0,0
-3,0
-49,0
-52,0
-46,0
-54,0
-40,0
-19,0
-19,0
-24,0
-24,0
-23,0
-40,0
-57,0
-50,0
-51,0
-60,0
-43,0
-28,0
-23,0
-23,0
-24,0
-22,0
-18,0
-9,0
-29,0
-90,0
-68,0
-78,0
-107,0
-61,0
-10,0
-18,0
-31,0
-27,0
-22,0
-20,0
-14,0
-12,0
-27,0
-16,0
-18,0
-20,0
-21,0
-20,0
-21,0
-20,0
-16,0
-41,0
-94,0
-81,0
-62,0
-45,0
-54,0
-48,0
-31,0
-22,0
-9,0
-9,0
-8,0
-8,0
-15,0
-16,0
-14,0
-16,0
-15,0
-17,0
-20,0
-26,0
-27,0
-19,0
-14,0
-53,0
-59,0
-148,0
-110,0
-99,0
-221,0
-175,0
-14,0
-10,0
-21,0
-21,0
-20,0
-20,0
-16,0
-15,0
-15,0
-17,0
-22,0
-23,0
-22,0
-20,0
-15,0
-14,0
-1,0
-9,0
-35,0
-71,0
-214,0
-196,0
-188,0
-56,0
-3,0
-1,0
-17,0
-19,0
-17,0
-16,0
-19,0
-13,0
-7,0
-6,0
-8,0
-17,0
-16,0
-18,0
-18,0
-14,0
-0,0
-22,0
-335,0
-423,0
-354,0
-223,0
-216,0
-149,0
-347,0
-383,0
-342,0
-305,0
-290,0
-291,0
-265,0
-295,0
-293,0
-357,0
-448,0
-379,0
-290,0
-164,0
-0,0
-285,0
-331,0
-303,0
-363,0
-320,0
-128,0
-60,0
-39,0
-39,0
-31,0
-323,0
-385,0
-371,0
-328,0
-327,0
-455,0
-581,0
-635,0
-776,0
-761,0
-680,0
-483,0
-255,0
-291,0
-390,0
-599,0
-837,0
-607,0
-407,0
-240,0
-217,0
-317,0
-295,0
-135,0
-1,0
-0,0
-0,0
-1,0
-0,0
-0,0
-0,0
-7,0
-7,0
-5,0
-13,0
-0,0
-0,0
-0,0
-2,0
-137,0
-406,0
-312,0
-403,0
-435,0
-377,0
-466,0
-507,0
-174,0
-124,0
-9,0
-8,0
-108,0
-98,0
-109,0
-84,0
-153,0
-131,0
-132,0
-55,0
-20,0
-5,0
-0,0
-56,0
-234,0
-286,0
-413,0
-428,0
-346,0
-267,0
-312,0
-313,0
-344,0
-42,0
-18,0
-8,0
-8,0
-2,0
-1,0
-2,0
-2,0
-1,0
-3,0
-0,0
-0,0
-0,0
-0,0
-0,0
-37,0
-341,0
-238,0
-234,0
-129,0
-100,0
-163,0
-344,0
-363,0
-108,0
-22,0
-13,0
-53,0
-29,0
-30,0
-28,0
-25,0
-61,0
-47,0
-10,0
-12,0
-6,0
-6,0
-76,0
-244,0
-396,0
-415,0
-222,0
-60,0
-54,0
-106,0
-210,0
-113,0
-101,0
-48,0
-44,0
-44,0
-43,0
-118,0
-53,0
-51,0
-56,0
-72,0
-58,0
-46,0
-13,0
-4,0
-88,0
-278,0
-449,0
-601,0
-506,0
-406,0
-363,0
-326,0
-291,0
-424,0
-502,0
-388,0
-404,0
-460,0
-425,0
-443,0
-563,0
-620,0
-601,0
-558,0
-441,0
-423,0
-239,0
-161,0
-292,0
-289,0
-273,0
-198,0
-45,0
-34,0
-36,0
-45,0
-96,0
-70,0
-126,0
-96,0
-141,0
-289,0
-322,0
-413,0
-465,0
-454,0
-554,0
-630,0
-554,0
-466,0
-140,0
-77,0
-164,0
-424,0
-419,0
-336,0
-212,0
-89,0
-91,0
-218,0
-301,0
-246,0
-46,0
-10,0
-0,0
-0,0
-0,0
-0,0
-57,0
-77,0
-76,0
-119,0
-86,0
-94,0
-2,0
-57,0
-69,0
-313,0
-391,0
-399,0
-280,0
-284,0
-232,0
-259,0
-247,0
-54,0
-2,0
-0,0
-0,0
-9,0
-21,0
-5,0
-5,0
-0,0
-0,0
-0,0
-0,0
-1,0
-6,0
-2,0
-0,0
-10,0
-37,0
-103,0
-62,0
-56,0
-46,0
-50,0
-58,0
-114,0
-9,0
-11,0
-19,0
-13,0
-0,0
-0,0
-0,0
-0,0
-0,0
-57,0
-0,0
-14,0
-6,0
-3,0
-278,0
-253,0
-309,0
-476,0
-352,0
-212,0
-215,0
-269,0
-346,0
-144,0
-7,0
-2,0
-4,0
-11,0
-2,0
-16,0
-2,0
-37,0
-6,0
-60,0
-86,0
-26,0
-4,0
-54,0
-213,0
-415,0
-680,0
-654,0
-576,0
-390,0
-321,0
-397,0
-475,0
-366,0
-195,0
-85,0
-6,0
-68,0
-212,0
-305,0
-254,0
-194,0
-307,0
-151,0
-176,0
-306,0
-10,0
-11,0
-98,0
-256,0
-369,0
-661,0
-500,0
-438,0
-353,0
-452,0
-471,0
-520,0
-540,0
-544,0
-546,0
-642,0
-629,0
-638,0
-587,0
-636,0
-628,0
-767,0
-722,0
-504,0
-305,0
-460,0
-581,0
-754,0
-827,0
-637,0
-563,0
-376,0
-338,0
-309,0
-344,0
-163,0
-472,0
-468,0
-574,0
-583,0
-484,0
-449,0
-461,0
-544,0
-608,0
-757,0
-693,0
-504,0
-172,0
-127,0
-254,0
-369,0
-584,0
-342,0
-253,0
-271,0
-245,0
-378,0
-442,0
-323,0
-264,0
-123,0
-154,0
-134,0
-129,0
-174,0
-120,0
-117,0
-185,0
-167,0
-221,0
-266,0
-165,0
-257,0
-327,0
-557,0
-658,0
-596,0
-713,0
-559,0
-546,0
-671,0
-634,0
-411,0
-258,0
-68,0
-108,0
-214,0
-191,0
-277,0
-233,0
-229,0
-186,0
-182,0
-97,0
-76,0
-6,0
-31,0
-40,0
-264,0
-412,0
-407,0
-374,0
-320,0
-267,0
-423,0
-537,0
-279,0
-181,0
-27,0
-42,0
-95,0
-83,0
-112,0
-123,0
-101,0
-94,0
-89,0
-36,0
-6,0
-10,0
-9,0
-171,0
-238,0
-270,0
-498,0
-399,0
-418,0
-374,0
-403,0
-672,0
-168,0
-62,0
-14,0
-18,0
-18,0
-17,0
-16,0
-15,0
-10,0
-23,0
-47,0
-52,0
-15,0
-17,0
-20,0
-12,0
-203,0
-487,0
-253,0
-170,0
-141,0
-90,0
-123,0
-305,0
-6,0
-3,0
-41,0
-64,0
-61,0
-93,0
-128,0
-142,0
-104,0
-79,0
-3,0
-3,0
-1,0
-64,0
-7,0
-82,0
-267,0
-360,0
-393,0
-302,0
-224,0
-201,0
-221,0
-185,0
-173,0
-41,0
-78,0
-87,0
-129,0
-136,0
-162,0
-158,0
-233,0
-286,0
-237,0
-154,0
-88,0
-76,0
-70,0
-112,0
-249,0
-436,0
-506,0
-437,0
-389,0
-405,0
-414,0
-399,0
-383,0
-472,0
-542,0
-494,0
-496,0
-464,0
-494,0
-515,0
-511,0
-560,0
-531,0
-485,0
-329,0
-188,0
-134,0
-268,0
-454,0
-459,0
-432,0
-387,0
-374,0
-386,0
-423,0
-447,0
-433,0
-170,0
-103,0
-143,0
-110,0
-135,0
-171,0
-199,0
-211,0
-207,0
-261,0
-196,0
-121,0
-93,0
-89,0
-203,0
-396,0
-467,0
-400,0
-272,0
-252,0
-217,0
-262,0
-300,0
-228,0
-151,0
-152,0
-138,0
-169,0
-184,0
-175,0
-169,0
-126,0
-106,0
-163,0
-140,0
-95,0
-105,0
-175,0
-262,0
-200,0
-321,0
-278,0
-193,0
-145,0
-146,0
-143,0
-157,0
-161,0
-91,0
-102,0
-123,0
-171,0
-176,0
-143,0
-167,0
-174,0
-181,0
-149,0
-116,0
-85,0
-112,0
-96,0
-178,0
-265,0
-257,0
-271,0
-157,0
-154,0
-168,0
-145,0
-257,0
-131,0
-90,0
-140,0
-193,0
-198,0
-149,0
-176,0
-146,0
-158,0
-105,0
-99,0
-47,0
-28,0
-28,0
-67,0
-186,0
-347,0
-476,0
-602,0
-475,0
-398,0
-375,0
-472,0
-470,0
-299,0
-23,0
-44,0
-92,0
-130,0
-137,0
-153,0
-79,0
-67,0
-62,0
-59,0
-45,0
-49,0
-66,0
-52,0
-94,0
-347,0
-459,0
-443,0
-427,0
-358,0
-295,0
-350,0
-388,0
-216,0
-209,0
-228,0
-278,0
-289,0
-287,0
-308,0
-348,0
-354,0
-349,0
-356,0
-269,0
-202,0
-166,0
-184,0
-288,0
-519,0
-630,0
-807,0
-805,0
-707,0
-664,0
-652,0
-583,0
-626,0
-779,0
-667,0
-729,0
-753,0
-691,0
-663,0
-630,0
-626,0
-625,0
-687,0
-553,0
-429,0
-395,0
-384,0
-510,0
-598,0
-651,0
-399,0
-382,0
-385,0
-347,0
-353,0
-392,0
-209,0
-95,0
-81,0
-187,0
-179,0
-173,0
-181,0
-131,0
-115,0
-121,0
-58,0
-16,0
-20,0
-14,0
-11,0
-54,0
-279,0
-342,0
-267,0
-292,0
-212,0
-166,0
-223,0
-243,0
-229,0
-151,0
-137,0
-103,0
-112,0
-80,0
-219,0
-184,0
-199,0
-242,0
-208,0
-105,0
-29,0
-104,0
-71,0
-243,0
-518,0
-511,0
-389,0
-404,0
-274,0
-232,0
-255,0
-238,0
-179,0
-91,0
-50,0
-81,0
-108,0
-109,0
-174,0
-119,0
-38,0
-73,0
-95,0
-102,0
-38,0
-28,0
-89,0
-190,0
-199,0
-154,0
-67,0
-47,0
-48,0
-84,0
-217,0
-408,0
-5,0
-7,0
-13,0
-15,0
-33,0
-28,0
-13,0
-15,0
-18,0
-16,0
-15,0
-13,0
-14,0
-17,0
-21,0
-14,0
-208,0
-233,0
-285,0
-184,0
-181,0
-107,0
-147,0
-65,0
-8,0
-11,0
-12,0
-42,0
-75,0
-90,0
-68,0
-72,0
-78,0
-88,0
-52,0
-10,0
-12,0
-16,0
-13,0
-74,0
-38,0
-210,0
-191,0
-286,0
-317,0
-233,0
-64,0
-45,0
-82,0
-119,0
-166,0
-150,0
-167,0
-223,0
-204,0
-222,0
-194,0
-199,0
-186,0
-79,0
-47,0
-107,0
-77,0
-123,0
-182,0
-167,0
-139,0
-173,0
-243,0
-241,0
-188,0
-272,0
-300,0
-202,0
-228,0
-193,0
-224,0
-221,0
-225,0
-342,0
-373,0
-443,0
-589,0
-449,0
-261,0
-50,0
-47,0
-213,0
-283,0
-315,0
-175,0
-160,0
-102,0
-104,0
-99,0
-72,0
-23,0
-14,0
-25,0
-73,0
-107,0
-126,0
-100,0
-97,0
-61,0
-56,0
-69,0
-33,0
-39,0
-24,0
-29,0
-74,0
-36,0
-86,0
-82,0
-59,0
-73,0
-69,0
-43,0
-49,0
-19,0
-7,0
-26,0
-115,0
-213,0
-286,0
-191,0
-208,0
-257,0
-231,0
-160,0
-14,0
-23,0
-27,0
-21,0
-29,0
-147,0
-146,0
-194,0
-178,0
-95,0
-75,0
-127,0
-165,0
-100,0
-25,0
-27,0
-23,0
-26,0
-32,0
-23,0
-40,0
-50,0
-108,0
-74,0
-26,0
-26,0
-16,0
-21,0
-23,0
-170,0
-171,0
-159,0
-181,0
-113,0
-77,0
-176,0
-100,0
-37,0
-14,0
-77,0
-69,0
-88,0
-89,0
-42,0
-35,0
-77,0
-74,0
-15,0
-8,0
-13,0
-13,0
-19,0
-86,0
-367,0
-530,0
-236,0
-80,0
-108,0
-110,0
-75,0
-62,0
-130,0
-202,0
-224,0
-179,0
-78,0
-83,0
-47,0
-81,0
-83,0
-41,0
-8,0
-16,0
-12,0
-31,0
-5,0
-46,0
-96,0
-161,0
-331,0
-373,0
-415,0
-392,0
-399,0
-393,0
-272,0
-155,0
-160,0
-168,0
-234,0
-211,0
-199,0
-176,0
-236,0
-261,0
-164,0
-101,0
-44,0
-34,0
-64,0
-233,0
-283,0
-309,0
-543,0
-369,0
-224,0
-162,0
-192,0
-168,0
-211,0
-309,0
-281,0
-205,0
-205,0
-188,0
-151,0
-156,0
-178,0
-323,0
-306,0
-181,0
-34,0
-30,0
-243,0
-233,0
-246,0
-270,0
-446,0
-452,0
-306,0
-312,0
-257,0
-355,0
-197,0
-22,0
-34,0
-27,0
-63,0
-59,0
-31,0
-47,0
-65,0
-50,0
-19,0
-33,0
-27,0
-35,0
-34,0
-25,0
-199,0
-82,0
-106,0
-182,0
-204,0
-178,0
-306,0
-229,0
-42,0
-19,0
-10,0
-36,0
-38,0
-83,0
-83,0
-85,0
-77,0
-60,0
-27,0
-12,0
-11,0
-14,0
-2,0
-4,0
-59,0
-77,0
-109,0
-169,0
-94,0
-64,0
-143,0
-146,0
-229,0
-358,0
-348,0
-315,0
-122,0
-51,0
-82,0
-200,0
-252,0
-280,0
-296,0
-364,0
-195,0
-94,0
-202,0
-296,0
-185,0
-209,0
-488,0
-442,0
-243,0
-214,0
-341,0
-479,0
-392,0
-174,0
-183,0
-197,0
-347,0
-313,0
-312,0
-407,0
-468,0
-366,0
-266,0
-269,0
-16,0
-81,0
-173,0
-391,0
-513,0
-498,0
-494,0
-467,0
-295,0
-260,0
-334,0
-442,0
-255,0
-123,0
-99,0
-209,0
-288,0
-288,0
-384,0
-290,0
-437,0
-394,0
-255,0
-173,0
-45,0
-210,0
-175,0
-270,0
-291,0
-383,0
-459,0
-447,0
-441,0
-380,0
-393,0
-378,0
-292,0
-270,0
-283,0
-313,0
-335,0
-347,0
-309,0
-422,0
-372,0
-403,0
-268,0
-226,0
-88,0
-75,0
-102,0
-216,0
-219,0
-382,0
-397,0
-524,0
-493,0
-464,0
-450,0
-405,0
-371,0
-366,0
-372,0
-271,0
-346,0
-329,0
-333,0
-233,0
-211,0
-300,0
-329,0
-393,0
-285,0
-188,0
-128,0
-269,0
-300,0
-219,0
-44,0
-226,0
-217,0
-148,0
-155,0
-265,0
-376,0
-136,0
-122,0
-199,0
-237,0
-257,0
-272,0
-283,0
-298,0
-326,0
-251,0
-485,0
-483,0
-341,0
-525,0
-544,0
-422,0
-477,0
-658,0
-679,0
-639,0
-572,0
-564,0
-635,0
-587,0
-214,0
-69,0
-112,0
-144,0
-193,0
-210,0
-219,0
-234,0
-208,0
-123,0
-54,0
-280,0
-199,0
-86,0
-225,0
-404,0
-433,0
-511,0
-546,0
-442,0
-284,0
-189,0
-276,0
-400,0
-296,0
-267,0
-330,0
-288,0
-213,0
-201,0
-161,0
-163,0
-291,0
-315,0
-344,0
-214,0
-167,0
-240,0
-313,0
-346,0
-541,0
-513,0
-370,0
-290,0
-154,0
-131,0
-281,0
-527,0
-444,0
-362,0
-435,0
-422,0
-397,0
-416,0
-497,0
-495,0
-536,0
-386,0
-384,0
-308,0
-364,0
-409,0
-400,0
-571,0
-620,0
-622,0
-674,0
-603,0
-421,0
-398,0
-486,0
-704,0
-699,0
-746,0
-847,0
-891,0
-935,0
-874,0
-846,0
-883,0
-950,0
-888,0
-795,0
-559,0
-544,0
-489,0
-569,0
-690,0
-886,0
-837,0
-686,0
-587,0
-500,0
-459,0
-420,0
-456,0
-401,0
-636,0
-542,0
-555,0
-597,0
-547,0
-595,0
-587,0
-581,0
-621,0
-612,0
-396,0
-344,0
-348,0
-346,0
-291,0
-530,0
-410,0
-462,0
-294,0
-150,0
-62,0
-54,0
-127,0
-159,0
-325,0
-343,0
-420,0
-503,0
-532,0
-481,0
-451,0
-710,0
-844,0
-790,0
-722,0
-684,0
-734,0
-735,0
-733,0
-671,0
-619,0
-413,0
-118,0
-45,0
-43,0
-107,0
-287,0
-212,0
-358,0
-465,0
-422,0
-289,0
-247,0
-301,0
-413,0
-345,0
-425,0
-345,0
-320,0
-287,0
-235,0
-127,0
-40,0
-97,0
-87,0
-296,0
-223,0
-181,0
-99,0
-183,0
-275,0
-283,0
-309,0
-305,0
-163,0
-125,0
-60,0
-320,0
-403,0
-539,0
-532,0
-716,0
-548,0
-382,0
-284,0
-110,0
-94,0
-142,0
-200,0
-182,0
-61,0
-40,0
-45,0
-137,0
-358,0
-290,0
-58,0
-56,0
-53,0
-42,0
-34,0
-30,0
-130,0
-255,0
-337,0
-313,0
-232,0
-66,0
-144,0
-159,0
-160,0
-138,0
-60,0
-128,0
-30,0
-51,0
-28,0
-66,0
-220,0
-72,0
-121,0
-28,0
-11,0
-12,0
-12,0
-9,0
-181,0
-331,0
-284,0
-346,0
-261,0
-181,0
-183,0
-255,0
-256,0
-439,0
-392,0
-198,0
-69,0
-68,0
-80,0
-226,0
-434,0
-468,0
-357,0
-249,0
-264,0
-198,0
-201,0
-243,0
-298,0
-348,0
-190,0
-260,0
-105,0
-96,0
-94,0
-81,0
-74,0
-126,0
-74,0
-153,0
-59,0
-68,0
-72,0
-122,0
-237,0
-265,0
-242,0
-156,0
-191,0
-176,0
-192,0
-327,0
-339,0
-369,0
-445,0
-339,0
-193,0
-84,0
-81,0
-74,0
-69,0
-58,0
-55,0
-63,0
-98,0
-91,0
-83,0
-85,0
-93,0
-90,0
-69,0
-55,0
-42,0
-51,0
-45,0
-50,0
-45,0
-69,0
-104,0
-220,0
-81,0
-81,0
-75,0
-75,0
-76,0
-71,0
-72,0
-68,0
-59,0
-0,0
-0,0
-73,0
-175,0
-127,0
-70,0
-75,0
-81,0
-88,0
-88,0
-135,0
-220,0
-298,0
-319,0
-401,0
-407,0
-315,0
-243,0
-252,0
-218,0
-294,0
-173,0
-87,0
-81,0
-77,0
-78,0
-83,0
-89,0
-88,0
-92,0
-0,0
-90,0
-88,0
-76,0
-81,0
-88,0
-92,0
-86,0
-79,0
-67,0
-74,0
-83,0
-87,0
-87,0
-88,0
-82,0
-71,0
-59,0
-51,0
-67,0
-69,0
-89,0
-62,0
-50,0
-56,0
-52,0
-24,0
-34,0
-35,0
-31,0
-31,0
-38,0
-48,0
-37,0
-34,0
-38,0
-27,0
-30,0
-42,0
-29,0
-109,0
-107,0
-91,0
-90,0
-128,0
-274,0
-85,0
-75,0
-60,0
-50,0
-42,0
-40,0
-59,0
-47,0
-41,0
-41,0
-46,0
-42,0
-56,0
-49,0
-54,0
-76,0
-95,0
-82,0
-76,0
-64,0
-66,0
-68,0
-73,0
-180,0
-153,0
-45,0
-22,0
-25,0
-23,0
-23,0
-29,0
-32,0
-41,0
-47,0
-45,0
-53,0
-44,0
-43,0
-46,0
-48,0
-83,0
-83,0
-70,0
-59,0
-51,0
-47,0
-57,0
-62,0
-63,0
-38,0
-36,0
-36,0
-34,0
-27,0
-21,0
-14,0
-20,0
-38,0
-54,0
-39,0
-38,0
-34,0
-47,0
-40,0
-83,0
-54,0
-173,0
-210,0
-190,0
-163,0
-150,0
-107,0
-58,0
-47,0
-35,0
-28,0
-28,0
-25,0
-25,0
-30,0
-167,0
-350,0
-522,0
-441,0
-371,0
-373,0
-361,0
-228,0
-181,0
-70,0
-66,0
-98,0
-0,0
-68,0
-82,0
-136,0
-78,0
-43,0
-41,0
-47,0
-35,0
-44,0
-42,0
-39,0
-35,0
-31,0
-51,0
-43,0
-46,0
-48,0
-53,0
-55,0
-148,0
-80,0
-468,0
-286,0
-234,0
-433,0
-650,0
-709,0
-352,0
-311,0
-201,0
-90,0
-86,0
-72,0
-94,0
-66,0
-116,0
-111,0
-234,0
-77,0
-52,0
-59,0
-58,0
-53,0
-64,0
-48,0
-57,0
-57,0
-43,0
-52,0
-70,0
-83,0
-22,0
-19,0
-20,0
-19,0
-18,0
-20,0
-16,0
-18,0
-18,0
-14,0
-16,0
-22,0
-37,0
-26,0
-20,0
-17,0
-33,0
-23,0
-29,0
-20,0
-26,0
-28,0
-23,0
-29,0
-13,0
-11,0
-12,0
-15,0
-15,0
-13,0
-13,0
-16,0
-30,0
-14,0
-25,0
-25,0
-8,0
-6,0
-10,0
-21,0
-25,0
-29,0
-25,0
-20,0
-19,0
-23,0
-26,0
-20,0
-10,0
-20,0
-11,0
-11,0
-12,0
-24,0
-14,0
-37,0
-50,0
-5,0
-2,0
-2,0
-10,0
-12,0
-8,0
-8,0
-51,0
-26,0
-42,0
-40,0
-26,0
-27,0
-32,0
-22,0
-61,0
-352,0
-324,0
-407,0
-431,0
-421,0
-399,0
-350,0
-330,0
-367,0
-407,0
-409,0
-276,0
-234,0
-259,0
-186,0
-140,0
-36,0
-215,0
-99,0
-37,0
-38,0
-56,0
-100,0
-38,0
-243,0
-277,0
-308,0
-321,0
-217,0
-179,0
-228,0
-333,0
-450,0
-464,0
-270,0
-165,0
-174,0
-175,0
-117,0
-83,0
-29,0
-16,0
-25,0
-34,0
-37,0
-27,0
-25,0
-16,0
-24,0
-15,0
-7,0
-6,0
-2,0
-6,0
-6,0
-5,0
-25,0
-19,0
-17,0
-15,0
-16,0
-12,0
-18,0
-25,0
-18,0
-18,0
-22,0
-32,0
-27,0
-26,0
-19,0
-18,0
-23,0
-42,0
-132,0
-149,0
-160,0
-140,0
-54,0
-51,0
-61,0
-59,0
-57,0
-57,0
-56,0
-48,0
-129,0
-252,0
-46,0
-46,0
-66,0
-54,0
-50,0
-58,0
-218,0
-47,0
-51,0
-55,0
-54,0
-54,0
-61,0
-69,0
-62,0
-138,0
-77,0
-75,0
-60,0
-55,0
-55,0
-60,0
-66,0
-119,0
-74,0
-177,0
-169,0
-78,0
-71,0
-82,0
-301,0
-117,0
-89,0
-84,0
-88,0
-96,0
-83,0
-89,0
-70,0
-71,0
-63,0
-60,0
-44,0
-45,0
-47,0
-57,0
-58,0
-205,0
-59,0
-61,0
-62,0
-61,0
-62,0
-69,0
-69,0
-54,0
-42,0
-27,0
-27,0
-18,0
-19,0
-26,0
-26,0
-31,0
-40,0
-23,0
-17,0
-16,0
-31,0
-40,0
-32,0
-48,0
-41,0
-62,0
-66,0
-69,0
-69,0
-68,0
-51,0
-36,0
-53,0
-61,0
-66,0
-61,0
-69,0
-62,0
-53,0
-56,0
-62,0
-57,0
-37,0
-15,0
-17,0
-15,0
-35,0
-25,0
-27,0
-114,0
-129,0
-156,0
-138,0
-145,0
-173,0
-114,0
-80,0
-66,0
-24,0
-3,0
-4,0
-5,0
-17,0
-29,0
-94,0
-142,0
-47,0
-38,0
-35,0
-23,0
-25,0
-24,0
-52,0
-104,0
-73,0
-66,0
-76,0
-92,0
-129,0
-33,0
-29,0
-12,0
-13,0
-14,0
-17,0
-19,0
-20,0
-20,0
-17,0
-17,0
-20,0
-22,0
-23,0
-22,0
-19,0
-34,0
-45,0
-96,0
-81,0
-80,0
-77,0
-174,0
-400,0
-59,0
-263,0
-229,0
-222,0
-241,0
-271,0
-248,0
-240,0
-216,0
-202,0
-155,0
-65,0
-38,0
-30,0
-25,0
-22,0
-51,0
-48,0
-270,0
-167,0
-83,0
-78,0
-154,0
-282,0
-52,0
-34,0
-21,0
-24,0
-21,0
-20,0
-26,0
-35,0
-39,0
-76,0
-40,0
-19,0
-13,0
-14,0
-12,0
-13,0
-32,0
-42,0
-199,0
-88,0
-81,0
-82,0
-99,0
-225,0
-55,0
-45,0
-32,0
-32,0
-26,0
-25,0
-27,0
-27,0
-32,0
-36,0
-16,0
-10,0
-11,0
-9,0
-21,0
-20,0
-41,0
-41,0
-75,0
-71,0
-69,0
-70,0
-70,0
-187,0
-33,0
-42,0
-44,0
-40,0
-38,0
-24,0
-17,0
-16,0
-15,0
-14,0
-15,0
-13,0
-10,0
-11,0
-11,0
-10,0
-23,0
-21,0
-292,0
-242,0
-243,0
-251,0
-306,0
-280,0
-32,0
-28,0
-21,0
-19,0
-12,0
-14,0
-54,0
-147,0
-171,0
-120,0
-29,0
-24,0
-25,0
-28,0
-78,0
-238,0
-268,0
-214,0
-429,0
-446,0
-406,0
-410,0
-366,0
-396,0
-346,0
-168,0
-145,0
-191,0
-211,0
-211,0
-224,0
-234,0
-295,0
-197,0
-76,0
-78,0
-116,0
-111,0
-221,0
-261,0
-353,0
-350,0
-474,0
-471,0
-351,0
-301,0
-377,0
-547,0
-199,0
-38,0
-25,0
-27,0
-29,0
-27,0
-31,0
-34,0
-42,0
-40,0
-28,0
-20,0
-18,0
-18,0
-18,0
-50,0
-252,0
-209,0
-247,0
-154,0
-177,0
-123,0
-196,0
-172,0
-25,0
-32,0
-64,0
-71,0
-124,0
-176,0
-210,0
-76,0
-21,0
-22,0
-0,0
-31,0
-47,0
-50,0
-46,0
-58,0
-274,0
-239,0
-467,0
-385,0
-295,0
-229,0
-344,0
-541,0
-43,0
-44,0
-50,0
-44,0
-40,0
-0,0
-42,0
-39,0
-36,0
-31,0
-31,0
-18,0
-12,0
-11,0
-10,0
-16,0
-37,0
-47,0
-122,0
-82,0
-80,0
-76,0
-112,0
-279,0
-32,0
-37,0
-48,0
-46,0
-49,0
-86,0
-0,0
-45,0
-55,0
-46,0
-54,0
-52,0
-43,0
-41,0
-39,0
-50,0
-156,0
-247,0
-273,0
-136,0
-85,0
-81,0
-142,0
-262,0
-48,0
-48,0
-70,0
-67,0
-61,0
-42,0
-41,0
-43,0
-65,0
-44,0
-49,0
-37,0
-43,0
-44,0
-9,0
-34,0
-45,0
-54,0
-84,0
-68,0
-56,0
-45,0
-56,0
-67,0
-62,0
-67,0
-55,0
-101,0
-138,0
-135,0
-50,0
-49,0
-57,0
-66,0
-47,0
-43,0
-35,0
-25,0
-26,0
-20,0
-38,0
-39,0
-106,0
-84,0
-79,0
-64,0
-66,0
-56,0
-61,0
-59,0
-63,0
-56,0
-76,0
-80,0
-69,0
-157,0
-274,0
-295,0
-395,0
-314,0
-186,0
-183,0
-113,0
-54,0
-107,0
-119,0
-86,0
-83,0
-71,0
-64,0
-75,0
-230,0
-65,0
-55,0
-53,0
-52,0
-60,0
-67,0
-0,0
-88,0
-281,0
-254,0
-158,0
-110,0
-58,0
-93,0
-162,0
-237,0
-377,0
-319,0
-411,0
-383,0
-233,0
-204,0
-253,0
-358,0
-170,0
-122,0
-75,0
-70,0
-68,0
-78,0
-97,0
-190,0
-216,0
-236,0
-138,0
-59,0
-49,0
-43,0
-43,0
-40,0
-54,0
-59,0
-342,0
-238,0
-209,0
-221,0
-284,0
-449,0
-94,0
-121,0
-58,0
-53,0
-55,0
-53,0
-0,0
-100,0
-108,0
-115,0
-13,0
-48,0
-49,0
-44,0
-0,0
-53,0
-202,0
-225,0
-449,0
-385,0
-347,0
-348,0
-463,0
-553,0
-63,0
-52,0
-63,0
-52,0
-79,0
-211,0
-138,0
-68,0
-70,0
-47,0
-50,0
-0,0
-48,0
-54,0
-145,0
-12,0
-284,0
-123,0
-377,0
-339,0
-214,0
-119,0
-116,0
-216,0
-82,0
-38,0
-45,0
-51,0
-68,0
-66,0
-74,0
-72,0
-73,0
-78,0
-80,0
-37,0
-103,0
-76,0
-148,0
-205,0
-385,0
-465,0
-643,0
-587,0
-476,0
-532,0
-498,0
-599,0
-523,0
-496,0
-644,0
-627,0
-621,0
-609,0
-666,0
-662,0
-615,0
-631,0
-611,0
-462,0
-289,0
-318,0
-210,0
-159,0
-167,0
-57,0
-117,0
-177,0
-58,0
-48,0
-51,0
-66,0
-113,0
-74,0
-60,0
-60,0
-52,0
-80,0
-106,0
-203,0
-256,0
-199,0
-209,0
-123,0
-70,0
-46,0
-23,0
-19,0
-36,0
-40,0
-45,0
-44,0
-48,0
-27,0
-26,0
-44,0
-25,0
-0,0
-0,0
-10,0
-32,0
-33,0
-125,0
-141,0
-136,0
-87,0
-58,0
-38,0
-36,0
-31,0
-16,0
-19,0
-79,0
-30,0
-28,0
-38,0
-96,0
-56,0
-49,0
-48,0
-15,0
-3,0
-2,0
-0,0
-0,0
-0,0
-3,0
-16,0
-12,0
-22,0
-26,0
-13,0
-10,0
-7,0
-6,0
-6,0
-27,0
-29,0
-431,0
-458,0
-362,0
-315,0
-253,0
-267,0
-127,0
-154,0
-193,0
-108,0
-39,0
-64,0
-57,0
-161,0
-264,0
-111,0
-386,0
-134,0
-36,0
-39,0
-33,0
-36,0
-240,0
-176,0
-81,0
-46,0
-26,0
-24,0
-29,0
-42,0
-14,0
-11,0
-9,0
-7,0
-7,0
-7,0
-6,0
-6,0
-3,0
-16,0
-30,0
-24,0
-15,0
-4,0
-6,0
-7,0
-17,0
-21,0
-18,0
-43,0
-48,0
-49,0
-118,0
-182,0
-21,0
-18,0
-18,0
-21,0
-17,0
-14,0
-17,0
-18,0
-25,0
-27,0
-34,0
-23,0
-16,0
-18,0
-21,0
-30,0
-73,0
-108,0
-386,0
-258,0
-138,0
-89,0
-109,0
-176,0
-32,0
-72,0
-127,0
-144,0
-155,0
-85,0
-41,0
-52,0
-67,0
-108,0
-260,0
-154,0
-80,0
-94,0
-80,0
-116,0
-161,0
-170,0
-242,0
-167,0
-86,0
-94,0
-35,0
-47,0
-21,0
-24,0
-28,0
-25,0
-20,0
-22,0
-15,0
-17,0
-21,0
-38,0
-262,0
-201,0
-66,0
-37,0
-26,0
-11,0
-26,0
-61,0
-20,0
-19,0
-37,0
-34,0
-43,0
-52,0
-25,0
-15,0
-11,0
-15,0
-16,0
-8,0
-12,0
-19,0
-33,0
-53,0
-77,0
-138,0
-106,0
-129,0
-220,0
-269,0
-336,0
-370,0
-616,0
-497,0
-503,0
-447,0
-395,0
-348,0
-62,0
-36,0
-17,0
-17,0
-25,0
-15,0
-5,0
-1,0
-1,0
-0,0
-7,0
-6,0
-24,0
-67,0
-99,0
-51,0
-56,0
-73,0
-0,0
-0,0
-0,0
-0,0
-0,0
-0,0
-0,0
-0,0
-0,0
-0,0
-0,0
-0,0
-0,0
-0,0
-0,0
-0,0
-0,0
-0,0
-0,0
-0,0
-0,0
-0,0
-0,0
-0,0
