151,691384485069
137,2897110621496
138,5799736023311
137,2362307654849
137,0757698271372
137,5269061830671
136,1785103056528
137,7257283529008
138,9538393656775
136,8625310262406
137,4548947228688
136,2603788588144
136,6198949602277
145,1368198395137
143,5202362696692
151,4692319022647
151,5498763402665
145,3408630583384
144,0569910473656
138,3566317876542
138,817418628305
137,9970982869828
139,8587274763681
137,4126816432043
139,1182989544701
137,8349629508487
137,6480190065534
143,7678994285098
147,622853363921
150,0961821662417
150,373587311675
154,2107625113955
176,6347069846621
193,1130737516977
202,01528239783622
206,45500685377561
226,0701140510073
232,5168041441538
237,2265186098249
237,359075355566
234,6782423867482
233,4344332589406
231,6009747187659
230,1684196684458
229,0259252972435
229,6794744068084
228,877520158592
226,9918484158348
224,35
225,18
222,72
226,67
228,72
264,5
270,15
287,51
302,24
312,23
313,67
318,57
319,9
323,45
324,38
324,6
324,74
325,74
325,2
324,64
324,53999999999996
328,6
331,11
328,42
324,14
315,82
301,84
301,51
303,83
311,0
318,45000000000005
313,63
315,65999999999997
317,1
315,6
325,23
322,59000000000003
317,28000000000003
317,95
325,24
329,85
329,12
334,17
334,23
333,69
338,24
339,34
337,55
335,29999999999995
326,77
325,21
325,91999999999996
326,23
327,77
325,55
319,9
321,81
315,51
324,21
333,69
332,01
331,81
329,74
332,65
332,04999999999995
331,28
330,15999999999997
336,03999999999996
339,28999999999996
341,39
342,5
342,18
337,90999999999997
324,52
310,06
306,26
305,27
317,12
326,67
318,38
319,21000000000004
317,99
323,25
322,22
319,81
325,37
330,99
322,15
318,69
316,38
312,11
311,97
309,91999999999996
315,17
314,40999999999997
320,07
319,59000000000003
320,14
323,25
327,85
332,84000000000003
333,24
334,31
329,08000000000004
331,57
327,83000000000004
340,62
338,03
338,65
335,97
332,51
324,63
321,73
331,01
331,82
330,37
331,81
333,86
332,73
332,52
332,37
334,52
330,99
321,7
321,0
317,15
316,94
322,48
316,89
314,26
319,46
331,58
327,64
319,9
329,36
334,86
336,74
335,06
336,08
334,92
336,42
334,92
335,37
332,75
333,14
326,35
321,73
323,83000000000004
323,99
318,18
318,73
314,46000000000004
311,61
311,54999999999995
311,1
310,90999999999997
311,24
314,58
315,13
316,78
316,44
311,84000000000003
314,4
312,15999999999997
313,40999999999997
323,46000000000004
340,71000000000004
345,9
342,96
316,18
313,97
309,89
308,51
311,67
322,69
327,69
327,65
314,28
308,87
319,78
324,14
331,59
336,35
342,12
338,51
339,04999999999995
340,02
338,03
337,98
338,67999999999995
328,71000000000004
325,41
309,88
305,09
306,44
307,76
308,87
309,08000000000004
323,15
334,77
336,65999999999997
342,06
339,85
338,67
337,2
342,71000000000004
333,08000000000004
329,62
324,06
330,69
328,29
336,81
338,74
337,77
330,59000000000003
327,89
327,07000000000005
309,01
306,62
306,51
306,45
313,59000000000003
324,18
324,12
323,3
324,62
333,03
339,78999999999996
341,22
335,37
335,42
336,1
332,35
330,06
329,57
326,72
326,28
332,47
339,98
339,78000000000003
319,52
298,38
296,95
297,78
295,17
293,57000000000005
294,08
304,25
315,09999999999997
327,61
331,41999999999996
331,11
326,16
326,05
323,9
317,8
319,72
316,03
309,19
310,62
311,58
323,73
334,87
334,93
315,13
305,28
306,14
304,27
300,0
302,34000000000003
319,97
323,41999999999996
321,17
321,94
315,27
319,36
319,4
320,11
320,5
318,03999999999996
318,95
324,34000000000003
326,24
321,76
329,98
326,03000000000003
332,26
332,06
327,1
307,40999999999997
303,65
302,86
304,5
309,03
328,47
332,23
331,97
330,88
330,01
335,35
327,76
321,06
318,75
316,95
319,54
323,15
327,7
323,59000000000003
330,37
329,41
339,17
340,46000000000004
328,74
332,36
313,67
310,67
317,32
321,34999999999997
326,68
325,75
320,58
325,07
336,46000000000004
339,82
338,37
340,35
337,21000000000004
332,78
320,77
322,54
321,6
323,55
323,62
331,11
337,07
336,43
324,34000000000003
323,33
322,05
310,95000000000005
307,15999999999997
310,44
314,13
319,63
317,47
314,53999999999996
315,75
323,62
335,55
325,61
329,24
328,42
329,51
327,19
326,74
330,3
327,03999999999996
329,53000000000003
332,74
329,89
311,56
296,23
293,9
292,77
292,74
305,14
317,15999999999997
322,5
323,88
329,01
329,08000000000004
317,56
324,91999999999996
315,83000000000004
311,28999999999996
319,29
318,47
320,01
326,79
319,98
323,28000000000003
333,3
341,83
342,68999999999994
330,53000000000003
308,55
293,82
302,25
304,62
302,96000000000004
301,88
319,19
337,95
341,85
337,91
335,76
333,01
332,03000000000003
336,39
336,14
337,1
333,23
336,90999999999997
332,41999999999996
332,19
338,8
330,82
322,76
319,24
312,02
309,42
305,05
297,18
292,15999999999997
300,24
304,6
308,74
324,55
329,89
330,01
329,68
333,59999999999997
331,07
333,08000000000004
334,13
328,9
323,98
323,56
324,97
332,64
332,52
319,41999999999996
325,06
314,68
306,25
298,44
300,39
300,51
314,55999999999995
314,6
317,79999999999995
324,83
322,74
318,94
323,88
324,11
322,9
326,45
315,0
324,12
320,61
319,02
332,38
330,59000000000003
335,19
332,13
335,06000000000006
324,53999999999996
322,5
320,01
316,85
318,2
320,51
325,14
318,51
313,62
312,21
314,03
314,91
313,81
327,77
325,45000000000005
330,64
329,24
327,84000000000003
325,33000000000004
329,47
332,19
328,97
332,96
326,12
308,46999999999997
305,7
304,59999999999997
301,74
314,78
325,56
328,53000000000003
324,42999999999995
316,85
306,83
304,86
306,39
300,94
305,52
311,63
314,58
319,12
324,29999999999995
327,35
322,89
327,98
325,42
326,04
328,47
330,26
317,75
309,35
310,83
311,48
312,27
311,32
312,78999999999996
309,83
306,8
315,79
312,76
302,39
306,19
304,96
307,06
309,62
308,84
313,06999999999994
310,39
310,95
331,39
331,21
321,71
317,17
306,67
305,16999999999996
308,39
315,54999999999995
321,89
322,48
317,59000000000003
315,41999999999996
312,57
314,99
321,77
322,76
320,89
322,28000000000003
320,9
321,94
321,1
318,4
315,78
319,45
317,72
319,04
318,8
323,34000000000003
318,31
316,34
316,17
315,56
313,82
318,27
327,03000000000003
329,87
333,52
336,32
339,26
331,02
325,74
322,45
314,55
307,95000000000005
310,32
310,82
307,76
305,15
311,53999999999996
312,96000000000004
310,7
310,73
308,91999999999996
305,52
302,21000000000004
305,46000000000004
314,93
314,15000000000003
323,61
332,47
331,65999999999997
334,51
337,02
333,83000000000004
336,2
332,87
335,1
332,27
329,41999999999996
324,55
326,37
328,12
316,47
295,87
298,06
297,87
294,04999999999995
297,28999999999996
293,48
315,81
329,65
329,91
330,25
324,15
328,54
326,26
328,22
327,26
329,65999999999997
329,75
330,75
331,08000000000004
334,99
335,65
331,86
334,95
340,54
331,78999999999996
321,08000000000004
296,38
297,13
289,96
290,01
304,64
317,6
315,0
310,45000000000005
316,57
314,03
308,49
303,62
309,26
325,06
324,58000000000004
322,66999999999996
317,14
313,6
319,73
315,78000000000003
314,78
332,13
330,08
328,5
315,88
307,67
306,45000000000005
305,47999999999996
316,21999999999997
319,62
320,67999999999995
309,40000000000003
302,99
306,0
305,24
306,78999999999996
308,44
309,28999999999996
313,05
317,72999999999996
325,54
319,52
317,58000000000004
320,36
329,09000000000003
329,47
330,88
327,56
311,86
302,68
303,94
309,01
317,03000000000003
317,0
305,47
308,43
309,20000000000005
302,04999999999995
301,59999999999997
304,46000000000004
307,3
310,91
307,94
306,22
304,51
306,41999999999996
321,75
322,31
322,6
326,83
323,49
323,16
308,79999999999995
312,75
309,90000000000003
309,45
313,17999999999995
310,88
318,02
319,28999999999996
323,1
325,85999999999996
325,97
323,85
325,82
326,40999999999997
325,42
323,21
326,85
325,33
328,12
324,9
321,69
317,12
321,98
318,16999999999996
308,48
302,61
304,52
305,18999999999994
305,24
304,44
309,96000000000004
302,53000000000003
294,72999999999996
294,61
301,67999999999995
301,73
300,5
303,83
299,5
299,66
297,78
298,38
298,83
299,58
304,40000000000003
306,26
315,01
318,92
295,81
300,81
210,38
208,01
209,14
207,04
207,64
205,49
206,5
210,20999999999998
214,7
218,68
232,04000000000002
238,33999999999997
234,0
233,37
235,73000000000002
233,95999999999998
233,48999999999998
229,68
234,5
213,88
211,18
206,95999999999998
200,48000000000002
202,72
202,63
203,22
203,44
204,18
205,39999999999998
226,74
227,34
229,7
230,72
229,82
230,45999999999998
230,1
235,13
234,09
235,31
236,60000000000002
231,72
232,87
236,7
238,14
235,95999999999998
223,34
212,07
209,39
210,89
211,5
209,37
212,2
224,2
228,64
229,24
229,89
229,64
229,59
230,23999999999998
235,14999999999998
236,14
234,68
238,07999999999998
238,48000000000002
239,53000000000003
235,09
235,22000000000003
236,33
232,25
217,24
215,33999999999997
215,32
216,01
219,37
222,24
227,51999999999998
234,28
234,88
232,38
229,68
230,69
236,59
236,69
237,8
237,09
235,34
234,88
232,99
234,0
229,21999999999997
231,29
231,19
230,31
215,28
216,02999999999997
213,83999999999997
214,35999999999999
214,95999999999998
215,84
229,24
228,70999999999998
231,85000000000002
234,46
231,78
230,46
226,06
226,02
227,16
230,29000000000002
231,0
232,01
229,93
227,08
230,54000000000002
229,56
230,63
228,94
215,77999999999997
214,52999999999997
216,43
215,81
214,38
218,19
232,78
233,14
231,28
230,84
232,38
230,17
233,94
236,65
235,72000000000003
238,39999999999998
237,08
235,13
236,5
235,42000000000002
237,3
239,42999999999998
238,95999999999998
233,36
236,53
233,93
234,04000000000002
236,84000000000003
231,34000000000003
233,97
233,54000000000002
237,22000000000003
237,14
238,42999999999998
239,56
242,63000000000002
242,0
241,87
240,04000000000002
235,60999999999999
234,44
233,18
233,11
231,91
232,76999999999998
234,66
238,61
226,0
221,44
218,44
218,9
219,26
219,12
222,07999999999998
230,67
231,1
231,61
228,54
233,24
237,40000000000003
237,07
233,21
229,8
228,81
225,62
225,33
226,35999999999999
227,18
221,82999999999998
224,2
225,73000000000002
224,42
221,39999999999998
220,98000000000002
219,38
209,84
209,26
224,12
229,62
232,2
236,84
232,10000000000002
230,31
229,95999999999998
231,39000000000001
232,42000000000002
231,25
232,07
231,98000000000002
228,96999999999997
229,07999999999998
228,51999999999998
232,27
244,51999999999998
259,43
271,96
316,91
353,4
366,09
370,21000000000004
369,69000000000005
376,73
390,47
390,09
390,5
390,74
383,16999999999996
386,95
391,39
410,3
417,5
409,34999999999997
400,94999999999993
405,09
413,17
409,58
399,91
360,01
328,39
328,13
298,87
296,17
291,27
291,91
300,99
306,11
321,01
319,34000000000003
316,96999999999997
321,09999999999997
319,68999999999994
325,51
323,47999999999996
322,55999999999995
325,99
335,95
334,46000000000004
338,97
334,34
327,0
326,77
326,22
330,34999999999997
332,37
326,16999999999996
307,81
309,05
309,98
308,65
313,75
328,75
322,53
325,51
325,25
325,39
326,11
328,23
324,51
328,28
327,05
328,39
327,4
326,91
331,44
325,36
332,63
328,2
326,53
312,56
305,21
297,98
302,22
306,07
314,05
332,03000000000003
335,71
334,73
336,90000000000003
338,86
337,18
334,59
326,47
323,46
321,56
324,62
317,81
324,53999999999996
326,66999999999996
320,65
311,67999999999995
248,60999999999999
244,68
230,89999999999998
228,36
226,77999999999997
222,67000000000002
228,75
233,45
245,39000000000001
244,29000000000002
231,76999999999998
236,66
238,40999999999997
251,07
253,95999999999998
248,70999999999998
245,02999999999997
245,49
246,61
245,29000000000002
242,23000000000002
243,61
242,62
245,33999999999997
244,51999999999998
244,23000000000002
237,71999999999997
227,73
224,79
228,12
228,07
230,91000000000003
225,79999999999998
225,04000000000002
225,0
246,06
250,29000000000002
252,04000000000002
249,56
246,61
243,73000000000002
227,45
225,23000000000002
229,25
231,22000000000003
230,84000000000003
230,59000000000003
221,26999999999998
223,73000000000002
221,52999999999997
220,12
217,94
215,77
214,15
213,82
213,77
226,74
237,92
236,29
243,39
243,8
242,48000000000002
239,66000000000003
241,39
240,01999999999998
239,04000000000002
240,27999999999997
243,61
246,29000000000002
247,48
239,53000000000003
234,67
232,95999999999998
237,64
220,22
220,41
219,58
219,29
218,87
225,89
237,4
236,5
239,03000000000003
236,29999999999998
231,97
233,2
231,59
226,22
230,91
231,35
220,70000000000002
227,14
234,25
234,24
234,19
232,21999999999997
233,14999999999998
232,63
233,73000000000002
233,55
231,06
228,46999999999997
227,85000000000002
226,68
228,02999999999997
223,14999999999998
224,29
226,71
228,06
228,17000000000002
246,75
250,27999999999997
249,06
245,42000000000002
245,92000000000002
248,36
246,87
237,62
240,11
241,16000000000003
253,0
246,82
246,38
234,26
228,76
226,2
226,54999999999998
242,6
273,90000000000003
281,37
288,41
301,09000000000003
316,15999999999997
327,37
331,03999999999996
327,43
323,8
331,75
337,74
335,39
336,0
338,45
337,31
335,55999999999995
328,98
318,0
317,41999999999996
304,13
296,69
294,73
298,92
309,43
335,03000000000003
334,76
337,02
336,82000000000005
338,49
338,02
335,14
337,14
338,25
332,29999999999995
323,86
323,26
328,09000000000003
333,47999999999996
333,75
334,04
336,34000000000003
325,81
236,39
233,75
232,20999999999998
231,45999999999998
224,49
223,26
222,1
220,96999999999997
218,12
213,3
222,45999999999998
224,48000000000002
226,70999999999998
240,51
239,10999999999999
232,85999999999999
231,84
228,81
228,9
226,96999999999997
226,87
217,57
230,54
236,01
236,95
120,32
115,53999999999999
62,18
63,7
67,9
67,8
68,1
70,3
69,3
70,5
71,1
69,9
70,61999999999999
112,03999999999999
130,68
142,64
150,04000000000002
151,6
149,86
154,5
155,12
158,9
154,07999999999998
153,54000000000002
151,44
151,72
151,54000000000002
150,24
151,32
156,62
154,83999999999997
157,12
156,42000000000002
154,72
156,92000000000002
156,95999999999998
157,06
158,24
156,44
153,86
153,33999999999997
155,6
157,46
154,98
158,06
161,46
155,28
154,14
153,72
149,45999999999998
150,26
150,94
149,95999999999998
152,14
153,95999999999998
156,22
158,92000000000002
163,12
162,82
163,14
160,52
159,32
157,74
157,22
157,52
155,44
157,22
155,92000000000002
155,02
158,44
161,12
157,72
154,34
149,88
148,57999999999998
148,48000000000002
148,57999999999998
156,83999999999997
163,3
162,42000000000002
161,2
161,82
165,2
164,92000000000002
161,9
158,4
155,82
155,72
157,62
158,94
158,12
156,02
157,42000000000002
156,82
156,94
153,8
148,24
147,62
145,84
151,74
153,82
152,02
153,83999999999997
157,5
161,9
167,36
164,6
167,2
162,22
159,76
160,26
158,57999999999998
157,28
157,66000000000003
157,96
158,84
161,44
162,56
163,64
162,64
159,24
156,94
157,64
158,24
158,84
156,76
160,82
161,36
164,74
163,14
164,04000000000002
165,24
161,06
160,84
158,24
156,06
154,64
155,34
154,84
153,36
156,22
159,56
132,32
69,6
65,6
64,8
64,9
65,5
65,4
63,8
63,4
65,8
67,6
66,8
67,4
68,2
68,1
66,3
64,4
65,2
68,7
68,1
67,9
46,1
31,6
31,4
31,1
32,0
32,7
31,4
32,2
31,5
31,2
29,9
31,3
32,1
31,7
30,9
31,1
31,0
30,9
32,0
32,0
32,0
31,7
31,4
30,1
30,6
29,6
29,3
29,2
29,3
29,1
29,0
28,9
28,9
29,599999999999998
66,15
79,41
98,88
102,64
111,02
135,25
157,26
153,72
108,9
65,8
64,7
66,1
71,7
77,02
132,74
147,34
154,76
162,7
162,22
160,94
162,42000000000002
160,04
161,52
158,24
158,62
158,22
162,74
166,04000000000002
171,12
170,04000000000002
166,94
161,62
159,64
161,32
161,22
161,34
162,94
160,51999999999998
161,01999999999998
162,32
162,74
163,54000000000002
164,54000000000002
160,74
158,76
160,44
158,64
153,46
154,44
156,36
159,3
166,7
167,98
167,07999999999998
166,2
168,38
164,57999999999998
162,4
162,88
165,4
162,7
165,68
161,86
159,48
160,38
162,18
162,96
150,64
128,84
93,47
68,96
82,45
103,34
138,76999999999998
178,82
198,65
218,20999999999998
221,13
213,53
216,36
213,79
217,6
228,29
235,01
232,04999999999998
226,51
228,97
164,95999999999998
152,27
152,03
149,99
136,92
137,07
138,86
138,77
137,17
142,59
157,05
158,61
156,1
150,6
155,13
157,29
152,91
148,02
146,09
154,41
153,6
156,55
157,27
158,7
147,56
146,79
144,89
132,58
132,59
131,21
137,9
137,74
139,32
164,58
160,53
156,27
157,82
158,63
158,0
154,11
158,28
155,35
151,33
151,06
148,15
148,18
147,24
146,54
149,72
147,9
146,63
145,14
140,55
134,14
130,9
131,11
131,89
140,94
146,5
138,08
133,6
131,27
130,42
133,02
133,41
135,48
138,46
145,48
148,25
147,19
148,36
149,04
145,77
142,56
139,97
141,07
143,0
141,08
142,79
145,78
142,46
153,06
153,09
154,64
153,46
151,69
150,41
149,43
149,79
152,94
154,85
152,98
149,72
150,48
144,8
143,79
149,05
153,67
147,36
146,64
144,67
145,78
148,26
148,22
147,75
144,08
147,69
159,65
160,96
147,64
133,98
135,66
133,53
135,08
133,51
133,11
132,24
131,8
134,6
135,46
132,37
131,89
135,49
134,17
133,88
132,05
132,92
130,24
130,57
135,4
132,6
131,1
138,14
137,14
137,71
136,37
135,27
137,75
138,67
133,1378
133,582
133,0
136,59
134,56
132,58
134,57
134,71
134,43
134,4
133,09
133,83
131,25
135,44
136,54
133,36
130,69
134,04
137,92
147,38
143,89
147,42
145,48
142,5
144,3
139,69
132,95
133,86
130,43
134,64
137,5
135,54
135,9
139,01
136,41
132,24
139,83
142,33
134,21
139,19
138,51
140,12
141,76
140,5
140,62
144,97
148,06
150,08
144,07
142,27
136,85
131,27
137,68
136,31
140,99
141,76
141,93
138,2
133,63
136,84
136,2
141,38
142,77
141,61
151,7
144,67
140,88
148,64
149,41
149,03
144,73
144,36
141,52
141,33
139,69
140,59
140,28
139,3
138,71
139,7
138,44
130,09
136,54
135,81
136,2
137,16
139,41
139,36
141,74
138,96
137,56
138,45
139,63
140,19
140,72
141,04
141,71
139,48
140,64
140,48
139,28
140,69
139,28
138,9
137,89
140,96
131,49
130,27
128,14
138,01
134,45
139,68
143,86
140,31
140,16
141,94
142,43
134,92
132,26
136,14
136,08
136,94
139,45
140,23
142,51
138,38
137,04
140,35
141,13
136,71
137,19
138,88
138,98
153,37
174,19
196,23999999999998
205,72
214,99
222,38
226,72
228,05
228,65
231,34
233,9
231,74
229,64
226,12
228,09
227,51
222,93
221,52
223,32
233,82999999999998
226,8
226,70999999999998
228,76000000000002
231,62
208,41
113,49000000000001
117,67
112,23
111,92
139,02
151,78
151,7
152,26999999999998
152,26999999999998
152,23000000000002
153,13
153,09
154,38
153,86
154,66
155,06
158,9
159,04
158,66
153,12
153,09
152,82
152,26
151,05
151,9
152,28
156,03
157,31
160,86
162,76999999999998
162,95
162,18
161,24
157,95
154,59
154,65
155,46
154,11
155,20999999999998
157,7
156,49
158,3
156,97
148,18
148,67
148,36
147,86
149,45999999999998
153,20999999999998
148,5
159,95999999999998
166,64999999999998
164,67000000000002
164,57
165,43
166,04000000000002
164,35
163,07
160,67000000000002
161,26
160,31
158,81
158,57999999999998
157,32
155,72
153,04
117,41999999999999
117,91
117,91999999999999
118,2
116,17999999999999
115,88000000000001
112,02000000000001
111,04
114,92
118,36
118,56
119,69
119,0
118,41
118,99000000000001
118,19
117,9
117,09
119,39
118,41999999999999
117,75
117,78
118,19
118,59
117,64
111,92
110,42
110,49
109,7
116,34
119,12
119,64
120,23
121,2
122,32
121,61999999999999
122,07
122,1
119,87
120,0
120,1
120,50999999999999
119,96000000000001
119,58
120,53
120,81
120,06
119,22
118,49000000000001
118,21
121,49000000000001
120,76
120,38
120,09
119,52
117,7
119,82000000000001
121,17
120,85
121,16
120,97999999999999
119,93
121,00999999999999
120,18
119,33000000000001
117,24
118,08000000000001
119,89000000000001
119,41
114,96000000000001
79,14
27,6
24,7
36,7
62,6
62,529999999999994
66,21000000000001
86,22999999999999
111,72
141,74
186,43
203,98000000000002
207,47
207,71
208,32
206,29
205,67000000000002
204,79
206,6436
205,8579
208,1
219,76
221,06
217,01999999999998
222,2
221,64999999999998
222,82
219,39
215,09
217,13
218,32999999999998
219,13
218,48
224,27999999999997
226,36
222,70999999999998
228,06
229,58999999999997
229,14
230,53000000000003
221,14
227,14
227,02999999999997
227,15
226,99
224,97000000000003
223,84
222,75
225,03000000000003
222,47
221,39999999999998
209,81
213,59
210,44
212,07999999999998
214,76
213,44
219,93
220,5
219,54000000000002
222,2
220,69
221,43
221,35000000000002
218,89
219,9
218,56
217,98
216,9
215,33999999999997
216,18
217,21999999999997
212,53
216,2
210,57
206,92000000000002
207,78
208,64
210,91
213,2
215,68
214,34
208,98000000000002
212,92000000000002
215,87
213,51
214,04000000000002
212,96
212,51
214,99
212,79
214,11
203,28
198,87
203,86
206,88
209,48
177,27
135,61
136,5
137,02
135,67
133,47
134,79
136,34
137,03
136,46
136,51
135,6
134,67
133,14
140,78
142,36
133,93
136,51
135,01
136,47
133,11
131,73
134,15
133,31
132,24
131,26
129,22
""
127,0
139,97
144,4777
146,18
147,36
143,51
144,7
142,85
142,1247
144,12
140,19
141,57
144,4
143,85
142,36
131,18
130,04
141,14
141,05
143,43
142,94
142,93
140,85
131,52
130,09
128,83
128,38
134,29
140,64
142,87
148,28
151,52
151,43
151,5
147,36
145,74
160,34
152,91
150,42
154,88
147,29
147,4
148,28
149,25
150,11
140,11
135,7
133,66
132,37
149,47
148,17
149,34
161,5
165,25
167,78
165,4
164,36
162,43
162,88
163,35
162,2
161,5
161,3
159,23
159,2
159,93
160,3
160,26
154,88
151,2
135,64
132,33
134,86
139,14
142,9
151,28
163,78
163,8
164,04
162,05
163,9
168,6
169,91
169,16
168,5
159,83
158,02
157,19
163,0
158,01
156,68
155,74
155,84
156,41
155,16
155,77
154,6
154,62
160,71
164,14
163,67
163,33
165,58
165,99
164,25
163,23
162,39
162,7
160,51
161,72
161,75
160,85
161,78
161,14
161,98
162,81
162,51
161,66
163,52
156,41
158,39
158,19
160,14
159,49
161,93
166,87
168,77
160,56
158,2
156,99
160,91
160,73
159,48
160,65
161,31
158,4
157,63
155,6
157,61
159,04
154,92
137,62
131,84
131,48
129,68
129,91
132,35
156,21
159,88
159,66
155,77
160,71
154,7
154,89
161,48
161,5
160,39
159,46
158,75
158,58
157,55
156,81
159,58
153,99
144,15
142,87
141,95
131,75
134,0
127,95
128,9
132,34
151,66
154,91
150,14
146,12
144,77
146,69
152,46
155,4
152,22
146,53
143,64
143,39
153,58
158,86
155,31
153,97
152,86
150,66
144,19
140,7
147,74
150,41
149,85
152,57
153,83
155,63
155,36
154,5
154,58
154,88
155,16
150,89
146,4
145,58
147,97
146,82
150,29
149,42
145,8
146,81
144,95
147,07
139,99
138,77
137,1
137,05
148,71
146,62
157,62
161,94
158,26
156,03
159,08
161,07
158,26
157,39
151,79
152,61
152,79
151,85
151,65
150,61
154,46
155,83
157,81
157,43
147,81
141,19
142,88
141,09
147,32
155,11
165,53
166,0
165,86
169,48
168,89
168,1
167,54
163,57
156,98
155,01
157,42
159,87
159,65
158,03
156,09
160,67
159,21
159,02
150,21
149,47
148,18
145,41
144,34
146,94
147,72
153,43
160,3
155,71
155,77
157,2
157,39
156,6
155,51
155,13
156,1514
154,25
157,48
155,4
157,71
153,74
159,0
157,64
158,49
158,21
158,21
157,97
157,17
158,44
160,01
158,06
154,99
146,34
146,07
148,9
152,56
159,33
155,92
153,83
152,65
151,47
151,04
154,1
144,59
142,73
151,08
152,37
147,59
139,28
147,45
147,81
147,63
148,21
162,09
158,16
156,36
151,11
156,52
150,8
151,04
150,5
151,71
151,45
151,12
151,21
152,9
150,84
154,03
156,23
145,89
142,89
148,94
141,47
141,4
140,64
147,36
151,56
153,38
148,54
151,49
152,16
152,72
152,55
152,77
153,64
150,57
152,61
151,71
152,77
152,67
151,77
147,42
151,15
145,74
152,22
150,71
140,69
144,09
144,67
143,37
143,93
144,88
142,56
150,02
148,84
149,43
144,85
140,47
139,67
147,77
149,06
149,09
150,49
149,51
149,75
152,38
154,81
153,39
153,92
147,21
146,32
147,83
152,19
154,56
157,38
156,46
159,45
166,6
164,95
164,93
163,59
163,6
161,11
165,88
164,15
162,6
155,64
154,78
162,19
163,88
164,25
165,63
148,98
141,42
142,23
141,42
145,28
155,97
162,27
163,95
163,87
163,67
162,52
163,11
169,46
169,9
169,31
159,79
158,82
156,54
156,09
157,58
156,89
155,04
154,24
152,87
154,91
145,15
142,09
140,76
141,87
146,07999999999998
158,44
155,67000000000002
172,95000000000002
180,67000000000002
197,79999999999998
205,32999999999998
201,91
201,59
201,61
195,67
195,35999999999999
198,66000000000003
200,72000000000003
201,26
197,3
196,03
196,39999999999998
155,32
30,8
29,2
29,2
29,1
30,1
29,4
29,4
30,1
30,7
31,8
33,3
34,3
32,8
32,6
30,6
29,8
30,8
30,0
32,4
29,8
30,2
30,4
32,3
32,8
30,9
29,8
28,6
28,4
28,5
29,1
29,6
30,8
33,4
35,9
35,6
36,1
35,7
35,9
35,4
35,5
31,0
29,8
29,3
30,0
30,2
29,7
29,0
28,8
29,6
29,4
29,6
29,6
29,6
29,3
29,2
29,3
31,8
34,7
34,0
32,0
33,5
32,9
33,4
33,0
34,1
31,2
31,3
31,0
30,6
30,1
30,3
31,0
31,4
29,6
28,8
28,4
28,3
28,9
29,2
29,3
32,2
33,0
32,6
33,4
32,7
32,2
33,6
33,1
32,8
33,2
32,9
33,7
33,3
33,7
32,4
33,3
32,7
33,2
30,7
31,0
32,2
32,6
34,6
34,5
39,3
40,8
39,6
38,7
31,1
30,5
73,4
74,8
74,3
71,1
71,7
75,7
100,06
130,26
139,14
145,3
144,72
149,06
153,56
155,16
150,2
165,22
166,82
170,92000000000002
172,54
171,94
162,26
171,86
175,86
174,02
177,36
170,48
170,07999999999998
170,07999999999998
168,48
166,1
166,68
167,98
168,06
166,07999999999998
166,66000000000003
165,16000000000003
159,38
157,98
156,7
156,68
152,62
151,83999999999997
155,32
149,42000000000002
146,52
146,71
157,07999999999998
185,66
220,93
254,2
290,04
306,14
315,19
319,28999999999996
320,46
319,15
318,84
322,35
321,93
321,94
319,04999999999995
313,55
316,12
302,27
290,68
298,39
184,17
156,66000000000003
156,66000000000003
159,66000000000003
157,0
158,96
158,76
156,96
159,26
158,0
159,78
158,6
160,68
160,98
158,5
159,98
160,26
160,68
152,6
153,18
153,46
154,66000000000003
155,26
155,07999999999998
154,98
156,06
135,04000000000002
127,02
132,3
141,82
155,16000000000003
154,18
152,32
152,72
154,5
159,56
158,38
158,94
156,98
157,96
157,66000000000003
156,88
154,74
153,07999999999998
152,68
155,96
155,78
156,46
154,9
156,18
157,38
157,88
156,78
156,68
158,76
158,36
157,98
155,56
158,62
159,44
157,76
154,6
148,54
150,5
149,6
153,01999999999998
151,34
152,38
163,84
163,48
167,76
163,07999999999998
164,3
166,5
165,8
167,26
167,86
167,28
165,02
166,3
166,98
168,94
167,84
164,0
166,56
167,07999999999998
168,74
164,2
120,28
121,32000000000001
112,7
110,74
110,7
121,02000000000001
120,3
116,92
118,8
120,46000000000001
116,3
118,16
116,0
117,96000000000001
116,8
114,36
115,62
119,84
119,66
122,02
122,02
119,76
118,3
101,82
""
""
""
""
""
""
""
""
""
""
""
""
""
""
""
""
""
""
""
""
""
""
""
""
29,6
31,0
30,6
30,7
30,8
30,4
30,5
30,3
32,3
37,1
38,8
39,2
38,7
39,6
39,6
39,3
34,0
33,0
33,8
33,0
33,2
32,3
32,8
32,3
32,1
31,9
32,1
32,5
32,4
32,2
33,2
33,5
40,2
39,0
39,5
38,8
38,6
39,1
39,5
37,0
31,1
30,9
31,5
31,8
31,4
31,4
31,4
30,0
30,5
31,3
31,4
31,1
32,3
31,6
32,1
38,1
41,4
40,8
39,2
39,4
39,0
39,0
38,4
39,2
33,2
31,9
31,9
31,9
32,1
31,5
31,3
30,6
32,1
31,4
31,8
31,7
31,2
32,6
31,8
32,3
33,4
33,2
34,6
34,0
33,0
32,1
32,1
31,3
31,8
32,0
31,4
32,2
31,6
30,3
29,4
28,2
28,5
28,7
29,02
35,87
44,55
86,06
169,73000000000002
219,98
238,59999999999997
251,94
219,35999999999999
220,3
219,61
223,3
229,79
236,8
242,21
244,02999999999997
238,66000000000003
235,57999999999998
240,92000000000002
235,51
239,01
237,57
234,88
231,98999999999998
230,58999999999997
227,89
227,87
232,08999999999997
260,68
261,96
259,17
258,65
251,44
254,35999999999999
246,60000000000002
250,39
244,45000000000002
237,31
245,52
245,01000000000002
246,73
246,8
244,76999999999998
243,70999999999998
242,12
224,53
217,92000000000002
221,85999999999999
234,72000000000003
226,41
232,72
232,43
238,94
234,15
233,87
230,23000000000002
232,27999999999997
230,45999999999998
227,94
228,87
231,95
224,26
239,49
236,28
241,14000000000001
230,96
234,25
236,13
235,35
238,25
239,46
230,70999999999998
228,02
230,76999999999998
232,68
233,25
229,76
230,5
221,26
231,77999999999997
238,01999999999998
240,54000000000002
239,06
234,10000000000002
241,45
239,87
242,06
244,93
235,29000000000002
241,9
244,89999999999998
243,53
240,42000000000002
231,82
232,68
231,39
228,07999999999998
234,51999999999998
220,99
223,05
229,89
232,38
230,01
228,66
234,12
237,22
241,7
242,13
244,91
242,32999999999998
239,27999999999997
237,21
251,19
244,42000000000002
246,5
241,35000000000002
232,42000000000002
212,91
86,24
81,84
80,08
79,2
80,08
80,96
80,96
78,32
80,08
79,2
76,56
76,56
76,56
77,44
77,44
76,56
76,56
77,44
82,72
88,88
86,24
82,72
80,96
79,2
79,2
79,2
80,08
79,0
79,2
80,08
80,96
80,96
78,32
78,32
79,2
78,32
77,44
79,2
77,44
78,32
77,44
77,44
79,2
78,32
77,44
76,56
76,56
77,44
77,44
76,56
77,44
77,44
79,8
81,84
92,4
90,64
87,12
89,76
88,0
88,0
88,88
88,0
91,52
89,76
90,64
91,52
90,64
90,64
89,76
92,4
91,52
92,4
80,08
76,56
76,56
78,32
77,44
77,44
85,36
88,0
88,88
89,76
89,76
88,88
90,64
89,76
88,88
89,76
90,64
90,64
92,4
90,64
90,64
88,88
89,76
91,52
90,64
83,6
79,2
77,44
77,44
78,32
87,12
88,88
88,0
88,88
89,76
89,76
88,88
92,4
90,64
93,28
87,12
87,12
88,0
89,76
88,88
91,52
90,64
84,48
80,08
80,08
80,08
80,96
80,96
79,2
84,48
89,76
88,88
90,64
88,88
88,88
88,88
88,0
88,0
88,0
88,0
90,64
91,52
90,64
90,64
88,88
85,36
89,76
86,24
79,2
78,32
80,08
79,2
80,08
88,88
89,76
89,76
91,52
91,52
93,28
92,4
91,52
89,76
89,76
91,52
92,4
94,16
92,4
89,76
92,4
91,52
91,52
91,52
91,52
91,52
92,4
93,28
92,4
91,52
88,88
90,64
90,64
90,64
91,52
92,4
90,64
92,4
92,4
92,4
90,64
91,52
92,4
91,52
91,52
91,52
90,64
91,52
90,64
92,4
82,72
80,96
81,84
80,96
81,84
86,24
88,88
91,52
90,64
92,4
90,64
92,4
90,64
92,4
92,4
91,52
92,4
90,64
89,76
89,76
93,28
88,0
76,56
77,44
76,56
87,12
91,52
91,52
92,4
90,64
93,28
93,28
92,4
86,24
92,4
90,64
91,52
92,4
91,52
90,64
92,4
92,4
90,64
91,52
90,64
98,28
91,52
94,16
95,04
91,52
92,4
90,64
88,88
87,12
91,52
91,52
89,76
89,76
89,76
92,4
90,64
92,4
90,64
90,64
91,52
93,28
92,4
90,64
93,28
92,4
92,4
93,28
92,4
91,52
93,28
91,52
93,28
92,4
93,28
92,4
91,52
91,52
92,4
90,64
91,52
91,52
91,52
92,4
92,4
92,4
92,4
88,0
94,16
89,76
90,64
88,88
88,88
92,4
91,52
91,52
91,52
89,76
91,52
91,52
90,64
90,64
90,64
90,64
90,64
91,52
92,4
90,64
91,52
90,64
92,4
92,4
88,88
89,76
93,28
91,52
90,64
91,52
91,52
92,4
91,52
91,52
92,4
92,4
90,64
91,52
91,52
92,4
92,4
92,4
92,4
91,52
93,28
91,52
92,4
93,28
90,64
84,48
80,96
80,96
80,96
80,96
80,96
82,72
90,64
91,52
91,52
91,52
91,52
90,64
94,16
93,28
93,28
92,4
92,4
91,52
92,4
92,4
92,4
91,52
91,52
81,84
79,2
80,08
81,84
80,96
81,84
77,44
79,2
79,2
79,2
80,08
74,8
81,84
79,2
78,32
78,32
76,56
77,44
79,2
78,32
79,2
78,32
77,44
77,44
78,32
77,44
78,32
78,32
78,32
79,2
77,44
80,08
75,68
79,2
79,2
78,32
77,44
81,84
90,64
88,88
92,4
89,76
89,76
90,64
91,52
89,76
91,52
91,52
91,52
91,52
90,64
91,52
90,64
92,4
92,4
90,64
89,76
89,76
92,4
89,76
90,64
89,76
95,92
92,4
91,52
90,64
90,64
91,52
89,76
90,64
90,64
89,76
88,88
91,52
91,52
91,52
88,88
90,64
91,52
91,52
88,88
92,4
89,76
91,52
90,64
89,76
86,24
88,0
88,88
90,64
90,64
89,76
89,76
88,0
89,76
88,0
80,96
78,32
78,32
79,2
77,44
77,44
77,44
88,88
88,88
90,64
89,76
90,64
90,64
90,64
92,4
90,64
88,88
90,64
92,4
91,52
90,64
88,88
88,0
91,52
91,52
88,0
79,2
80,96
79,2
78,32
81,84
88,0
87,12
89,76
88,88
90,64
89,76
90,64
88,88
91,52
91,52
89,76
90,64
92,4
90,64
88,88
91,52
86,24
0,88
0,0
0,0
0,0
0,0
0,0
0,0
0,0
0,0
0,0
0,0
0,0
0,0
0,0
0,0
0,0
0,0
0,0
0,0
0,0
0,0
0,0
0,0
0,0
0,0
0,0
0,0
0,0
0,0
0,0
0,0
0,0
0,0
0,0
0,0
0,0
0,0
0,0
0,0
18,39
39,78
44,62
57,29
63,89
63,89
64,42
63,8
0,0
66,44
70,93
80,52
82,37
81,31
79,99
81,22
80,7
80,43
78,32
76,82
71,02
74,54
74,71
75,06
75,68
76,21
78,23
78,06
79,46
77,88
78,76
78,14
78,5
79,46
81,22
82,1
84,92
84,92
85,45
85,54
85,18
85,54
84,92
85,71
85,45
85,71
85,36
84,92
84,57
84,3
83,86
84,83
85,45
85,45
86,33
86,33
85,98
84,3
82,81
82,72
82,98
82,9
81,66
82,46
81,49
82,9
83,16
86,15
87,3
87,47
87,47
88,26
88,88
89,32
86,59
86,24
85,54
85,62
85,98
83,16
82,81
83,42
82,72
82,9
83,16
83,07
82,98
83,16
82,9
83,16
83,25
84,13
84,13
84,04
84,66
83,16
83,78
80,43
83,51
84,13
83,69
83,16
73,83
53,68
0,0
0,0
0,0
0,0
0,0
0,0
0,0
0,0
0,0
0,0
0,0
0,0
0,0
0,0
0,0
0,0
0,0
0,0
0,0
0,0
0,0
0,0
0,0
0,0
0,0
0,0
0,0
0,0
0,0
0,0
0,0
0,0
0,0
0,0
0,0
0,0
0,0
0,0
0,0
0,0
0,0
0,0
0,0
0,0
0,0
0,0
0,0
0,0
0,0
0,0
0,0
0,0
0,0
0,0
0,0
0,0
0,0
0,0
0,0
0,0
0,0
0,0
0,0
0,0
0,0
0,0
0,0
0,0
0,0
0,0
0,0
0,0
0,0
0,0
0,0
0,0
0,0
0,0
0,0
0,0
0,0
0,0
0,0
0,0
0,0
0,0
0,0
0,0
0,0
0,0
0,0
0,0
0,0
0,0
0,0
0,0
0,0
0,0
0,0
0,0
0,0
0,0
0,0
0,0
0,0
5,3
8,2
19,0
31,7
35,9
67,57
103,48
111,95
118,93
117,93
119,64999999999999
118,34
118,28999999999999
120,48
122,56
121,32
120,6
122,07999999999998
125,89
131,22
129,7
133,13
135,59
139,5
140,47
145,92000000000002
148,60000000000002
151,13
156,18
161,23000000000002
157,8
161,20999999999998
163,74
164,75
164,55
165,06
164,38
166,82
166,37
163,45999999999998
163,07999999999998
160,51999999999998
158,76999999999998
162,48000000000002
162,85
164,21
165,32999999999998
166,13
167,33999999999997
167,51999999999998
165,57
166,82
166,54
168,81
167,12
167,11
164,95999999999998
164,72
164,57
167,24
168,22
165,98000000000002
164,43
127,16
84,66
84,83
85,27
84,74
84,74
83,34
83,34
84,3
83,51
84,04
85,62
86,24
86,94
88,88
85,8
85,71
89,06
88,0
86,94
87,12
86,94
86,86
86,94
87,3
87,12
86,77
87,21
86,94
86,86
87,3
86,94
87,03
85,98
83,78
84,22
84,13
83,78
84,13
83,69
84,04
84,04
83,42
83,51
83,42
84,04
83,51
83,78
83,78
84,04
83,25
83,78
82,81
82,98
82,37
82,02
85,98
87,56
87,82
87,74
88,44
88,0
87,91
88,0
88,09
88,26
87,82
87,74
88,18
88,26
88,79
88,88
88,88
88,97
88,88
82,19
81,22
82,1
88,97
90,29
89,5
88,88
89,06
88,97
88,88
89,14
89,32
88,88
88,97
88,97
91,26
90,64
91,34
90,73
91,17
90,73
91,34801846315153
91,08
90,99
91,26
90,9
91,26
93,63
94,16
93,98
91,87
92,05
91,61
92,14
91,7
90,29
89,85
90,38
91,17
91,34
91,26
90,82
91,52
90,99
91,43
92,05
92,31
91,43
90,02
90,9
92,05
91,34
91,52
91,34
91,87
89,76
89,58
87,74
89,58
88,26
89,5
90,02
90,46
72,86
0,0
0,0
0,0
0,0
0,0
0,0
0,0
0,0
0,0
0,0
0,0
0,0
0,0
0,0
0,0
0,0
0,0
0,0
0,0
0,0
0,0
0,0
0,0
0,0
6,86
31,94
40,3
59,4
69,52
71,72
0,0
0,0
0,0
0,0
0,0
0,0
0,0
0,0
0,0
0,0
0,0
0,0
0,0
0,0
0,0
0,0
0,0
0,0
6,86
31,94
40,3
59,4
69,52
71,72
75,94
77,18
78,67
82,54
88,7
89,5
89,76
89,76
89,67
89,06
89,67
89,23
89,5
88,7
89,58
89,85
89,76
89,58
87,3
86,77
86,68
87,38
87,12
88,0
87,74
87,38
89,23
90,29
88,44
86,24
86,59
87,38
87,21
86,94
86,94
86,94
87,03
87,21
87,03
87,12
86,94
84,22
84,3
83,51
83,86
84,92
85,1
85,54
85,1
85,45
85,8
85,36
85,45
85,36
85,18
85,27
85,36
85,18
85,36
85,36
85,18
85,54
85,27
84,13
83,78
83,78
85,36
85,1
85,89
88,35
89,14
89,06
89,23
88,79
89,76
88,62
88,97
89,32
89,23
88,7
89,06
89,06
88,97
88,97
88,88
88,97
88,79
88,97
89,23
88,35
87,47
86,86
87,38
88,53
89,94
88,44
87,03
86,68
86,68
86,06
86,33
86,15
85,27
85,36
85,1
85,01
85,1
85,01
84,92
84,92
85,27
85,18
87,12
88,79
89,5
89,5
89,58
89,23
89,85
88,97
89,06
88,79
88,88
88,79
87,74
88,35
88,44
87,56
86,94
85,36
84,48
84,3
84,83
85,01
84,48
85,01
84,83
84,66
88,09
86,86
86,5
88,79
88,97
89,14
89,5
89,14
87,65
88,0
88,7
89,23
89,06
87,47
86,24
84,83
86,24
86,33
86,15
85,36
85,8
88,0
87,3
87,12
86,5
87,03
87,21
89,76
90,11
89,85
90,38
89,85
90,38
90,64
88,44
89,32
89,76
90,29
90,02
89,94
91,34
90,99
92,31
92,66
92,84
92,75
92,58
92,14
91,61
91,61
90,11
89,85
86,59
79,55
82,1
82,19
82,37
82,98
82,72
82,37
82,54
84,04
85,8
88,79
89,58
90,55
90,9
91,78
92,22
91,87
91,34
92,4
92,31
92,05
91,87
92,49
85,52
84,04
80,96
86,42
84,66
78,85
78,14
77,62
78,5
82,46
85,1
85,01
85,62
85,62
85,54
84,74
85,89
84,57
85,01
85,1
85,45
84,83
84,39
84,74
85,01
83,95
87,03
86,86
87,47
89,5
90,11
89,76
89,76
88,35
87,65
88,7
88,97
89,14
89,06
88,97
89,5
89,5
83,6
82,19
81,93
81,93
82,72
83,34
84,48
85,8
86,59
85,89
86,06
85,98
88,18
90,55
91,43
90,38
90,11
89,76
88,7
89,94
89,23
89,14
89,85
89,23
88,09
88,35
88,44
88,7
88,79
90,55
90,99
91,08
91,08
84,04
82,72
82,81
83,16
90,64
91,87
91,08
91,34
89,67
85,18
87,21
88,44
89,85
91,17
88,53
90,64
91,61
91,26
91,52
91,52
91,78
91,34
91,43
91,87
84,39
83,34
82,9
84,3
90,99
90,64
89,76
83,6
82,81
82,72
82,72
82,98
82,37
86,77
87,91
89,14
90,11
89,5
88,7
88,79
88,88
88,7
87,91
87,91
87,82
88,0
87,82
87,65
87,65
86,24
83,95
83,69
83,34
82,9
82,98
86,42
86,5
84,04
85,71
87,56
87,74
87,91
87,74
87,74
88,88
90,73
90,46
90,82
90,82
88,18
83,25
83,16
89,41
91,61
91,87
91,52
91,43
92,4
92,58
92,31
92,58
92,49
92,75
92,66
92,58
92,58
92,31
92,93
""
""
""
88,53801846315153
79,82801846315152
80,52801846315153
80,43801846315154
80,17801846315153
80,52801846315153
80,34801846315153
80,26801846315153
88,09801846315153
92,40801846315154
92,66801846315153
92,31801846315153
92,49801846315152
92,58801846315153
92,31801846315153
92,14801846315153
92,49801846315152
92,40801846315154
92,49801846315152
92,75801846315153
92,75801846315153
93,37801846315153
93,46801846315152
82,10801846315152
80,61801846315153
75,42801846315153
71,90801846315154
71,72801846315153
71,90801846315154
71,81801846315153
73,30801846315153
81,93801846315154
82,98801846315153
86,68801846315154
87,30801846315153
88,53801846315153
89,76801846315153
90,55801846315153
90,29801846315154
90,29801846315154
90,73801846315153
90,55801846315153
90,64801846315153
90,64801846315153
91,08801846315153
91,08801846315153
90,29801846315154
89,50801846315153
89,85
82,54
81,05
81,14
81,22
81,05
82,28
89,67
89,85
89,67
89,32
89,58
89,67
90,38
90,38
90,99
89,58
89,58
89,76
89,5
88,36
88,97
88,7
88,53
88,62
90,55
90,73
90,55
90,99
90,55
90,82
90,38
91,26
91,43
91,96
93,1
93,19
92,31
93,1
92,58
92,66
92,66
92,49
92,66
93,54
92,31
93,19
93,19
92,58
91,61
87,21
86,86
86,86
87,03
87,82
87,82
87,91
88,0
87,74
88,36
89,67
86,5
85,36
86,94
88,0
89,76
90,29
90,02
90,11
91,08
92,66
92,31
92,58
85,62
85,1
89,94
91,78
91,78
91,61
88,79
88,0
89,32
91,26
89,32
84,74
85,27
86,24
91,7
92,84
92,75
92,66
92,93
92,58
83,34
65,21
60,28
11,0
0,0
0,0
0,0
0,0
0,0
0,0
0,0
0,0
0,0
0,0
0,0
0,0
0,0
0,0
0,0
0,0
0,0
0,0
0,0
0,0
0,0
0,0
0,0
0,0
0,0
0,0
0,0
0,0
0,0
0,0
0,0
0,0
0,0
0,0
0,0
0,0
0,0
0,0
0,0
0,0
0,0
0,0
0,0
0,0
0,0
0,0
0,0
0,0
0,0
0,0
0,0
0,0
0,0
0,0
0,0
0,0
0,0
0,0
0,0
0,0
0,0
0,0
0,0
0,0
0,0
0,1
0,3
7,6
10,3
21,4
32,0
35,0
35,7
33,6
33,4
76,1
76,0
77,2
78,6
79,4
79,2
82,0
81,9
102,66
108,72
117,02000000000001
124,9
137,74
136,3
133,92000000000002
141,84
152,14
155,5
162,88
159,16
172,6
168,42000000000002
171,54000000000002
175,2
174,48000000000002
176,07999999999998
174,5
177,4
176,38
175,82
174,24
173,82
173,62
172,72
172,94
162,86
161,68
161,54000000000002
161,94
165,06
167,7
169,78
170,16000000000003
159,06
158,0
156,01999999999998
157,48000000000002
157,0
164,44
167,38
167,48
165,3
169,28
169,4
171,76
169,5
169,82
172,07999999999998
170,62
169,42000000000002
172,98
171,2
171,5
171,3
173,66000000000003
173,26
173,16000000000003
173,94
168,95999999999998
164,39999999999998
162,45999999999998
161,3
161,24
161,04
160,24
163,5
168,2
169,04
170,8
169,2
168,2
171,84
171,98
174,74
170,18
168,9
172,94
168,8
172,56
170,06
170,88
169,88
173,44
173,44
174,14
175,24
174,92000000000002
174,82
174,74
173,34
167,38
166,74
169,14
167,18
167,36
143,1
136,74
161,6
162,39999999999998
166,5
168,16000000000003
168,07999999999998
169,86
167,16000000000003
167,28
167,76
172,22
169,86
170,74
170,96
172,14
169,14
168,36
172,24
173,74
170,48
170,04000000000002
169,74
168,28
169,36
169,46
168,16000000000003
165,86
162,57999999999998
163,36
163,28
164,68
163,18
165,86
165,36
163,56
165,06
167,94
168,44
167,06
168,64
169,14
168,88
167,4
164,36
163,5
164,56
165,82
164,98000000000002
171,64
147,76
154,98000000000002
159,68
159,95999999999998
163,52
163,64
162,54
164,04
164,22
166,0
166,02
166,78
165,36
160,06
161,32
169,16000000000003
165,52
166,5
166,76
166,57999999999998
168,72
171,88
172,78
174,18
173,8
172,8
169,86
172,07999999999998
174,76
175,04000000000002
175,8
173,82
175,4
171,24
171,8
167,96
162,42000000000002
161,54000000000002
172,28
175,7
175,72
176,62
172,88
169,14
172,0
169,0
171,66000000000003
168,78
170,16000000000003
170,78
175,72
172,92000000000002
175,5
175,12
174,60000000000002
172,9
172,62
173,7
173,60000000000002
174,4
173,7
174,3
175,18
174,8
175,0
175,5
171,06
171,38
174,76
173,57999999999998
171,8
172,8
170,94
175,60000000000002
176,42000000000002
176,3
175,12
175,72
174,92000000000002
177,48000000000002
173,10000000000002
171,56
172,74
173,54000000000002
173,36
173,36
173,64
174,26
174,36
172,26
169,98
171,38
168,56
170,64
167,57999999999998
165,4
168,78
169,07999999999998
171,07999999999998
172,78
173,88
174,18
171,78
172,06
171,46
173,96
173,18
173,78
173,57999999999998
173,5
175,34
174,84
172,78
173,54000000000002
171,5
172,86
172,68
172,18
170,78
169,2
167,07999999999998
167,78
167,68
170,64
169,78
169,68
170,64
171,26
171,38
174,84
171,36
173,04000000000002
172,16000000000003
164,24
161,57999999999998
156,32
163,04000000000002
166,48000000000002
172,57999999999998
173,34
172,07999999999998
173,74
175,10000000000002
173,92000000000002
176,07999999999998
174,72
175,10000000000002
173,04000000000002
173,01999999999998
169,66000000000003
169,24
169,96
167,84
159,7
157,86
157,18
157,44
160,42000000000002
159,06
158,45999999999998
168,78
167,66000000000003
172,76
169,07999999999998
169,5
172,24
172,04000000000002
190,32
217,82
229,04999999999998
199,94
174,32
173,06
173,7
172,94
173,14
170,06
170,94
166,3
175,2
201,48000000000002
214,35000000000002
237,18
246,94
252,24
251,40000000000003
254,12
253,28
255,07999999999998
259,71
258,82
257,46
256,53
256,16999999999996
251,45999999999998
255,92000000000002
253,3
254,6
258,4
258,27
261,40999999999997
258,94
244,49
237,07
236,07
238,93
249,99
256,49
259,69
256,34000000000003
251,92
251,13
250,89999999999998
251,36
248,82999999999998
254,22
256,11
254,92000000000002
253,24
249,95
244,78
248,83
251,57999999999998
251,92999999999998
252,64000000000004
254,45999999999998
245,89
250,2
252,0
252,52
252,42000000000002
254,95999999999998
252,16
252,14
253,08
254,95999999999998
252,76
252,27
251,48
250,19
253,54000000000002
228,10999999999999
159,9
165,64
167,4
166,52
166,1
181,91
217,48999999999998
234,11
251,65
249,25
241,17999999999998
241,23999999999998
252,64
255,77999999999997
260,14
258,92
260,75
259,81
260,19
258,96000000000004
257,6
256,46
255,75
257,28000000000003
262,11
259,74
262,07
261,96
260,39
257,85
260,14
257,90000000000003
259,57
260,9
260,58
258,9
261,15
258,22
254,57
258,52
255,35
257,15
261,54
260,72
260,56
260,02
260,7
262,5
260,94
257,56
256,39
253,07
257,6
262,32
260,69
261,98
262,06
262,47
261,04
264,15
262,15
260,53
261,34000000000003
261,78
259,42
258,22
260,52
263,68
262,43
265,15000000000003
258,92
259,12
261,16
259,54999999999995
259,09000000000003
261,96
262,5
259,61
257,18
256,41
256,6
263,4
263,38
261,53000000000003
259,43
257,66
256,66
249,9
244,06
255,81
254,36
257,53999999999996
255,83999999999997
254,94
254,77999999999997
258,65999999999997
257,74
260,71000000000004
253,65
257,62
259,44
256,93
259,0
262,22
260,0
257,12
249,73999999999998
252,70000000000002
252,07
251,67000000000002
260,28999999999996
261,72
258,01
257,05
256,55
255,75
255,98000000000002
256,81000000000006
256,19
254,96
253,49
253,60999999999999
252,61
253,68
252,32
252,5
255,02999999999997
256,07
248,8
244,48
244,51
242,24
245,22
255,5
256,83
258,7
258,62
254,16
256,68
255,0
257,6
256,38
260,68
258,69
262,48
252,61
254,77999999999997
258,96
257,5
259,55
262,73
262,19
252,38
236,32999999999998
236,6
236,64
241,20000000000002
231,39
236,68
240,40999999999997
244,34999999999997
252,19
253,81
252,72
255,25
256,34000000000003
255,47
257,03999999999996
259,91999999999996
257,09999999999997
259,95
257,68
259,33
256,97999999999996
253,67000000000002
247,38
254,6
256,15999999999997
259,32
249,84
251,7
263,23
262,39
263,68
261,17
260,84
260,96000000000004
258,61
257,78
260,21000000000004
257,0
257,78999999999996
258,44
257,42
256,05
259,53999999999996
260,5
258,92
258,15
256,88
258,48
261,06
259,12
262,78
261,18
259,41999999999996
257,0
256,76
256,46000000000004
256,35
252,48
254,57999999999998
253,84999999999997
261,21999999999997
253,24
252,57000000000002
250,44
249,42000000000002
250,72000000000003
254,14
254,07
252,44
253,32999999999998
254,10000000000002
253,42000000000002
251,68
253,29
253,32
254,20999999999998
254,92000000000002
251,10000000000002
252,93
252,84
252,04999999999995
251,17
251,16
245,60999999999996
248,10000000000002
246,48000000000002
247,85999999999999
247,63
249,39
252,04000000000002
251,01
251,0
252,16
252,92000000000002
252,43
252,42000000000002
245,90999999999997
238,6
240,78
246,78
253,31
253,04000000000002
250,83999999999997
252,26
252,64000000000001
251,66
252,04000000000002
250,5
250,21999999999997
249,61
247,82
246,06
247,16
245,68
247,76
246,47
245,22
246,60000000000002
250,92
252,26000000000002
251,21
251,52
251,78
251,53
249,7
250,02
249,29
249,51
251,86
249,10000000000002
246,52
248,76
248,17999999999998
246,02000000000004
249,98000000000002
248,5
253,47
257,08
254,03
258,4
257,11
256,71000000000004
252,13
246,14000000000001
239,94
237,34
236,95
241,35000000000002
257,86
261,06
257,14
260,23
261,56
258,88
258,17
259,52
260,48
256,47
255,30999999999997
256,76
258,34000000000003
258,43
257,74
259,40999999999997
255,84
218,66
170,76999999999998
171,87
156,65
155,4
152,98000000000002
159,05
168,54000000000002
172,68
172,76999999999998
171,86
172,4
174,65
173,61
170,94
170,91
172,14
131,17000000000002
170,68
173,54000000000002
170,09
170,39
169,26
168,69
169,68
171,26
168,11
164,78
164,54000000000002
164,86
166,26999999999998
172,09
174,72
176,55
176,07999999999998
175,82
176,99
176,66
177,12
177,19
177,38
177,5
176,62
177,34
175,95999999999998
178,09
175,64
175,92000000000002
114,92
177,07999999999998
166,06
162,45999999999998
164,65
165,0
164,38
165,08999999999997
168,82999999999998
174,92
176,46
175,54000000000002
174,3
173,43
166,3
163,32999999999998
170,04000000000002
173,4
173,39
171,12
170,9
172,4
172,4
170,5
170,43
167,76
166,21
164,68
164,7
163,94
165,21
165,08999999999997
167,87
175,5
173,84
171,62
173,14999999999998
171,56
171,01
170,28
171,98000000000002
170,60000000000002
168,96
168,18
169,18
169,44
168,32
167,69
166,5
162,63
157,2
155,95
158,64
158,24
160,22
161,84
168,64
170,14
170,70999999999998
170,17000000000002
170,24
170,79
170,56
170,9
169,69
170,17000000000002
170,67000000000002
170,07
171,14
171,88
171,95999999999998
171,74
171,62
169,44
171,74
169,79
169,23000000000002
168,39999999999998
168,35
170,62
170,01
170,5
171,6
171,51999999999998
170,69
171,74
170,06
172,68
174,78
175,24
176,32999999999998
176,68
177,66
176,45999999999998
176,38
176,85000000000002
173,45
174,62
168,47
165,42000000000002
165,61
165,87
163,61
163,12
166,54
169,36
160,92000000000002
162,55
165,67000000000002
166,39
169,0
169,20999999999998
168,26999999999998
170,3
170,12
168,57
170,25
169,17000000000002
168,68
169,76999999999998
169,57
172,95999999999998
173,69
174,03
162,45
162,2
164,39999999999998
165,51999999999998
167,07
169,4
166,04000000000002
165,87
164,51999999999998
168,56
168,8
167,82
167,14
168,0
170,12
170,02
170,92000000000002
168,8
162,18
163,05
162,21
162,12
162,94
163,45999999999998
163,57999999999998
164,32
166,04000000000002
170,91
171,12
172,66000000000003
173,7
174,9
174,60000000000002
175,16
174,39
174,41
173,79
174,26
173,58999999999997
172,69
174,08999999999997
172,34
171,07999999999998
171,17000000000002
170,95
168,55
167,26
167,38
166,66
168,01999999999998
167,66
166,57
168,85000000000002
166,41000000000003
171,56
170,74
170,95
170,7
172,14999999999998
170,84
171,61
170,18
170,6
170,6
173,78
175,98000000000002
172,84
171,67000000000002
169,07999999999998
169,56
163,23000000000002
162,12
162,04000000000002
163,51
162,95
162,72
167,24
168,70999999999998
169,78
170,25
171,3
170,7
169,82
170,97
171,98000000000002
171,95
171,44
170,8
168,54
170,49
168,97
169,4
169,07999999999998
167,32
168,82999999999998
166,04000000000002
162,91
163,48000000000002
163,69
172,25
174,74
172,07
174,22
173,89
173,84
172,92
172,69
172,84
172,34
171,88
170,79000000000002
170,78
171,01999999999998
173,12
173,09
173,26
163,65
165,61
164,57999999999998
166,07999999999998
174,2
122,37
83,0
84,2
84,8
84,6
84,4
92,77
127,03999999999999
152,18
169,89
168,26
169,4
169,78
170,87
170,16
170,5
171,64
169,76
168,35000000000002
147,99
81,1
81,8
81,4
82,5
82,5
83,1
104,4
125,82
122,57999999999998
125,52000000000001
125,7
128,34
123,96
121,57999999999998
124,8
132,72
152,95999999999998
163,7
166,06
168,12
167,72
171,26
165,0
162,06
163,04000000000002
165,24
163,57999999999998
164,56
167,78
174,14
173,24
173,36
175,54000000000002
171,78
174,72
173,24
173,94
173,16000000000003
170,78
169,7
172,46
172,06
172,14
170,66000000000003
169,78
169,96
169,36
165,57999999999998
161,64
160,86
162,51999999999998
160,45999999999998
159,0
169,78
171,51999999999998
172,82
173,14
176,2
174,34
174,82
172,36
174,42000000000002
174,32
173,14
172,74
172,82
173,32
174,62
174,42000000000002
171,44
170,74
169,14
173,3
174,42000000000002
163,24
161,95999999999998
162,57999999999998
162,24
163,5
168,14
171,26
171,94
172,44
171,06
172,06
172,16000000000003
171,64
172,34
170,78
172,34
168,86
171,46
172,14
171,24
171,22
171,04000000000002
174,22
172,48
164,45999999999998
162,9
163,10000000000002
163,45999999999998
168,95999999999998
175,62
173,07999999999998
175,42000000000002
175,12
173,74
172,86
172,46
173,92000000000002
172,51999999999998
171,64
169,78
168,57999999999998
169,56
170,84
170,54000000000002
170,34
170,76
169,92000000000002
173,16000000000003
175,01999999999998
170,66000000000003
173,44
174,9
174,62
174,82
172,07999999999998
171,54000000000002
172,14
170,66000000000003
171,26
172,82
172,92000000000002
171,36
171,46
172,64
171,92000000000002
168,36
170,84
170,14
169,86
169,88
171,34
170,01999999999998
168,3
170,48
170,57999999999998
171,4
169,42000000000002
170,3
186,73000000000002
230,46
173,15
172,51999999999998
207,14000000000001
239,94
254,06
260,06
257,69
260,28000000000003
259,75
259,56
259,02000000000004
198,7
171,36
169,07999999999998
169,51999999999998
170,96
169,2
166,9
167,98000000000002
171,28
170,60000000000002
172,44
170,36
170,32
171,24
170,86
171,18
170,68
172,45999999999998
171,94
170,66
170,89
170,56
169,57999999999998
171,84
172,39
171,18
161,62
163,56
162,17000000000002
163,3
165,20999999999998
169,07999999999998
174,48
178,44
173,4
172,94
173,88
173,81
172,7
172,41
173,88
174,72
171,25
172,55
172,81
172,47
175,21
174,44
173,92000000000002
170,95
171,22
171,82
175,25
175,08999999999997
174,85
176,35
175,49
174,94
176,24
172,34
172,12
171,18
171,60000000000002
170,28
167,13
165,52
165,39999999999998
167,57999999999998
167,89
168,16
167,53
166,85000000000002
167,44
164,96
149,95
122,32
122,72
123,5
118,55
119,52
121,32
128,75
128,69
125,0
123,53
123,83
124,08000000000001
122,0
124,71
126,88000000000001
128,14
129,14
129,72
129,01
128,76
128,20999999999998
128,7
128,54
127,76
128,24
122,96
123,78
123,86
128,31
128,01999999999998
122,54
115,92
114,0
113,61000000000001
117,7
124,69999999999999
128,9
126,72
125,94
126,02
125,95
127,34
127,11999999999999
127,11
126,24
125,84
123,13999999999999
123,43
125,29
124,58
120,75999999999999
122,27
117,62
124,12
171,12
173,0
172,14
173,83
173,54000000000002
172,46
175,09
175,01999999999998
174,54000000000002
175,26
173,57
174,57999999999998
176,11
174,92
174,51999999999998
174,45
173,01
169,39
168,95999999999998
163,48000000000002
164,28
165,67000000000002
165,72
168,03
169,56
170,73000000000002
169,65
170,87
174,61
170,58
173,22
172,2
173,1
170,78
171,51
173,37
172,62
171,98000000000002
175,39
174,12
171,51999999999998
169,66
162,48000000000002
162,01
159,95
160,58999999999997
160,95999999999998
167,95
172,24
173,8
173,7
174,2
174,51999999999998
174,14
177,63
177,48000000000002
178,57999999999998
175,57999999999998
172,09
172,29000000000002
173,34
173,76
172,32999999999998
170,87
171,95
171,47
171,82999999999998
163,27
164,45999999999998
165,19
164,45
171,45
176,3
178,07999999999998
178,01
174,66
171,37
172,39
175,12
176,48000000000002
175,26
174,45999999999998
176,06
174,36
175,44
173,27
177,29
174,32
176,72
175,84
175,95999999999998
165,94
166,76
165,45
167,24
167,61
176,68
177,07999999999998
178,72
177,32
177,07999999999998
175,08999999999997
176,19
175,0
173,86
173,94
173,95999999999998
176,19
176,49
174,63
176,99
173,59
174,19
172,82
130,53
122,68
122,25
121,78
121,66
122,32
121,86999999999999
126,73
126,45
128,04
126,06
127,92
131,23000000000002
130,05
129,13
129,17000000000002
129,51999999999998
128,28
127,91
124,97
121,78
123,75
123,05000000000001
118,48
119,35
118,11
118,7
118,98
120,86999999999999
121,06
128,59
129,21
132,16
130,48
132,48
128,38
129,11
130,41
129,24
128,85
129,38
129,42000000000002
130,23000000000002
131,42000000000002
129,82
129,0
129,68
127,44
130,34
122,94
120,77000000000001
118,88999999999999
119,18
123,77
131,32999999999998
128,72
127,66
142,76999999999998
130,07999999999998
130,32
130,2
133,88
131,97
132,17000000000002
131,53
133,34
133,32999999999998
133,86
135,44
133,82999999999998
131,76
133,01999999999998
133,04000000000002
132,03
121,77
123,72
124,05
124,91
130,85
130,38
131,59
133,44
132,43
131,77
131,82999999999998
132,82
132,32
131,54000000000002
132,32
130,14
131,64
132,63
131,79
128,5
129,27
127,33
128,24
128,32999999999998
129,51999999999998
127,61999999999999
128,79
130,74
133,04000000000002
132,45999999999998
132,8
130,82
130,98
132,6
130,55
131,41
130,94
130,39
130,29
130,86
132,38
126,6
125,72
128,34
127,44
128,11
128,04
125,79
121,02
121,05
121,47
123,15
123,32
130,32
129,82999999999998
125,48
122,33000000000001
121,25
121,17
123,47
125,06
123,02000000000001
123,62
125,31
123,91
123,78
124,34
126,03
128,45
130,34
122,88
118,47
120,35
124,88000000000001
127,46000000000001
128,23000000000002
131,33
131,44
130,05
132,62
130,25
130,29000000000002
130,7
131,3
129,24
129,78
130,16
128,73000000000002
128,75
127,32
126,0
125,63
127,22999999999999
126,48
125,59
125,63999999999999
124,85000000000001
123,75999999999999
123,82000000000001
124,6
125,18
128,93
131,38
131,48000000000002
132,9
134,72
132,75
130,64
132,95999999999998
133,42000000000002
132,7
131,18
132,58
130,85999999999999
129,85999999999999
131,95999999999998
131,94
134,25
95,44000000000001
93,54
87,82
83,07
83,51
83,25
88,44
90,64
90,73
90,64
90,64
90,29
90,29
89,41
87,3
88,09
88,79
88,88
88,79
90,99
91,26
91,26
89,58
92,14
92,58
92,49
92,14
93,02
91,78
90,9
90,99
88,97
89,23
89,32
89,85
89,58
90,11
89,14
90,11
89,41
89,5
91,26
92,66
92,05
89,5
89,5
89,85
91,08
90,29
83,25
81,75
81,84
82,9
85,5
101,61
124,64999999999999
125,64999999999999
127,7
127,94999999999999
128,72
127,65
128,32
128,92
130,89
129,67000000000002
129,23000000000002
129,93
130,63
130,4
131,18
130,24
129,38
128,88
119,72
114,4
115,47999999999999
117,78999999999999
124,37
122,28
126,64
126,96000000000001
128,44
129,34
128,53
127,99
128,57999999999998
127,43
126,14999999999999
124,41999999999999
124,0
123,97
124,46000000000001
123,75
124,63999999999999
122,68
119,84
118,45
118,12
119,78
117,56
117,66
116,18
130,14000000000001
161,55
160,92000000000002
160,9
167,76999999999998
171,2
170,68
171,43
171,04
174,3
174,0
174,9
173,51
171,36
171,93
171,59
171,24
173,81
174,10000000000002
174,57999999999998
173,54000000000002
170,86
172,32999999999998
175,43
173,14
174,01
174,44
173,25
172,28
169,58
169,18
169,73000000000002
172,51999999999998
172,58999999999997
168,95
168,75
169,55
171,22
169,9
171,73000000000002
171,57999999999998
145,45
94,64
95,63000000000001
122,91999999999999
125,85
125,74000000000001
126,80000000000001
129,13
129,13
130,9
129,5
128,26
127,16
125,46000000000001
124,26
125,22
124,82
125,5
125,71
126,4
124,61999999999999
125,91
126,94
127,19
126,93
127,05
127,47999999999999
129,16
129,12
129,9
129,78
128,57999999999998
126,94999999999999
126,73
125,13999999999999
125,17999999999999
126,41
125,24
125,79
125,5
127,72
128,07
130,57999999999998
130,13
130,53
126,36000000000001
129,56
128,26
128,17000000000002
128,51
131,16
129,4
128,91
128,23000000000002
126,36000000000001
126,41
120,02
116,08000000000001
116,92
135,1
167,2
164,85
166,65
167,57
165,92000000000002
162,83999999999997
158,84
162,74
167,95
166,72000000000003
195,89000000000001
216,10999999999999
235,60000000000002
245,03000000000003
254,38
252,71999999999997
253,67
250,21999999999997
256,84
261,24
262,15999999999997
266,2
264,74
264,5
263,33000000000004
261,86
263,25
256,12
257,42999999999995
254,65999999999997
254,6
258,17
256,1
257,46
258,37
255,6
255,64999999999998
259,24
259,88
259,12
249,54000000000002
245,60000000000002
246,88
257,48
266,13
263,79999999999995
261,68
259,21000000000004
263,03000000000003
263,97
266,33
265,67
263,96999999999997
263,72
263,28999999999996
266,34
263,15000000000003
263,0
260,27000000000004
258,71000000000004
258,34
253,94
239,56
232,56
231,6
231,73000000000002
234,06
246,46999999999997
253,60000000000002
258,53999999999996
258,75
258,67
259,75
261,0
258,19
253,17000000000002
259,94
261,05
261,9
261,06
260,13
258,31
258,13
259,96
259,65999999999997
260,55
256,12
251,62
240,32000000000002
237,95
250,14
257,15
258,34
257,1
256,89000000000004
259,04
262,1
260,56
261,23
262,01
259,2
257,77000000000004
257,35
258,76
256,02
259,79999999999995
255,93
258,31
240,14
165,46
163,76
157,95999999999998
161,2
157,48
155,7
153,42000000000002
153,7
151,0
152,8
151,2
155,84
157,34
158,24
158,34
158,22
155,94
161,3
165,84
164,2
163,64
167,18
169,57999999999998
153,54
77,2
75,4
74,6
75,5
77,6
76,6
74,5
73,0
74,7
74,3
74,2
73,8
72,4
74,4
75,9
74,0
74,7
72,2
73,0
72,9
94,6
133,56
152,54000000000002
156,48000000000002
150,3
158,7
182,10999999999999
206,93
220,3
236,92000000000002
249,45
251,94
251,84000000000003
249,5
250,59
250,21
250,64
253,82
251,29
251,92
250,14
250,13
254,12
251,70000000000002
250,21999999999997
252,07999999999998
251,01
254,03000000000003
253,25
256,14
251,62
252,07
252,96999999999997
254,04000000000002
257,07
253,32999999999998
255,33999999999997
258,63
260,1
260,03000000000003
260,38
259,29
259,28
260,81
258,67
255,73000000000002
260,59000000000003
256,89
253,85000000000002
255,31
253,17000000000002
252,06
251,26
250,24
252,75
242,67
237,96
238,34999999999997
259,23
260,7
258,06
260,33000000000004
261,8
257,26
257,65999999999997
254,14
256,38
253,14
254,33999999999997
253,77000000000004
254,37
255,79000000000002
253,7
250,45999999999998
251,31
252,65000000000003
253,62
248,98999999999998
244,62
241,07
241,98000000000002
245,84
254,85999999999999
256,55
258,03999999999996
257,07
255,61999999999998
257,68
257,65999999999997
258,69
257,7
254,11
252,81
253,45000000000002
255,76999999999998
254,24
255,04000000000002
251,45999999999998
253,72
253,08
245,66
233,70999999999998
234,76
233,26
233,74
244,59
255,63
254,07999999999998
251,58
247,06
253,26
253,08
252,23000000000002
254,74
253,14999999999998
252,23000000000002
254,58
257,5
257,49
257,55
254,73999999999998
256,34000000000003
255,5
220,2
165,7
164,54000000000002
165,2
166,8
166,8
162,53
162,87
164,43
165,70999999999998
168,54000000000002
169,12
168,77
168,20999999999998
167,53
168,76999999999998
167,42000000000002
166,62
165,01999999999998
164,34
166,99
170,74
164,73000000000002
164,87
165,41
165,36
155,67
152,0
152,14
154,87
154,57999999999998
153,7
162,53
164,82
167,94
165,46
167,33
168,31
168,23000000000002
168,14
163,76
165,68
165,54000000000002
163,94
164,11
165,28
161,67000000000002
163,87
163,43
166,56
172,98000000000002
168,47
160,25
162,12
165,34
168,64999999999998
171,9
170,61
169,24
167,43
169,06
169,37
171,98000000000002
169,11
170,25
171,91000000000003
170,36
167,64
165,2
164,14999999999998
164,91
165,64999999999998
164,85
163,14
155,48000000000002
154,38
155,53
156,74
159,98000000000002
162,06
166,23000000000002
163,36
162,60000000000002
159,88
156,60000000000002
153,82
151,60000000000002
150,02
152,51999999999998
159,82999999999998
161,13
160,26
160,12
161,46
163,42
163,07
162,64999999999998
164,78
160,31
158,4
158,34
159,62
157,93
162,07999999999998
169,24
170,33999999999997
170,51
167,43
168,33999999999997
166,61
159,74
157,89999999999998
156,95
155,56
155,16
156,82999999999998
155,43
156,83999999999997
161,3
163,3
176,89
200,35
206,29
208,93
205,76
160,48000000000002
157,36
156,54000000000002
155,47
162,64
163,89
162,6
165,8
164,26
159,71
156,29000000000002
157,45999999999998
157,58
157,63
159,34
160,26
161,33999999999997
163,16
163,7
166,39999999999998
164,91
158,6
158,32
160,0
159,33999999999997
158,2
161,3
168,82999999999998
168,79000000000002
167,88
167,37
168,28
165,01
159,6
159,32999999999998
158,88
159,22
158,15
158,44
157,91
159,44
159,61
160,03
153,61
74,23
71,0
69,4
71,0
70,6
69,4
69,7
74,6
79,1
79,7
81,0
80,0
78,5
71,3
66,8
69,3
69,2
69,0
69,2
68,9
69,5
70,3
71,7
73,0
73,8
70,5
67,8
70,9
70,9
71,7
70,0
74,4
79,4
78,4
78,8
78,5
78,3
68,2
68,0
69,2
68,9
68,0
67,6
65,7
67,0
64,5
67,2
67,0
66,0
63,8
65,5
65,3
66,3
67,2
67,0
72,2
78,0
78,8
79,4
78,4
77,3
73,5
68,3
67,8
68,0
67,6
67,3
66,2
66,5
69,1
70,3
68,8
70,5
68,4
65,9
67,0
63,8
64,9
66,3
70,4
73,6
75,9
76,9
77,6
76,6
70,5
69,2
68,5
68,3
69,9
69,5
67,2
68,0
66,2
66,0
68,0
66,9
66,6
64,8
64,7
66,4
67,0
68,0
77,1
77,6
79,4
79,6
38,8
39,5
31,7
29,6
29,6
29,7
29,0
30,9
29,7
28,5
28,7
28,1
28,4
28,6
27,3
28,7
29,7
29,4
30,0
29,4
33,1
39,4
38,5
37,5
38,4
39,3
33,1
28,3
26,9
27,8
28,8
28,8
29,1
27,9
27,2
27,5
28,3
27,8
29,8
28,5
30,1
27,8
27,8
28,6
30,3
36,4
37,0
36,0
36,91
36,92
34,269999999999996
59,24
77,03999999999999
94,69
110,13
80,84
99,82
109,39999999999999
114,78
115,46000000000001
112,62
114,17999999999999
114,9
114,97999999999999
112,9
112,13999999999999
115,97999999999999
114,9
116,1
117,24
125,9
124,52000000000001
125,1
122,52000000000001
115,72
117,08
116,5
115,42
116,0
117,9
116,9
117,86000000000001
116,78
116,6
117,38
115,9
123,5
229,0
115,67999999999999
115,66
115,86000000000001
117,5
115,88
115,88
117,08
118,28
120,08
120,96000000000001
119,67999999999999
117,58
116,78
117,28
119,26
116,06
118,24000000000001
117,46000000000001
116,78
117,86000000000001
115,26
116,94
117,12
117,22
114,53999999999999
127,03999999999999
161,26
159,6
160,12
159,64
159,6
163,68
162,62
163,42000000000002
163,7
162,0
160,22
160,52
160,4
160,62
158,8
158,2
157,0
159,7
156,6
153,16
152,62
152,64
150,45999999999998
150,48000000000002
155,78
157,5
159,42000000000002
160,52
163,32
161,8
160,7
161,72
164,2
162,88
157,72
157,02
159,38
159,02
158,57999999999998
157,3
158,76
158,28
157,18
158,36
160,14
159,84
160,46
159,92000000000002
160,74
157,7
162,16000000000003
162,06
159,06
156,0
158,57999999999998
162,60000000000002
159,9
160,48
160,68
161,0
161,56
163,36
162,1
161,66000000000003
158,9
161,26
162,46
161,07999999999998
157,4
157,18
155,2
156,2
157,46
155,8
159,16000000000003
158,42000000000002
159,88
157,96
158,8
160,76
159,68
159,18
159,18
161,07999999999998
159,86
157,14
158,56
159,06
160,36
160,2
163,06
160,5
160,66000000000003
153,8
153,3
153,01999999999998
158,38
156,7
158,1
159,7
161,86
162,07999999999998
160,86
159,9
159,68
156,22
160,16000000000003
157,8
159,84
158,44
154,3
157,28
158,88
158,1
156,28
153,82
145,9
148,18
148,86
150,66
151,34
155,68
150,94
159,44
159,8
158,68
158,2
157,98
156,07999999999998
156,68
156,79000000000002
156,66000000000003
158,64
161,65
173,36
194,72
197,59
160,33
112,89999999999999
112,39999999999999
113,98
112,22
112,0
109,74000000000001
106,80000000000001
107,47999999999999
104,74
105,03999999999999
116,44
116,52000000000001
121,34
117,17999999999999
116,86000000000001
118,66
115,78
116,56
116,4
117,76
119,24000000000001
117,17999999999999
117,56
116,4
111,78
109,89999999999999
107,16
102,28
100,19999999999999
100,32
106,30000000000001
109,66
117,3
115,42
116,4
112,84
108,94
117,64
126,34
140,69
142,9
159,31
155,73000000000002
166,5
175,21
193,95
189,39
184,86
189,45999999999998
188,01999999999998
187,43
186,18
184,41
184,99
198,5
206,05
204,38
202,48000000000002
203,74
200,55
203,95999999999998
219,96000000000004
254,66000000000003
277,65999999999997
314,34000000000003
342,7733
350,1914
355,94000000000005
360,32000000000005
334,87000000000006
303,83
241,37
236,96
240,14
250,15
250,13
251,16
250,12
251,82999999999998
269,57000000000005
280,91
279,84000000000003
279,76
285,33
281,72
278,74
274,65
282,58000000000004
284,04
286,96999999999997
284,57
284,27
290,34999999999997
291,53000000000003
291,44
286,1
283,24
259,03
255,63
272,27
270,2
273,11
279,11
281,57
270,09
269,93
279,96999999999997
282,83
276,87
275,67
283,39
284,56
279,55
283,37
273,11
272,46
266,72
269,56
280,08
278,87
284,35
281,27
274,02
282,40000000000003
272,52
273,86
275,27
281,67
285,23
286,64
292,28999999999996
274,53
280,46
290,71
290,84
287,28
287,57
282,41999999999996
283,02
286,23
280,44
283,19
279,68
252,49
248,82
243,59
243,8
245,3
239,06
238,89
242,83999999999997
245,48
248,03
247,3
252,46
250,01
250,43
254,01
248,12
249,51999999999998
249,74
252,82
251,28000000000003
250,32
252,49
252,45
246,92000000000002
233,87
230,92000000000002
234,92000000000002
229,33999999999997
233,46
236,6
235,51999999999998
229,76999999999998
228,59
228,95
226,73
223,66
228,60999999999999
226,1
227,25
226,25
232,21
242,82
238,8
241,33999999999997
242,33999999999997
238,36
229,05
239,5
236,23000000000002
230,55
228,20000000000002
230,39
228,83999999999997
228,26
239,91000000000003
266,19
288,49
303,52
313,3
318,09
327,17
326,79
329,37
332,21000000000004
326,33000000000004
327,83
332,46
334,43
332,56
331,81
332,64
327,03
322,93
325,73
275,4
238,9
242,59
248,70999999999998
248,87
243,85000000000002
238,28000000000003
245,26999999999998
249,56
252,21999999999997
249,26999999999998
249,64
248,35000000000002
243,42000000000002
244,06
248,82
257,03999999999996
260,16
256,69
256,14
251,64
246,54999999999998
229,42
234,37
232,47
234,89
234,34
236,57
238,04000000000002
238,71999999999997
238,01999999999998
240,34000000000003
251,52999999999997
253,11
253,37
249,60000000000002
255,44
255,58
252,13
255,82
253,37
254,47
255,39
250,59000000000003
257,46000000000004
240,62
237,23
247,88
255,75
255,35
252,04
252,66
256,21000000000004
252,17000000000002
256,83000000000004
255,85
250,65
247,18
240,3
244,94
251,16
251,95
252,6
253,02999999999997
250,72
252,47000000000003
252,23000000000002
254,42000000000002
253,51
250,31
255,74
250,43
227,73
217,11
214,38
219,35999999999999
221,04000000000002
224,96
239,34
231,82999999999998
225,82
227,88
226,17
225,38
221,06
223,64
227,09
235,89999999999998
231,64999999999998
234,24
234,01
239,24
243,58
242,0
237,0
236,74
238,9
239,39999999999998
238,89
243,43
246,68
243,95
243,16
244,53
248,65
252,85999999999999
244,33
242,85000000000002
243,73000000000002
242,57
246,52
250,54999999999998
247,49
248,85999999999999
245,40999999999997
249,37
246,9
251,42
249,7
242,84
238,17000000000002
233,62
226,2
229,39999999999998
230,14999999999998
230,96999999999997
240,82
238,28
236,26
242,02
237,8
234,5
233,07
236,61
234,62
233,17
233,04999999999998
236,15999999999997
232,18
235,75
231,49
234,39
231,79
231,45
233,13
226,71999999999997
224,9
227,87
229,57999999999998
238,23999999999998
284,56
303,72
309,89
325,0
334,86
342,19
336,09000000000003
340,4
337,78
333,5
322,81
326,96999999999997
328,32
327,78
328,42999999999995
327,27
327,16
328,05
333,37
333,6
334,25
331,91999999999996
335,11
336,15999999999997
334,33
333,71999999999997
333,08000000000004
340,73
338,51
327,83
314,52
331,03999999999996
331,62
331,1
326,1195
326,0102
338,02
328,37
329,69
335,52
334,89
336,51
335,31
336,18
333,71
335,5
335,65
330,06
328,0
328,29
328,42
329,89
329,71999999999997
324,25
319,44
332,13
325,35
328,88
329,96999999999997
334,2
337,44
342,58000000000004
342,84000000000003
339,81
338,98
304,45
241,39000000000001
243,20999999999998
244,2
244,04000000000002
244,47000000000003
245,04000000000002
245,26
244,91
243,83999999999997
245,79000000000002
245,38
247,0
245,3
243,10999999999999
246,15
246,98000000000002
243,42000000000002
243,73
243,64
239,16
243,64999999999998
242,79999999999998
241,72
246,5
248,91000000000003
242,5
240,51
244,01999999999998
245,12
244,82
255,45999999999998
252,57
249,74
247,32999999999998
249,41
251,14
255,6
253,76
255,47
251,60000000000002
250,73000000000002
210,13
163,69
163,1
160,37
159,32
162,65
183,35000000000002
227,51999999999998
228,39999999999998
240,89
243,2
241,76
242,16
247,27
250,96999999999997
243,63
248,46
247,96
249,16
256,66999999999996
253,32
254,35000000000002
253,76
252,18
249,49
250,23
251,97
255,64
255,64
255,88
254,41
257,13
255,82999999999998
247,79
246,32
248,69
246,51
245,91
245,8
249,76
254,42
256,76
257,35
260,57
256,41999999999996
254,45
256,7
254,87
255,45
252,79999999999998
250,64
251,43
249,18
251,61
252,13
253,21
250,64999999999998
249,46
247,7
247,10999999999999
248,93
249,41000000000003
249,98
249,71
250,98
252,76
252,1
249,86
253,72000000000003
251,12
253,2
253,11
248,68
253,24
253,39
251,23
252,03000000000003
252,39
253,01
246,43
235,72
239,1
240,09
241,79
245,24
247,6
249,64999999999998
250,73
251,26
250,86
243,68
244,39999999999998
245,11
243,92000000000002
250,2
248,3
244,15
252,23
254,31
249,1
255,04999999999998
255,79
251,97
247,17
242,26999999999998
238,95000000000002
242,38
241,96
248,95
250,44
248,6
250,82
246,29
246,18
248,99
252,34
249,52
247,94
251,63
246,16
249,8
244,64
250,54
251,46
251,26
247,76999999999998
253,66000000000003
241,57
237,12
235,59999999999997
234,16000000000003
235,0
237,12
237,67000000000002
234,27
234,4
247,51
243,97000000000003
237,87
232,62
230,5
246,77
243,84
246,01
249,26999999999998
248,85
250,85
254,85000000000002
252,99
251,82
252,15
246,92000000000002
248,03000000000003
250,76
249,35
248,32
247,75
253,55
255,11
254,96999999999997
251,07
256,53999999999996
260,3
274,95
281,29
290,52
293,61
289,3393
284,07550000000003
282,41
282,63
273,28000000000003
137,47
116,6
115,6
117,4
117,9
119,02000000000001
115,34
117,58
116,97999999999999
117,9
119,9
118,24
120,3
119,52000000000001
118,38
118,47999999999999
119,38
118,58
119,0
117,13999999999999
119,17999999999999
118,5
117,62
119,08
118,7
117,9
112,8
111,24000000000001
114,84
113,72
111,96
112,24000000000001
110,85999999999999
108,4
110,75999999999999
115,84
116,74
118,96000000000001
119,16
118,96000000000001
119,96000000000001
118,86000000000001
120,94
120,52
119,74000000000001
120,24000000000001
121,72
122,7
120,46000000000001
118,56
119,86000000000001
119,76
115,28
111,66
111,84
111,14
111,3
109,8
109,68
107,78
112,86
113,39999999999999
115,46000000000001
114,68
116,82000000000001
116,7
117,62
119,96000000000001
118,67999999999999
119,36000000000001
115,72
118,2
118,88
120,64
120,26
120,56
119,67999999999999
120,38
119,38
116,72
121,72
119,08
114,86
116,72
115,63999999999999
111,42
110,94
118,17999999999999
118,96000000000001
117,88
118,66
119,94
119,06
116,42
118,1
119,36000000000001
118,2
119,26
119,76
112,02
111,54
113,48
109,94
110,42
110,0
115,47999999999999
114,12
118,44
117,17999999999999
117,86000000000001
120,62
119,34
119,06
119,26
119,86000000000001
118,0
120,06
118,4
120,53999999999999
119,86000000000001
119,17999999999999
117,32000000000001
120,94
119,6
116,74
117,92
118,4
117,6
118,3
114,02000000000001
111,32000000000001
113,12
113,8
108,22
154,86
154,66
148,48000000000002
147,51999999999998
143,62
148,38
142,39999999999998
139,14
139,62
139,92000000000002
112,74
66,0
67,5
66,3
66,8
67,1
66,6
65,8
64,9
65,4
66,7
66,3
64,9
65,3
65,5
65,3
64,9
65,7
66,4
66,6
65,7
64,7
64,7
65,4
72,9
73,7
62,4
27,7
27,6
27,2
27,4
27,3
27,5
28,2
27,9
28,4
28,0
28,3
28,7
28,9
29,2
29,0
29,2
31,0
30,8
30,8
30,1
29,4
29,5
28,6
30,5
30,9
29,5
29,5
29,1
28,7
29,1
27,9
28,5
29,9
30,2
29,6
28,4
29,2
28,8
29,6
30,3
30,8
30,0
29,2
29,6
28,5
29,8
29,9
29,4
30,5
29,8
28,9
28,1
28,1
28,6
28,1
29,3
28,4
62,46
82,7
101,55000000000001
114,76
119,02
120,5
120,97999999999999
121,74000000000001
120,62
120,08
121,36
122,36000000000001
121,84
123,06
121,24000000000001
116,02000000000001
114,96
112,86999999999999
113,47
112,08000000000001
110,66999999999999
113,38
110,2
109,9
107,9
110,52
111,60000000000001
111,0
111,30000000000001
111,88
114,54
115,15
116,15
114,9
109,35
108,47999999999999
107,81
107,25
108,63000000000001
109,07
109,15
109,30000000000001
108,04
109,55
109,14000000000001
108,01
106,92
107,77
106,96000000000001
146,81
152,2
152,24
152,92
153,16000000000003
152,3
149,66
149,55
150,61
151,96
153,34
151,64999999999998
152,43
152,2
150,88
146,97
145,60000000000002
146,55
145,37
146,18
149,43
149,85
147,82
150,20999999999998
151,6
152,08
152,18
152,59
150,76
146,99
150,56
149,78
150,98000000000002
150,84
151,10999999999999
149,04000000000002
150,03
150,82
146,9
145,98000000000002
146,42000000000002
146,34
146,82
146,35
149,89
150,87
155,47
160,26999999999998
157,5
158,08
162,11
163,01
161,67000000000002
160,7
159,47
159,60000000000002
159,28
155,67000000000002
154,14
123,27
113,76
111,64000000000001
107,02
108,17
107,67
107,60000000000001
107,37
107,78
108,75999999999999
108,66
112,71000000000001
115,50999999999999
114,19
113,8
115,76
116,17999999999999
118,64999999999999
118,18
119,36000000000001
119,7
120,30000000000001
119,4
117,82
111,92
109,56
109,37
109,71000000000001
110,78999999999999
109,61
110,0
110,35
110,19999999999999
110,86
109,88
111,65
112,44
112,30000000000001
111,52000000000001
110,83
111,46
111,86999999999999
110,56
111,84
112,0
112,24000000000001
113,27
113,47
112,52
113,15
113,61
113,36
113,74000000000001
111,65
112,46
112,86
112,72
113,14
117,92
119,78
120,88
121,30000000000001
121,96000000000001
121,28
122,30000000000001
122,52000000000001
120,28
118,66
118,75999999999999
117,9
118,14
117,64
117,5
112,52
112,1
114,0
111,15
110,80000000000001
111,08
110,77000000000001
114,75999999999999
121,85999999999999
120,80000000000001
119,93
122,43
126,19
126,03
126,62
125,25
126,91999999999999
125,44
123,68
122,68
123,84
121,22
124,96
123,89999999999999
122,05
116,26
114,31
113,41
113,81
115,3
113,36999999999999
115,54
120,17
124,89999999999999
124,48
124,74000000000001
127,78
130,17000000000002
127,47
125,58
123,48
126,58
125,18
122,6
122,0
121,9
120,83
120,75
121,39000000000001
120,74
120,78
119,34
117,8
117,27
117,16
114,84
115,0
120,59
121,32000000000001
120,48
120,94999999999999
123,28
124,3
124,32
121,84
122,11999999999999
122,44
121,96
121,18
121,52
115,59
113,86
114,28999999999999
115,32
115,88
113,72
113,16
112,55
112,46
113,42999999999999
115,93
114,38
115,51
120,44
123,81
126,2
117,78
121,09
120,42
154,26
206,01999999999998
255,29000000000002
279,22
281,07
277,25
282,08
274,01
227,75
112,54
111,85999999999999
111,35999999999999
112,1
113,31
113,42
113,25999999999999
114,83
115,48
114,98
115,19
117,6
117,16
116,81
118,05000000000001
116,98
116,85000000000001
117,34
116,99000000000001
118,64
118,34
118,42
117,38000000000001
116,07
114,49
113,88
112,51
112,96
112,34
113,55
112,91
114,61000000000001
115,31
116,31
116,51
118,1
116,39
115,68
116,06
114,28
113,05
113,25
109,05
99,85
104,05000000000001
112,36
114,46
112,96
115,08
112,1
110,89
111,96
111,77
111,33
115,72
132,07999999999998
158,14999999999998
194,56
250,62
258,82
250,11999999999998
228,96
221,16
225,54000000000002
239,29000000000002
243,46
243,62
244,07
233,95
225,56
226,39
224,07
221,95
225,07
220,56
217,54
218,5
210,53
217,42000000000002
217,51
222,64
223,76
233,8
234,75
236,59
240,92
238,55
236,6
239,43
240,86
239,51999999999998
234,89000000000001
234,26000000000002
242,81
241,38
240,24
232,81
223,84
223,51
220,32999999999998
222,5
225,08999999999997
240,03
240,71
243,04
239,75
238,77
238,79000000000002
245,67000000000002
241,82999999999998
247,43
242,20999999999998
240,42000000000002
237,92000000000002
238,82999999999998
242,21
250,44
248,07
239,68
222,17000000000002
222,03
231,51999999999998
229,63
229,45
229,24
230,32999999999998
231,26999999999998
241,66000000000003
240,20999999999998
245,6
245,59000000000003
247,10000000000002
248,67000000000002
247,98000000000002
244,35
248,42000000000002
246,52999999999997
247,01999999999998
243,15
244,36
245,76999999999998
246,55
249,55
249,19
248,16000000000003
240,45999999999998
232,66
232,15
233,76
238,11
245,93
244,20000000000002
241,47
238,15
236,92
241,72
246,67
244,45
246,43
245,96
245,77640000000002
255,12349999999998
249,48
234,07
247,16000000000003
249,66000000000003
248,74
245,1
235,17000000000002
229,25
226,21999999999997
231,67000000000002
230,57
231,37
238,82
247,53000000000003
245,62
242,60000000000002
242,35
236,82
236,06
239,0
235,74
245,72
245,76
244,82
246,32999999999998
243,02
247,33
249,77999999999997
250,4
237,96
238,62
238,98000000000002
235,07
235,70999999999998
237,59
239,27
237,72
241,5
237,93
239,0
244,4
251,63
251,0
250,60000000000002
250,16000000000003
246,45
247,5059
244,85250000000002
246,47
248,64
248,15
250,62
247,59
236,56
226,55
226,58999999999997
226,4
225,51
224,64999999999998
227,70999999999998
245,85000000000002
244,44
244,81
246,01999999999998
242,86
251,0
248,21
251,02999999999997
251,05
253,17000000000002
248,93
239,04
241,0
243,18
240,35000000000002
252,89
248,11
243,23000000000002
243,99
0,0
0,0
0,0
0,0
0,0
0,0
0,0
0,0
0,0
0,0
0,0
0,0
0,0
0,0
0,0
0,0
0,0
0,0
0,0
0,0
0,0
0,0
0,0
