226,7684039858015
230,8347431395151
231,5850548002817
235,1756029341318
231,1755086899166
223,9890558455088
219,1139655007618
223,4800045649573
230,4300500022403
230,7959458457461
232,5093973160152
232,55870766113512
234,5844472461639
222,218163193633
236,6344489627776
244,4567898856631
243,1737504535613
239,5756446838741
242,1462356461781
242,81296004193007
243,46801619003526
246,94713721808768
238,79017270409705
226,20126491126393
""
""
""
""
""
""
""
""
""
""
""
""
""
""
""
""
""
""
""
""
""
""
""
""
235,56
231,64
227,12
227,63
227,01
227,51
225,54
226,84000000000003
226,79
225,9
229,14
228,31
233,2
237,53
240,87
240,10000000000002
242,66000000000003
239,88
241,84
242,41
242,79
244,21
243,89999999999998
239,32
210,29
220,46
227,15
227,04000000000002
229,17000000000002
228,82
223,96999999999997
226,62
233,92000000000002
240,64
243,13
244,0
242,94
245,20999999999998
239,77999999999997
240,14
234,35
218,25
239,12
237,49
237,07
241,58
247,85
230,86
222,54
218,65
225,54
224,07
226,37
229,82
234,23000000000002
233,65999999999997
225,3
222,89000000000001
230,3
240,42
241,67
244,21
242,32999999999998
244,35
244,43
219,01
219,7
220,7
221,4
222,61
221,44
216,83
220,29
216,69
220,13
219,76999999999998
221,91000000000003
220,76999999999998
221,76999999999998
221,91
226,48000000000002
230,62
237,78
242,89
244,77
243,26
242,08
246,8
242,69
242,42000000000002
238,96
241,91
242,99
242,23000000000002
242,65
240,39
222,10999999999999
216,48000000000002
216,0
213,44
213,84
214,18
233,12
239,62
240,87
239,69
245,45
247,32
248,62
249,86
251,91
250,48000000000002
248,89999999999998
240,58999999999997
247,07
246,31
238,41000000000003
247,46
248,70000000000002
249,63
246,63
243,85
240,27999999999997
244,35999999999999
275,28
279,58000000000004
293,86
302,17
344,28
368,15999999999997
377,40999999999997
374,91
378,2
376,0
375,11
377,09
373,38
371,79
379,02
376,61
390,09
420,72999999999996
425,5
406,74
397,7
387,63
387,67999999999995
390,47999999999996
403,53
419,82
417,21
422,38
418,51
421,87
424,64000000000004
422,40000000000003
417,06
421,73
425,81
419,53000000000003
419,02
418,62
420,86999999999995
417,29
418,58
420,06
420,65
419,05
390,01
385,78
378,96000000000004
382,18
389,44
388,66999999999996
401,67
409,94
402,15
417,78000000000003
429,66999999999996
428,16999999999996
429,01
427,15
426,85
427,09999999999997
424,61
422,42999999999995
424,52000000000004
425,18999999999994
429,12
427,48
425,97
403,15
289,47
248,89999999999998
246,23000000000002
230,66000000000003
233,74
247,97
246,07999999999998
247,31
246,22
246,39999999999998
251,2
253,20999999999998
252,8
252,50000000000003
249,91
249,8
246,69
247,01
247,70999999999998
247,8
246,2
248,8
247,65999999999997
243,32999999999998
238,26999999999998
238,39
235,37
235,46
235,04
233,48
242,69
243,36
245,04000000000002
247,09000000000003
248,74
248,88000000000002
249,23000000000002
252,73000000000002
251,99
252,7
249,9
247,83999999999997
242,61
246,89999999999998
248,26
244,32999999999998
234,4
236,17999999999998
249,92000000000002
247,42000000000002
247,74
256,36
281,2
299,57
369,97
410,74
425,45
426,84999999999997
424,7
428,73
429,57000000000005
428,56
433,02000000000004
430,8
428,08
421,33
416,21999999999997
405,27
400,72
390,02000000000004
386,12
388,29999999999995
385,11
383,18000000000006
380,88
380,36
381,33
381,93
414,55999999999995
421,01
418,94
414,05
423,18
425,22
427,51000000000005
424,27
423,36
419,05
424,56
415,59
412,94
415,31
400,15999999999997
393,91
391,71999999999997
387,94
377,48999999999995
372,61
369,33000000000004
369,09999999999997
374,79
395,3
411,63
421,77000000000004
429,40999999999997
431,12
429,1
430,85
428,99
429,21999999999997
422,19
418,03999999999996
413,54
416,65
416,47999999999996
419,28
419,42
425,22
424,41999999999996
411,26
395,34
372,17
377,0
371,90999999999997
368,08
394,02000000000004
410,51
417,49
408,0
400,46
395,87
403,04
401,11
418,15
411,36
409,89000000000004
405,89
407,51
418,35
413,08
413,64
417,86
422,4
423,57
422,21000000000004
389,13
376,01
374,82
371,97
382,77
402,57
424,89
419,11
430,9
429,95
429,24
411,16
414,31000000000006
410,51
411,24
414,45
416,89
414,39
411,05
418,27
414,8
417,61
425,29
399,01
380,46999999999997
380,53
381,8
383,95
385,5
410,83
414,99
419,55
414,82
417,1
416,52
416,77
420,17999999999995
421,33000000000004
419,26
414,48789999999997
415,4126
421,85
420,59999999999997
419,67
417,86999999999995
423,97
364,07
333,57
325,85
317,39
317,90999999999997
314,37
311,14000000000004
313,13
319,19
325,91
334,54
334,05
325,12
324,47999999999996
322,48
321,25
324,6
322,0
325,43
321,82
324,55
325,17
325,90000000000003
326,76000000000005
326,53
312,46000000000004
316,7
317,65
314,46
313,21000000000004
320,78999999999996
326,18
327,02000000000004
332,07
333,03
334,40999999999997
333,54999999999995
332,84
333,16999999999996
332,65
335,33
333,93
333,62
332,15999999999997
331,33
330,3
334,15
332,82
325,46999999999997
323,77
311,34000000000003
311,86
308,62
307,14
319,59000000000003
336,99
345,54
331,92
330,2
330,07
335,49
337,95000000000005
338,34000000000003
336,34
335,25
332,29
335,84
335,47
332,71999999999997
334,54
333,65999999999997
337,47
334,72
310,15999999999997
306,96000000000004
308,48
309,31
308,43
314,08
330,92
339,97
338,4
345,39
348,59999999999997
348,88
352,37
349,31000000000006
344,94
343,34
347,04
339,36
339,15999999999997
343,33000000000004
341,76
339,97
340,79999999999995
340,125
334,34000000000003
314,28000000000003
304,33000000000004
308,45
311,09000000000003
320,64
342,63
333,03
338,81000000000006
339,40999999999997
337,12
336,84999999999997
336,66999999999996
338,71999999999997
340,66
339,78
337,61
338,47
340,93
339,04999999999995
346,69
336,4
336,40999999999997
337,91999999999996
332,08
332,93
327,89
332,06
329,66
330,45
339,27
339,04
335,91
325,0
332,33000000000004
329,96999999999997
326,32
325,96000000000004
328,97
329,83
328,84
329,95000000000005
326,22
329,02
328,65
332,84
337,37
334,33
318,6
310,06
308,93
307,78
308,86
333,42
336,77
334,55
332,04
333,33000000000004
331,65999999999997
334,21999999999997
331,49
334,27
337,6
340,6
339,05
339,95
333,68
343,87
337,99
344,75
344,7
345,39
339,94000000000005
313,04999999999995
305,11
304,62
304,98999999999995
307,9
305,06
310,97
331,44
338,18
334,79999999999995
327,21
338,43
333,53
338,97
339,46999999999997
344,1873
345,9376
350,55
345,45
341,25
341,72
339,37
338,54999999999995
340,96
335,69
323,39
324,34
320,64
321,46000000000004
336,07
334,94
337,5
346,36
339,69
342,08
343,09
345,34000000000003
346,67
348,97
350,15
342,91999999999996
342,82000000000005
339,19
344,48
347,95000000000005
327,93
331,71
328,16999999999996
329,24
325,95
315,68
318,6
328,45
344,28000000000003
349,15
348,75
342,62
342,76
340,52
341,98
337,83
345,16999999999996
341,11
343,28
341,88
344,45
345,04
346,34999999999997
340,63
343,53999999999996
342,58
330,27
311,24
303,61
306,75
306,65999999999997
325,15999999999997
346,4
341,83
337,88
340,93
339,97
345,09
339,91999999999996
340,68
336,82
337,02
335,21999999999997
339,26
343,32
344,93
342,79
343,27000000000004
343,2
346,78000000000003
344,44
323,53999999999996
312,07
304,74
308,78
327,85
333,03
331,91999999999996
332,68
329,63
341,01
344,48
347,98999999999995
347,59
352,78
349,01
347,79999999999995
347,12
339,48999999999995
338,95
340,15
341,56
343,33000000000004
342,92
325,53
319,95
317,03000000000003
316,59999999999997
315,34
330,64000000000004
340,5
333,78000000000003
343,05
344,59000000000003
342,83
339,82
340,41
346,13
342,96999999999997
344,40000000000003
342,27
342,18
344,48
337,79999999999995
334,08000000000004
337,8
337,51
339,43
325,95
319,12
321,6
322,21000000000004
323,25
332,03
336,96
336,8
337,49
335,91999999999996
335,85
339,28999999999996
339,25
334,46999999999997
341,02
342,32
337,25
332,74
341,33000000000004
342,46999999999997
344,16999999999996
345,64000000000004
345,07
344,53
331,57
326,13
341,72
343,96
344,5
346,96
339,59
335,47
334,35
338,07
336,51
335,68
336,17
335,40000000000003
334,55
337,26
339,0
334,18
337,38
343,69
368,75000000000006
375,87000000000006
371,01
403,40000000000003
400,78999999999996
394,51
397,68
392,89
398,85
413,04
411,05
415,8
415,98
412,21
412,40000000000003
415,33
414,49
414,46000000000004
421,25
406,38
414,80999999999995
413,56
417,61
421,08
416,71000000000004
418,71999999999997
420,37
425,28
409,35
400,28000000000003
396,32
400,8
395,09
411,68
414,7
421,89
419,09
421,37
413,44
399,52
404,16
409,93
409,84999999999997
411,11
410,18
413,30999999999995
412,34
414,51
414,14
414,17
414,4
413,64
403,34000000000003
381,6499999999999
384,34
380,92
381,23999999999995
387,8
402,98
403,31
406,13
409,82000000000005
415,04999999999995
416,33000000000004
418,45
417,46999999999997
417,01
416,96000000000004
417,9599999999999
419,83000000000004
419,27
412,83
410,99
403,39
402,13
403,34
406,57
407,22
405,95
406,13
401,63
407,9
409,93
405,36
397,81
392,59
411,45
411,65
410,65999999999997
413,40999999999997
410,98
394,64
394,84999999999997
394,86
394,09999999999997
396,87
401,92999999999995
405,1
362,33
338,25
321,12
311,69
307,88
305,68
303,92999999999995
318,14
326,08
324,33000000000004
328,18
330,21999999999997
329,96999999999997
321,96000000000004
331,08
335,72
328,49
329,1
335,81
337,0189
333,66999999999996
330,06
326,68999999999994
332,21
333,90000000000003
327,36
330,83000000000004
322,28
310,82
314,5
313,58000000000004
325,47
333,0
323,66
321,88
326,43
334,13
335,70000000000005
336,14
341,81
344,83000000000004
341,27
345,38
344,86
343,73
343,27
343,52
346,3
348,55
345,93
329,15999999999997
311,38
304,66999999999996
294,37
296,19
311,35
316,23
331,49
338,99
342,63
345,64
343,19
343,84
342,6
339,07
334,25
336,46
339,85
330,33000000000004
332,27
342,03999999999996
346,64
340,48
324,96
325,32
320,35
316,69
315,89
321,7
334,55
347,59000000000003
345,84000000000003
343,51
344,09
342,92
339,85
340,39
339,59999999999997
345,22999999999996
336,8
335,9
338,06
338,53999999999996
340,62
341,72
339,13
318,28
313,55
310,61
316,45
315,57
315,67
318,89
318,63
330,5
343,97
344,35
348,43
346,68
337,43
342,94
338,06
341,93
341,90000000000003
341,95
341,75
341,64
342,54
342,77
343,61
342,96
343,57
324,42
315,9
316,75
316,29
317,34999999999997
322,93
342,12
347,07000000000005
347,78999999999996
347,79999999999995
342,48
343,01
343,62
340,62
341,91
339,32
342,58000000000004
342,3
340,32000000000005
338,49
343,88
345,19
342,04
335,3
332,09000000000003
322,64000000000004
315,64
317,52
333,97
340,94
340,8
342,98
343,87
345,75
336,61
337,38
338,65999999999997
341,25
344,47
344,56
338,06
335,25
330,40999999999997
328,81
331,01
334,85
337,63
337,51
335,47
335,8
325,72
323,57
323,21999999999997
344,03000000000003
342,09
339,72
340,2
340,1
337,21
319,40999999999997
331,03
343,6
342,15999999999997
342,37
343,4
339,87
344,80999999999995
339,45
339,78999999999996
344,51
346,92
342,65999999999997
343,90999999999997
343,0
338,12
319,08
317,01
332,61
343,49
341,68
348,55
347,9
348,27
347,48
347,81
342,3
345,0
344,94
343,9683
338,6586
340,44
337,69
337,84
335,51
344,25
341,39
325,14
313,33000000000004
316,44000000000005
313,3
314,53000000000003
316,03
313,98
315,39
336,89
342,13
342,56
335,07
334,74
339,86
316,98
316,21000000000004
327,87
333,21000000000004
335,28
341,08000000000004
341,15
347,41
347,13
343,72999999999996
338,31
328,20000000000005
319,09999999999997
313,56
317,07
322,97
325,55999999999995
334,22
338,69
342,66
339,01
337,53
334,87
337,65999999999997
337,27
340,18
336,64
337,93
322,89
331,19
336,75
325,46000000000004
309,86
313,82
315,41
315,58000000000004
312,65999999999997
314,21000000000004
315,05
317,31
348,88
345,65
343,99
346,96000000000004
346,35
339,47
321,08
325,2
323,87
332,41
338,0
337,08
335,43
333,65
336,4
340,86
337,64
332,12
315,1
313,03999999999996
313,37
321,02
322,17179999999996
338,8745
344,67
332,31
308,85
312,99
321,25
340,498
345,79
341,28
342,68
340,19
337,58000000000004
336,83
333,21
336,54
336,24
343,15
344,53999999999996
341,81
326,52
318,32000000000005
312,4
314,04
310,13
319,34000000000003
336,0
345,9
344,35
341,79
342,99
343,06
343,71000000000004
341,78999999999996
342,65999999999997
340,99
341,46999999999997
338,98
341,55
343,68
341,64
338,02
340,45
336,79999999999995
321,94000000000005
314,82000000000005
318,40999999999997
317,01
316,18
316,65999999999997
329,55
332,22
345,78
343,55
349,29
343,45000000000005
341,62
339,68
342,41
340,23
345,87
347,34999999999997
348,09
344,24
345,83
342,91999999999996
350,66999999999996
337,82
326,37
316,8
312,94
311,27
312,5
328,46
328,08000000000004
334,17
343,90999999999997
340,79
340,04
342,7
343,94
332,8
333,07
334,14
348,43
351,91
353,36
353,79999999999995
344,82
319,22999999999996
313,65
308,0
313,51
305,54
301,90999999999997
310,26
314,17
315,03
302,31
292,74
304,64
307,64
305,9
310,56
319,16999999999996
327,45
334,78999999999996
340,45
346,42999999999995
346,78000000000003
345,45
346,86
344,47
346,68
348,85999999999996
344,05
325,12
316,31
315,28999999999996
314,6
316,39
324,1
339,0
339,45
339,01
337,85
332,31
337,61
335,98
339,12
342,6
346,19
344,6
344,95000000000005
344,21000000000004
346,03
347,4
346,35
345,79
338,54
327,38
325,66
323,06
325,85
325,49
326,25
334,78
338,24
338,13
336,40999999999997
339,15999999999997
338,9
337,36
336,28
335,26
337,19
338,43
338,53
338,57
335,57
336,05
338,28
336,91
337,16999999999996
328,88
314,05
309,74
301,78000000000003
310,13
314,6
325,37
338,58
337,32
337,87
335,33
339,49
346,29
342,90999999999997
342,07
347,62
342,32
338,4
334,24
333,37
332,84
334,58000000000004
333,92
338,7
327,1
308,69000000000005
304,61
307,13
314,89
330,70000000000005
338,12
339,38
338,40999999999997
336,31
337,48
336,15
334,03
339,76
339,47
342,56
342,58
342,57000000000005
338,75
337,18
338,40999999999997
339,57
340,29
337,84999999999997
341,87
331,69
319,87
316,1
318,31
325,04
335,86
333,9
334,84
334,44
335,53
342,59999999999997
341,6
342,32
342,51
340,04
344,29
340,73
340,61
339,51
332,76
327,91999999999996
336,15999999999997
334,68
335,43
320,17
320,47
318,8
317,31
323,66999999999996
333,40999999999997
344,22
347,69999999999993
348,27
350,98
348,22
349,54999999999995
346,31
344,08000000000004
342,43
327,34999999999997
336,84000000000003
341,74
329,38
""
""
""
""
192,01
152,61
151,12
151,43
150,14
152,22
154,28
161,8
164,44
164,38
162,11
162,71
162,29
162,81
161,52
162,55
159,79
160,19
163,05
159,76
162,49
162,67
162,17
164,33
162,78
150,04
147,2
146,3
145,29
145,53
147,19
152,37
151,47
154,68
158,8
160,09
155,78
154,33
155,41
153,62
155,38
157,04
157,11
155,27
156,75
150,07
155,21
156,58
152,66
154,88
155,55
154,07
154,48
159,6
165,23
160,58
164,08
163,61
167,8
163,76
162,67
164,31
163,43
164,8
163,26
160,61
159,13
155,25
150,11
151,43
149,76
141,32
153,77
157,83
156,1
156,3
156,64
159,5
159,7
160,03
161,37
159,98
161,15
161,39
159,74
161,28
160,73
158,53
157,21
157,94
159,13
160,5
158,55
155,55
153,7
152,38
153,5
150,77
150,6
148,94
147,23
149,05
149,98
155,74
156,52
160,63
160,16
150,29
144,31
144,01
147,9
153,19
152,75
154,28
152,68
148,8
149,21
146,95
152,21
151,48
151,5
151,17
152,21
151,67
151,7
152,55
158,01
157,91
158,0
""
""
""
162,3154509014916
163,7236612532236
161,9862256580291
161,9662245856753
161,0164353053137
163,4798508962358
163,8704866621591
163,8821587456959
164,6784375932844
166,0066858503916
154,8526549021765
156,0339433882334
155,5204793506561
155,8433345583112
158,459116151634
156,0538155450124
157,10899221635842
155,8204976188174
157,2470957862369
164,978401205311
167,6156678094166
165,8361646228729
169,3462536070444
170,06448877126292
167,6544951969085
201,6262967470319
212,8922596529157
219,02614671922697
227,0495996433196
237,1352169545854
241,9590365092322
242,09492742330139
243,7782558780608
232,6770236545501
229,5304420513939
230,3199314456878
232,74
238,35999999999999
237,72
239,25
237,16
234,45
233,55
232,44
242,51
249,12
252,22
251,79
242,64000000000001
251,13
250,57
235,45
244,95
238,26999999999998
244,03
244,33
248,46
246,12
244,55
245,97
248,54000000000002
252,57
246,99
249,2
252,37
248,59
249,02999999999997
252,2
250,98000000000002
252,56
249,04000000000002
251,10999999999999
254,62
254,97000000000003
251,71999999999997
246,84
249,36
249,32999999999998
248,18
252,76999999999998
253,86
174,91000000000003
163,36
152,26
153,18
151,88
152,75
153,03
151,05
151,46
154,01
156,66
156,43
157,19
163,27
168,02
168,88
167,94
166,6
165,16
163,97
162,3
152,74
160,28
159,26
159,49
161,08
160,21
153,21
148,86
148,84
150,74
148,25
148,49
148,03
152,49
149,38
151,07
149,32
149,41
148,94
147,22
148,03
157,11
156,96
153,92
156,86
156,17
156,91
158,1
158,93
154,58
145,31
141,52
140,75
136,91
138,55
140,39
142,74
158,13
158,57
159,68
156,48
156,15
146,61
149,72
155,04
158,65
156,047
159,8683
155,9
153,59
153,94
160,05
158,66
160,1
159,04
151,97
148,27
152,71
153,63
151,82
155,54
154,9
158,55
152,48
150,84
151,33
155,8
155,85
153,75
154,33
154,45
156,66
155,57
156,87
154,87
157,49
156,3
161,19
156,2
147,43
146,56
147,61
148,27
145,93
148,13
153,33
158,22
159,53
155,92
154,97
153,94
152,54
158,81
154,76
157,1
161,7
156,36
157,51
157,59
156,48
156,1
155,83
155,59
154,78
149,0
147,22
148,47
144,92
142,16
142,87
151,79
145,12
146,26
146,23
145,78
146,2
145,69
146,58
145,68
145,73
143,16
145,18
142,58
149,58
158,72
158,03
148,02
146,83
144,79
146,44
145,36
144,48
156,02
159,17
157,76
165,79
167,2
165,53
159,29
157,93
158,25
156,17
155,92
154,97
156,45
155,68
158,86
161,0
164,88
155,74
148,76
149,6
148,36
149,17
149,13
148,39
157,86
160,54
159,08
157,26
157,01
158,6
160,28
162,98
156,0
151,09
158,22
155,21
160,61
157,75
158,69
158,62
152,33
152,4
153,23
151,84
148,04
147,04
148,81
153,92
155,68
157,47
154,96
151,96
152,37
150,73
152,44
157,16
158,96
159,25
161,3
159,22
159,68
160,22
161,77
161,3
162,78
164,54
162,68
142,2
140,65
139,52
146,06
157,47
158,84
163,74
161,54
162,63
161,65
159,74
161,88
161,77
156,57
154,74
155,0
153,94
153,88
154,41
155,02
155,12
153,36
151,01
144,52
147,46
141,16
142,2
146,01
141,61
145,57
165,27
162,49
161,5
160,0
157,43
163,11
160,69
160,2
162,68
159,95
160,49
162,69
161,13
161,67
161,34
161,82
164,47
162,47
159,69
159,01
160,07
157,7
156,41
159,72
158,64
166,41
168,76
170,56
170,95
165,07
163,05
163,2
162,74
160,22
162,16
163,35
143,76
133,33
136,57
132,05
84,3
0,0
0,0
0,0
0,0
0,0
1,7
7,3
13,1
25,9
29,3
30,7
30,2
28,4
27,8
28,4
29,1
29,3
29,1
27,0
28,4
28,9
27,7
27,4
27,9
28,5
28,2
28,1
27,5
28,0
27,8
28,1
27,8
26,8
26,1
25,9
26,2
26,3
26,4
26,2
25,2
25,9
25,4
32,08
49,84
117,81
155,18
189,58
182,84
178,08999999999997
178,45000000000002
179,23999999999998
179,35000000000002
181,61
187,39999999999998
189,01
189,08
191,06
189,61
189,98
190,53
190,56
191,29
191,8
191,33
192,44
198,07999999999998
199,17000000000002
194,59
191,66
192,87
156,02
153,31
155,09
154,64
154,96
155,3
157,76
152,83
155,37
156,88
154,53
155,01
155,84
155,64
155,52
153,4
152,34
151,2
150,13
149,68
150,04
153,25
151,76
154,32
155,32
155,67
156,3
156,52
157,78
163,22
163,47
163,18
159,17
159,5
163,71
163,69
162,78
162,08
161,79
156,2
157,57
157,72
157,72
155,43
152,52
146,99
139,46
156,44
157,73
156,74
156,33
157,11
156,8
156,64
154,89
153,57
152,38
153,92
154,96
155,98
155,93
156,94
157,29
154,91
155,86
155,53
155,84
154,31
156,53
156,65
155,07
157,32
157,97
158,63
157,99
157,11
155,72
152,28
155,62
147,76
148,25
150,54
153,58
158,8
159,54
156,26
155,17
155,73
157,72
156,81
153,93
150,51
153,07
157,47
157,56
158,65
159,26
159,07
156,5
""
0,0
157,33
149,06
148,36
148,69
156,18
163,33
162,49
160,73
158,64
155,56
155,62
160,5
154,21
153,67
154,55
147,54
146,39
148,95
148,69
154,52
153,23
156,59
157,06
153,52
148,82
149,43
153,55
153,62
155,84
163,28
162,21
159,84
160,71
162,53
161,0
157,21
154,85
154,72
154,42
154,49
154,72
152,91
157,24
153,61
147,43
156,61
155,27
156,87
148,28
147,34
152,6
177,4
192,48000000000002
210,47
211,64
220,87
238,42000000000002
248,27
244,43
245,34999999999997
247,48000000000002
246,54000000000002
245,52
247,74
242,4
243,23
242,51
242,99
241,92000000000002
242,9
241,76000000000002
241,64
240,55
237,51000000000002
240,0
239,74
241,82
251,62
253,88
253,32
250,62
251,31
246,07
242,45999999999998
243,64999999999998
242,89
247,14
245,87
243,82
244,37
245,64
244,8
245,76
244,42
245,25
236,57999999999998
233,97000000000003
234,62
236,13
234,13
234,60000000000002
240,26
242,21
243,96
244,97
242,39
240,57
233,51999999999998
233,25
236,2351
237,958
236,74
237,33999999999997
241,16
241,94
246,26
245,19
244,01
236,82999999999998
234,82
233,86
232,34999999999997
233,36
240,16000000000003
245,09000000000003
249,89999999999998
251,07999999999998
247,72000000000003
247,01
247,67000000000002
247,36
246,47
248,82999999999998
249,77999999999997
247,25
248,35000000000002
248,38
250,64999999999998
253,69
255,94
253,46
254,25
245,02
236,79
235,67000000000002
235,89
235,61
236,71
245,54
247,89999999999998
245,68
239,55
198,01
201,71
221,96
236,34999999999997
244,95000000000002
246,5
243,18
245,9
247,37
248,42000000000002
245,7
247,1
245,75
246,47000000000003
247,20999999999998
240,32
238,89999999999998
238,65
238,9
241,25
240,22000000000003
242,95
243,07
240,97
240,35999999999999
241,5
231,95999999999998
229,90999999999997
230,17
232,61769999999999
243,4206
244,74
244,41
243,66
244,65
245,6
245,22
242,34999999999997
245,04
233,37
236,0
236,55
235,81
239,04
240,42000000000002
239,60000000000002
246,57
245,06
247,0
244,86
248,56
247,32
247,21999999999997
247,44
245,87
248,63
245,99
246,07
245,59000000000003
247,63
248,89000000000001
249,95999999999998
248,25
245,99
235,60000000000002
237,07999999999998
249,01999999999998
252,52
253,15999999999997
252,31
252,32999999999998
252,94
255,0
258,19
256,02
258,33000000000004
257,89
257,32
256,77
256,57
257,96000000000004
256,42
259,33
260,15
260,77
254,58999999999997
248,32
239,52999999999997
230,52999999999997
230,57
231,49
236,13
243,16000000000003
257,07
261,03999999999996
258,85929999999996
256,7759
255,3
255,9
255,17000000000002
254,07
260,5813
256,6626
256,55
259,11
244,0
233,86
259,94
262,59
255,26
237,65
234,26000000000002
234,82
234,69
242,01999999999998
250,97000000000003
257,31
259,54
256,58
257,7
255,58
257,75
259,43
259,73
259,2
259,87
256,87
250,82
249,11
248,21
249,14
249,32
250,04000000000002
244,7
243,5
240,97
239,95999999999998
242,70999999999998
240,97000000000003
243,4
239,68
243,14
242,25
240,76999999999998
239,38
240,82999999999998
239,56
240,99
242,16000000000003
240,44
240,95
240,3
239,81
240,01
235,06
242,76999999999998
221,66
156,6
156,96
156,86
156,47
155,87
156,6
156,99
158,5
157,04
161,94
164,36
163,64
161,76
160,91
149,54
153,52
156,15
155,87
158,05
165,06
161,49
166,2
165,16
166,5
165,2
159,99
161,27
161,15
159,09
159,53
159,74
160,19
159,16
158,33
158,99
139,55
140,27
148,64
153,5
145,47
143,6
140,6
146,99
147,94
147,57
149,09
149,93
148,35
149,09
147,81
151,23
151,34
148,83
148,33
148,66
148,02
151,35
150,31
131,26
0,0
0,0
0,0
0,0
0,0
0,0
1,8
7,6
20,8
25,0
28,2
27,8
27,4
26,1
24,7
25,5
25,3
25,8
26,0
26,2
27,7
30,4
28,0
26,6
28,3
28,0
27,7
27,1
27,0
26,9
26,8
27,2
27,1
27,7
26,3
26,7
26,5
26,7
26,9
28,0
26,9
26,9
26,4
26,6
27,0
26,9
26,9
27,1
27,0
26,4
25,4
25,6
26,2
25,2
35,97
85,53
131,75
169,5
189,59
187,44
143,0
154,51
156,36
156,08
156,35
156,91
156,05
157,24
158,25
159,65
166,49
165,55
168,57
168,43
167,77
168,59
164,89
164,6
164,77
164,36
163,37
163,42
165,15
166,04
164,15
166,39
166,77
163,71
161,8
161,87
160,82
161,24
163,5
173,32
176,44
175,36
175,31
173,44
171,58
171,84
170,45
173,17
169,58
170,43
171,28
166,37
169,3
168,09
162,7
163,41
161,47
163,27
163,82
163,21
167,21
170,55
168,43
168,64
165,54
172,88
173,32
164,2
167,12
165,5
170,84
173,23
171,82
172,59
170,15
160,98
162,64
162,03
162,21
160,36
152,86
152,36
152,14
153,23
155,02
163,53
161,87
165,03
163,95
166,08
166,77
165,47
165,83
165,83
166,13
166,79
164,03
165,65
167,06
164,88
164,55
163,51
161,24
160,58
160,63
162,32
162,9
164,19
163,46
166,41
170,02
171,5
170,34
166,08
165,28
169,33
170,76
169,69
166,72
165,1
165,17
166,12
166,21
165,22
165,32
165,64
165,74
165,54
166,46
165,15
166,86
162,28
158,05
163,47
163,97
164,06
163,48
164,01
163,21
164,27
162,56
162,82
162,09
162,81
161,03
164,1
164,69
163,36
164,86
163,11
157,07
164,82
162,79
164,56
157,44
156,48
162,78
161,33
164,2
167,13
162,96
165,85
172,49
172,07
171,21
164,94
173,49
173,42
177,81
164,92
164,55
159,87
157,73
164,91
165,93
166,36
162,13
157,77
147,68
147,66
151,44
164,35
165,43
161,23
165,69
165,19
164,96
165,01
164,18
165,14
166,17
165,11
161,85
154,09
154,24
152,21
152,87
159,75
161,86
161,25
161,27
159,86
157,37
150,35
147,95
153,43
158,67
164,43
166,52
165,04
167,49
165,02
162,83
164,61
171,92
171,17
165,2
163,54
156,82
157,36
156,6
164,62
168,09
168,32
160,72
161,44
160,91
159,42
159,09
162,2
159,7
156,26
156,04
163,25
153,87
150,26
150,55
152,37
151,49
150,4
151,82
159,54
164,65
161,1
160,18
157,78
158,95
159,54
151,27
154,02
153,25
153,04
152,14
152,32
151,43
151,36
151,07
148,71
148,81
150,03
155,77
165,32
167,24
157,04
158,84
165,62
163,42
163,75
161,88
163,61
163,78
164,51
165,39
165,6
165,65
166,5
166,67
167,25
163,31
169,29
168,62
171,37
155,54
169,02
168,41
168,78
168,84
169,0
170,38
175,7
169,69
167,95
167,23
166,02
165,89
167,25
169,95
157,98
163,09
163,52
163,86
165,6
172,46
172,41
172,05
171,56
171,04
170,62
171,45
170,81
171,23
170,9335
171,6108
170,66
168,67
168,47
166,11
166,71
167,03
166,52
169,66
168,32
170,36
171,01
169,19
170,43
169,14
168,13
168,45
174,84
174,0
175,73
175,28
174,73
176,26
174,52
174,89
172,36
172,89
172,32
169,09
143,75
144,91
144,3
143,12
144,62
144,91
144,87
141,46
140,01
144,9
142,03
142,52
141,76
141,9
142,79
143,13
142,17
142,13
149,84
150,58
151,86
151,57
153,25
168,85
168,32
155,07
154,54
149,04
147,76
149,0
145,5
161,31
170,59
156,87
144,48
142,03
151,01
169,4
169,15
172,04
171,26
173,27
167,48
157,57
160,77
159,14
157,71
155,47
152,13
146,63
147,7
146,98
147,15
148,8
150,48
151,63
154,14
159,94
156,99
154,71
155,34
153,62
163,7
159,71
157,64
163,3
167,92
156,71
162,84
157,57
158,01
158,62
159,28
159,49
""
""
""
""
""
""
""
""
""
""
""
""
""
""
""
""
""
""
""
""
""
""
""
""
139,95
141,82
140,85
141,75
141,63
142,58
148,68
170,51
166,3
165,0
164,13
160,49
158,39
166,41
168,47
167,46
153,44
151,04
166,96
165,77
165,16
149,91
143,8
146,98
149,59
162,58
154,64
143,1
142,55
142,67
148,98
143,62
162,55
180,42
158,91
155,27
153,41
154,27
156,21
154,95
177,45
177,54
176,98
168,77
166,77
156,67
150,87
154,96
159,62
159,74
160,8
160,92
160,4
158,83
161,99
164,19
168,28
167,92
169,0
166,7
168,11
154,53
164,7
170,89
171,63
168,05
151,4
157,88
159,45
159,1
152,81
148,56
147,25
149,45
150,18
148,24
148,94
150,23
148,79
150,22
164,04
162,25
162,89
162,14
156,25
154,41
152,97
153,52
155,23
153,22
152,56
154,07
153,19
152,6
154,61
154,43
153,67
154,53
155,21
156,71
147,48
146,34
147,76
159,36
158,47
157,74
156,54
156,61
155,03
156,35
161,53
161,43
160,58
159,16
161,59
162,18
162,26
163,64
162,95
162,88
163,36
155,65
156,46
155,85
155,03
145,99
146,86
147,31
148,25
146,89
145,67
146,97
156,9
154,47
158,28
164,09
164,1094
162,4936
161,52
165,6
164,17
164,25
167,04
165,5
163,93
162,12
155,37
155,11
155,79
155,86
157,09
148,61
146,35
157,4
163,07
163,29
152,34
150,6
152,08
148,86
145,28
144,34
153,72
170,1
171,67
171,95
174,8
156,13
143,54
143,02
144,41
144,66
145,85
137,24
136,42
168,05
168,05
164,94
163,23
163,53
162,82
162,77
163,34
159,24
162,25
166,97
165,53
168,36
171,81
172,18
171,28
171,61
164,8
157,76
158,74
158,92
159,52
159,35
167,78
170,51
167,68
165,57
164,37
168,84
166,52
167,32
169,01
166,92
169,27
165,94
165,51
166,17
163,67
164,76
167,97
160,58
169,02
145,13
148,15
165,14
166,06
165,66
167,24
175,12
175,21
173,4
174,4
174,08
170,95
171,69
173,98
171,89
172,68
173,2
176,54
174,06
174,45
176,34
146,93
147,22
146,21
144,74
144,22
144,22
143,69
143,76
143,62
143,7
142,93
144,03
143,02
142,97
143,42
141,97
142,71
144,85
144,92
144,7
145,16
144,61
145,02
144,33
143,6
143,77
142,47
143,29
144,18
143,8
145,05
143,33
146,85
169,14
171,82
172,12
172,1
171,13
171,74
172,8
171,59
172,46
160,94
159,14
177,42
176,66
178,45
176,96
175,44
163,59
161,02
151,72
148,75
149,6
148,34
149,65
151,89
173,85
173,36
172,49
170,99
170,0
171,08
170,25
169,89
171,38
171,09
177,97
177,84
178,01
177,08
175,49
165,86
164,51
166,13
166,12
148,59
147,27
146,52
146,03
147,12
147,3
154,24
164,38
164,28
164,67
164,56
163,35
167,58
172,22
163,1
162,9
163,85
164,17
162,5
164,29
164,33
163,74
156,03
155,19
153,84
155,25
154,91
157,31
167,39
177,65
177,12
176,42
175,96
175,0
175,16
176,59
177,47
177,42
172,12
175,96
169,7
173,07
172,57
171,13
170,24
158,35
149,41
145,54
143,44
143,41
143,59
145,94
158,39
168,13
169,34
168,02
166,5838
169,3868
169,18
169,27
170,57
170,13
165,83
163,96
167,28
165,33
168,68
166,44
167,12
168,12
154,76
151,35
151,73
151,49
151,37
151,63
161,51
167,4
167,72
165,92
162,12
163,69
163,71
162,8
161,1
151,31
149,11
145,11
160,17
159,12
155,4
162,89
149,93
147,71
150,13
151,03
160,51
161,68
152,43
152,89
152,29
153,72
152,49
153,59
153,4
153,54
158,53
159,81
161,51
165,75
166,09
167,26
165,58
168,13
170,96
169,9
170,84
150,98
150,51
150,08
150,61
152,51
150,92
152,7
153,28
168,45
168,31
168,88
166,32
162,07
165,53
165,31
163,67
163,23
165,44
165,16
162,81
161,26
161,44
159,29
164,13
161,46
162,57
146,62
150,11
150,48
150,2
149,45
150,79
142,64
164,07
167,19
167,91
167,1
158,19
157,07
162,3
160,75
165,81
168,35
164,3
167,97
167,83
167,02
169,16
164,75
163,92
161,28
148,45
148,23
147,19
147,53
148,08
157,12
169,13
174,25
161,68
154,94
158,71
165,99
153,7
141,35
145,09
163,81
164,31
166,31
169,86
169,4
169,39
170,09
167,49
168,32
151,19
149,75
146,01
145,5
147,23
153,75
155,78
154,96
151,95
161,64
159,59
159,71
162,38
159,45
162,71
164,49
163,72
168,73
167,31
168,03
169,07
168,35
168,79
168,85
154,74
150,06
150,59
154,68
171,31
172,7
169,94
170,8
169,29
169,96
167,23
169,12
167,06
167,83
169,41
167,36
167,05
167,03
169,47
167,06
168,08
163,22
173,57
170,54
168,64
156,54
156,33
157,96
162,91
171,95
173,54
174,26
171,21
162,22
161,18
159,46
161,45
156,8
161,43
169,56
163,1
161,86
161,14
160,97
159,63
160,46
158,56
159,96
158,79
159,33
161,37
160,85
168,4
166,0
181,51000000000002
203,09
209,48999999999998
227,03
233,64
247,01
252,32
248,42
248,93
252,25
256,25
258,57
259,54
252,12
253,65
242,85
243,3
244,12
237,06
232,03000000000003
231,66
234,2
237,86
250,24
253,23
253,68
253,62
253,7
237,47
229,76999999999998
233,36
234,22000000000003
236,04000000000002
249,53
255,86
255,10999999999999
255,01999999999998
248,24
248,69
247,16
245,82
242,41
240,34
239,14000000000001
246,49
239,76
238,91
234,65
253,68
249,95999999999998
249,13
249,31
253,91
252,66000000000003
254,48000000000002
254,31
247,97000000000003
241,26
243,11
259,09
258,39
258,21
253,13
251,56
252,3
245,09
251,15
246,26999999999998
242,8
238,56
243,18
230,53
230,65999999999997
242,86
245,0
242,23000000000002
249,95
249,87
248,85
247,04
239,14000000000001
241,76999999999998
245,94
253,68
253,01999999999998
256,4
254,76999999999998
253,53000000000003
253,64999999999998
244,93
230,0
227,68
227,89000000000001
230,04000000000002
239,55
241,79999999999998
241,58
260,62
264,07
306,67999999999995
313,47999999999996
305,06
324,65999999999997
337,97
341,15
342,84000000000003
348,82
346,28
349,29999999999995
348,79999999999995
350,62
350,61
349,96999999999997
331,23
307,05
303,63
315,52
326,15999999999997
336,74
343,27
341,07
340,97999999999996
339,05
338,3
336,64
343,68
351,6
349,0
348,40999999999997
341,25
351,62
349,15
354,67999999999995
349,77
352,27
351,21
342,07
323,18
314,23
313,6
314,86
318,78000000000003
340,19
345,48
345,88
343,26
345,05
340,87
348,69
351,13
352,16
355,02
354,34000000000003
351,91
350,12
353,6
352,17999999999995
351,75
352,74
352,86
338,87
331,89000000000004
316,78
310,0
310,18
313,27
321,49
337,56
345,09000000000003
351,46999999999997
341,16999999999996
343,01
337,01000000000005
321,34999999999997
313,67999999999995
311,64
325,68
330,65
333,76
345,02
354,05999999999995
356,25
354,51
336,38
329,18999999999994
315,28
298,17
298,84
301,55
301,70000000000005
304,99
334,85
335,31
333,43
337,06
339,16999999999996
329,92
326,90999999999997
329,37
335,9
340,09
338,13
336,64
338,65
339,46000000000004
344,44
347,27
349,83
328,02
309,06
301,43
299,5
301,78
313,8
307,35
325,34
332,77
341,51
345,5
343,64
342,35
333,53999999999996
335,76
334,46
333,61
333,81
332,99
334,65
334,44
332,69
331,06
333,71
331,04
328,54
314,90999999999997
307,52000000000004
307,85
309,53999999999996
310,39
308,09000000000003
306,44
308,15
329,89
339,96
340,80999999999995
332,21
315,47
311,42999999999995
319,85
317,1
336,88
348,32
328,99
320,44
320,25
273,84
178,2
177,14
177,94
178,55
182,07
182,42000000000002
182,51
182,6
180,31
178,55
177,06
180,22
176,35
176,7
177,67000000000002
178,64
178,99
177,06
178,11
178,9
178,55
177,85000000000002
180,22
180,14
180,22
165,44
161,92000000000002
163,42000000000002
162,10000000000002
163,5
162,45
170,81
183,04
182,69
181,02
181,72
181,63
183,04
182,69
183,39
180,22
179,78
179,07999999999998
152,77
152,68
172,0
176,88
175,20999999999998
176,0
171,42000000000002
159,63
161,3
168,34
180,22
179,95999999999998
180,05
180,76
191,0
237,94
303,46
319,62
322,43
330,28
344,85
344,22999999999996
345,07
344,67999999999995
345,34000000000003
345,62
349,36999999999995
347,26
321,31
326,26
327,78
320,36
317,75
318,02
316,73
342,45
351,14
346,35
347,95
346,46000000000004
347,1
343,49
343,26
345,06999999999994
343,62
345,23
345,61
348,52
348,85
265,04
267,86
267,5
255,86
254,44
237,13
230,04
230,48000000000002
229,67000000000002
230,42
242,47
248,8
247,22
245,97
246,37
245,82
245,63
242,38
242,18
241,58
245,57
244,23000000000002
251,88
261,71000000000004
262,44
263,77
265,89
267,38
267,2
252,93
237,34
230,4
219,48000000000002
222,45999999999998
227,51
235,51999999999998
243,21
248,81
254,85000000000002
249,85
248,76
248,69
248,9
247,26
252,57
254,20999999999998
255,92
256,45
257,39
259,73
255,79
249,68
261,90999999999997
241,66
233,41
224,96
223,38
222,78
224,72000000000003
226,79000000000002
246,13
252,17000000000002
256,76
254,79000000000002
255,88
255,49
253,07
243,06
239,12
237,16000000000003
253,89
254,32
253,07999999999998
254,52999999999997
254,37
255,95999999999998
254,68
240,91000000000003
232,62
233,94
235,07999999999998
236,19
249,25
263,96000000000004
230,81
223,31
246,76
257,86
254,73000000000002
261,81
203,03
174,16
172,45
174,0
173,87
174,39
174,23
173,91
174,95
157,3
155,77
155,37
156,72
147,48
155,42
157,24
170,23000000000002
190,79000000000002
203,6
223,4
232,41000000000003
235,52999999999997
234,43
238,02
244,02999999999997
235,66
229,96
237,16000000000003
249,72000000000003
250,12
249,85999999999999
248,18
230,95999999999998
222,56
241,43
244,39
244,10000000000002
243,21999999999997
244,71
242,62
252,6
259,34
259,5
259,7
256,48
256,32
255,61
252,36
258,46000000000004
258,13
261,19
262,17
263,07
264,82
263,23
258,6
260,91
257,13
260,13
237,67000000000002
236,7
223,51
222,89
223,41
251,01
253,25
255,12
257,57
261,87
261,70000000000005
259,44
255,79999999999998
257,66999999999996
257,92
257,74
264,01
262,55
264,08000000000004
265,33000000000004
263,27
262,84000000000003
264,83
259,23
258,94
248,01
242,32999999999998
242,0
243,70999999999998
251,26999999999998
249,67000000000002
260,99
261,5
258,96
265,08
267,82
285,91999999999996
272,65999999999997
239,71
247,11
254,26999999999998
255,21999999999997
258,53
260,28
258,07
253,45
256,96000000000004
253,33
232,88
225,49
226,83
226,59
225,29
227,7
233,78
245,23000000000002
251,76999999999998
259,65
259,07
240,79999999999998
253,35999999999999
250,69
252,75
245,98
240,38
244,96
243,48000000000002
246,12
245,38
247,42000000000002
247,43
245,51999999999998
234,64999999999998
234,46
234,88
234,56
234,41000000000003
233,84000000000003
250,49
253,39
252,28000000000003
255,44
256,68
261,27
262,54
264,35
264,39
258,7
262,34
262,97
261,07
257,31
256,32
255,35
254,08999999999997
247,23000000000002
225,05
227,91000000000003
226,43
225,32
225,63
233,63
249,26
247,01
258,03999999999996
261,2
259,18
259,82
256,79999999999995
249,05
255,35999999999999
248,88
253,81
254,7
254,68
251,07
253,89999999999998
248,84
246,09
""
""
""
""
""
""
""
""
""
""
""
""
""
""
""
""
""
""
""
""
""
""
""
""
108,48
89,76
82,72
80,08
79,2
79,2
102,52
126,46000000000001
136,22
122,5
143,21
163,68
167,64
165,0
166,85000000000002
165,97
172,92000000000002
178,55
177,94
178,64
182,51
183,04000000000002
165,0
161,39
161,57
160,86
162,01
160,34
159,01999999999998
161,22
168,61
174,32999999999998
179,07999999999998
175,65
177,85
177,04
178,82
177,76
175,74
175,03
175,74
173,36
174,32999999999998
179,61
178,73
179,17000000000002
178,2
178,99
179,43
180,66000000000003
169,84
161,92
161,66
178,64
179,87
181,45999999999998
181,72
186,47
186,56
187,0
185,68
186,65
187,44
188,32
184,8
185,06
186,03
184,36
184,62
185,32999999999998
185,76999999999998
186,38
185,5
184,8
185,68
171,86
164,56
165,35
165,0
168,7
180,93
183,04000000000002
183,57
183,39
184,10000000000002
184,62
183,82999999999998
184,26999999999998
182,16
160,25
90,64
90,64
89,76
99,78999999999999
141,77
159,46
170,98000000000002
181,81
173,1
165,0
169,57999999999998
170,1
171,69
168,87
169,05
173,01
171,6
172,13
174,06
177,14
176,97
176,62
176,09
177,94
176,88
175,82
176,44
180,57999999999998
181,01999999999998
180,05
179,78
178,9
181,45999999999998
167,73000000000002
165,44
181,54000000000002
181,9
180,14
179,78
178,99
178,82
177,67000000000002
174,94
177,14
180,05
178,2
175,56
173,10000000000002
174,06
175,82
175,56
179,07999999999998
162,36
157,34
170,37
168,95999999999998
170,98000000000002
172,39
172,82999999999998
174,94
176,79000000000002
175,03
177,5
181,9
182,6
179,51999999999998
179,87
179,61
179,78
179,26
180,75
180,83999999999997
178,64
179,7
180,22
182,69
182,6
192,09
182,86
172,04
159,63
158,66
160,86
161,92000000000002
167,46
179,43
179,95999999999998
180,66
181,81
178,99
179,95999999999998
180,05
180,22
179,78
178,9
179,95999999999998
178,2
177,76
179,43
181,46
179,7
178,45999999999998
178,45999999999998
172,04000000000002
161,74
158,22
158,83999999999997
161,3
172,74
174,68
172,04000000000002
168,87
174,14999999999998
178,55
179,17000000000002
178,82
179,34
179,87
178,99
181,81
183,3
183,04000000000002
181,54000000000002
182,16
182,16
180,84
183,66
178,46
161,48
161,48
163,59
176,62
183,74
184,01
181,46
183,04000000000002
183,39
180,31
178,2
180,83999999999997
181,54000000000002
183,48000000000002
179,61
179,43
178,2
179,87
178,82
160,51
91,87
91,52
82,28
80,26
80,17
81,05
80,43
80,78
81,58
80,78
81,49
82,37
80,78
80,08
79,9
80,7
81,58
80,61
81,31
80,78
80,87
81,22
81,14
80,96
80,96
81,05
80,87
81,4
81,22
81,14
81,05
81,14
81,22
80,96
81,14
80,96
80,96
81,49
80,87
81,05
81,22
81,31
81,05
81,31
80,78
81,14
81,14
81,22
81,31
80,96
81,05
81,75
80,7
79,82
81,58
81,14
81,49
85,89
92,14
93,19
92,58
92,75
93,02
92,84
91,87
91,08
91,34
91,87
91,61
92,84
92,22
92,49
92,31
92,31
93,02
94,42
94,6
94,42
95,3
94,95
94,6
93,46
92,75
91,95
91,43
91,7
91,61
92,75
93,02
93,81
92,93
95,83
96,54
96,1
95,66
93,46
93,37
93,81
93,1
89,85
89,58
85,71
81,84
81,75
82,63
90,9
92,22
93,02
92,58
92,66
92,66
92,14
92,31
92,58
92,66
93,1
92,4
92,14
92,66
92,31
92,84
91,78
91,96
91,17
91,43
91,87
91,52
92,22
92,66
92,49
91,96
93,1
91,96
92,4
92,93
92,05
92,14
93,02
91,87
92,75
92,4
92,49
92,66
92,14
92,66
69,17
87,47
82,54
82,1
82,1
82,37
82,37
81,93
88,18
91,78
74,8
64,33
83,51
85,18
87,03
87,47
88,88
90,38
91,78
91,26
91,61
91,34
91,87
92,05
90,99
83,16
82,98
83,07
83,07
83,42
83,16
84,48
92,75
92,49
92,93
92,14
92,31
90,9
89,5
89,06
89,23
90,55
92,75
113,96
136,49
104,81
92,75
109,21
148,46
156,11
161,13
161,13
158,83999999999997
160,16
160,86
159,98000000000002
162,1
180,22
186,12
185,32999999999998
185,24
185,94
186,74
186,12
185,94
185,59
185,86
186,65
184,18
184,98
186,65
185,68
187,0
167,73
162,45
163,06
160,95
161,92
170,19
185,68
186,38
184,14999999999998
177,67000000000002
184,98000000000002
185,77
186,12
186,74
185,77
187,0
186,3
186,56
186,47
185,86
186,82
186,91
186,65
187,26
186,74
185,59
180,84
174,76999999999998
174,59
176,53
188,14
186,03
183,74
184,98000000000002
185,94
183,3
185,32999999999998
184,8
185,86
186,3
184,89
185,77
188,06
187,97
187,88
188,94
188,06
189,11
187,97
175,03
167,29000000000002
168,7
167,99
170,63
184,8
187,53
184,26999999999998
184,70999999999998
184,10000000000002
183,74
183,3
182,86
183,192
181,98000000000002
182,16000000000003
184,54000000000002
185,5
185,42000000000002
184,45
185,94
185,68
187,53
184,89
184,62
180,63
167,55
167,99
161,04
161,66
170,01999999999998
180,05
182,51
184,36
184,8
183,57
185,59
184,36
183,82999999999998
182,86
183,57
181,63
182,86
184,62
188,14
187,0
188,23000000000002
188,14
186,65
187,35000000000002
179,1
180,14
178,99
178,89999999999998
181,37
184,26999999999998
185,77
185,5
184,54
186,12
187,09
187,88
187,44
187,0
185,58999999999997
186,65
186,21
185,59
186,3
183,82999999999998
170,54
85,01
80,78
80,34
81,14
81,66
90,99
91,43
90,99
91,34
91,26
90,9
91,7
89,5
82,63
82,72
82,72
82,37
83,07
90,64
92,84
93,46
93,81
93,19
93,28
84,48
80,78
80,96
80,78
81,05
82,9
82,72
82,28
82,28
83,42
82,46
82,72
82,46
82,9
81,84
79,99
79,64
91,26
91,61
91,7
91,7
91,7
91,78
88,0
82,54
81,75
82,02
82,54
82,46
84,22
91,7
93,37
93,1
93,72
94,07
93,72
93,28
93,9
93,9
93,63
93,63
94,16
93,54
93,63
93,72
94,16
93,1
94,42
93,72
93,72
93,98
93,63
93,9
93,54
94,95
95,13
95,22
95,22
94,6
95,39
94,69
94,78
95,13
94,51
94,25
93,81
94,16
94,34
93,72
94,16
93,98
93,81
92,66
80,43
80,78
80,7
80,96
86,5
93,9
94,34
94,34
93,9
94,07
93,9
93,9
93,72
93,63
91,43
89,94
90,11
88,79
88,7
91,52
92,22
92,31
88,97
""
""
""
""
""
""
""
""
""
""
""
""
""
""
""
""
""
""
""
""
""
""
""
""
93,98
91,87
82,46
82,28
82,46
82,72
82,54
88,97
93,46
93,1
93,37
94,34
94,42
94,42
94,07
93,54
91,43
90,82
91,78
90,73
90,99
35,38
0,0
0,0
0,0
0,0
0,0
0,0
0,0
0,0
0,0
0,0
0,0
0,0
0,0
0,0
0,0
0,0
0,0
0,0
0,0
0,0
0,0
0,0
0,0
0,0
0,0
0,0
0,0
0,0
0,0
0,0
0,0
0,0
0,0
0,0
0,0
0,0
0,0
0,0
0,0
0,0
0,0
0,0
0,0
0,0
0,0
0,0
0,0
0,0
0,0
0,0
0,0
0,0
0,0
0,0
0,0
0,0
0,0
0,0
0,0
0,0
0,0
0,0
0,0
0,0
0,0
20,24
47,26
61,51
71,19
76,38
81,84
82,98
83,16
85,01
92,14
92,4
92,4
92,05
92,49
92,49
92,22
93,98
93,46
93,9
93,98
93,54
92,66
92,14
92,31
92,14
92,05
92,4
92,84
91,96
92,22
92,4
91,96
92,31
92,4
92,22
92,22
92,58
92,22
91,78
93,46
94,34
94,42
93,54
94,6
94,6
94,34
91,61
91,61
89,23
88,88
89,23
89,23
90,02
90,9
92,05
92,66
92,84
86,15
80,78
81,22
80,87
89,94
93,72
93,19
93,37
92,84
91,87
90,46
89,41
88,18
86,94
86,06
85,01
85,89
85,54
85,62
86,59
89,32
91,17
89,76
89,85
88,97
89,5
89,5
89,5
89,41
89,32
89,5
89,41
89,58
89,32
88,44
88,09
86,86
86,77
86,42
85,71
86,24
90,29
90,55
92,4
92,75
93,54
93,28
93,28
89,94
82,9
83,16
82,81
82,9
83,25
82,72
82,98
82,9
84,74
93,63
93,28
93,28
93,46
93,02
92,84
92,05
92,41
92,75
92,22
92,14
92,84
93,19
93,1
93,46
93,9
94,07
92,22
92,4
92,84
85,62
79,64
81,75
81,66
87,82
93,46
93,37
93,46
93,02
93,46
93,28
93,54
92,31
92,66
93,98
94,16
94,25
94,16
94,07
89,94
81,66
82,28
81,84
87,38
94,16
94,42
94,34
92,05
92,49
93,28
93,37
94,07
92,14
91,78
90,64
91,61
91,08
92,75
93,63
93,98
94,69
92,66
83,25
82,98
82,9
83,07
82,46
83,51
91,34
94,07
94,78
93,37
93,54
92,84
93,19
93,54
92,93
93,54
92,84
93,9
93,19
93,19
93,19
93,28
89,76
82,72
82,98
82,98
82,37
82,63
82,54
85,53999999999999
92,66
94,16
94,25
94,42
94,42
94,07
94,86
94,34
94,86
94,69
94,78
95,48
94,42
94,6
94,78
94,86
94,86
94,86
94,51
89,67
80,96
81,14
81,05
84,04
94,86
95,13
95,48
95,92
96,27
95,48
94,6
95,04
94,86
94,51
94,34
94,69
94,25
94,25
94,34
89,41
83,07
82,72
82,98
83,25
82,98
83,07
82,98
83,34
82,98
87,56
91,96
91,08
90,2
90,73
90,73
91,08
90,2
91,26
90,64
92,84
93,37
89,5
92,31
92,93
92,14
83,86
82,72
82,54
82,81
83,16
82,98
82,81
83,51
82,9
83,25
87,82
91,43
91,61
91,87
90,99
91,26
91,96
91,96
92,66
93,02
92,75
94,16
92,4
92,66
93,19
92,58
92,84
92,14
95,84
87,74
82,63
83,69
82,81
82,63
89,06
93,9
93,46
93,37
93,37
93,37
93,46
93,1
92,58
92,49
92,49
93,1
93,28
93,28
82,98
80,78
81,14
81,22
82,81
82,81
82,19
82,28
91,96
93,37
93,84
94,11999999999999
93,9
81,66
88,44
93,19
93,46
92,75
92,31
92,31
92,31
91,61
93,1
93,28
94,07
93,72
93,63
93,37
93,1
92,05
91,96
92,4
93,72
94,16
93,1
94,07
94,42
94,42
91,78
91,08
92,49
92,31
93,46
93,9
93,19
93,46
93,46
93,37
93,02
92,93
92,66
92,14
92,93
92,49
92,58
93,02
92,31
94,37
95,55999999999999
113,6
151,98
185,34
221,63
247,76
248,44
257,70000000000005
257,20000000000005
260,66999999999996
260,07
259,52
261,69
252,67000000000002
237,39
233,93
221,20000000000002
221,89999999999998
221,57999999999998
226,73
227,57999999999998
227,59
246,71
252,93
269,44
267,11
266,78
260,05
263,53999999999996
267,72
261,99
263,57
263,93
263,58
257,81
260,44
259,24
252,0
247,95999999999998
248,28
246,23
248,09
248,15
247,41
247,46
249,1
257,25
267,63
260,78999999999996
259,73
259,90999999999997
252,62
261,51
262,19
262,33000000000004
263,78
266,38
260,45000000000005
264,48
264,15
151,55
94,86
94,42
86,15
80,61
81,31
81,49
81,22
81,05
81,05
81,4
81,14
80,87
81,49
87,21
91,7
88,79
89,67
89,94
89,67
90,2
89,41
89,5
92,75
92,66
92,05
84,04
82,63
82,81
83,34
82,81
83,16
83,16
82,9
82,98
82,72
83,6
83,07
83,16
82,63
82,9
83,07
82,9
83,16
96,42
92,14
94,51
93,37
92,84
91,26
82,63
83,25
82,72
83,42
83,16
82,9
90,9
94,69
94,95
94,95
94,51
92,75
92,22
93,63
93,72
93,37
92,75
91,78
91,87
91,7
93,28
93,54
93,54
92,93
85,62
81,84
81,93
81,75
82,1
82,46
83,6
89,41
90,02
89,23
89,85
88,53
89,06
90,02
90,82
92,93
93,72
92,58
92,75
91,95
92,75
93,9
93,02
93,54
94,69
94,16
91,52
81,58
81,93
83,07
82,54
84,48
93,02
93,63
93,37
93,28
93,37
93,19
93,46
93,1
92,4
92,66
92,58
94,34
94,51
94,16
94,25
94,25
94,42
94,69
89,58
83,95
80,43
82,1
83,16
83,07
90,55
93,72
93,9
93,1
93,46
94,25
94,6
93,98
94,25
94,78
93,81
94,86
94,07
93,9
93,28
93,19
83,6
82,9
82,98
82,98
82,98
82,98
87,47
92,66
91,96
93,46
91,87
88,97
91,26
93,98
94,6
94,95
94,34
93,46
93,72
94,07
93,98
93,9
93,81
83,95
82,9
82,9
83,6
82,9
82,98
83,34
83,25
83,07
83,16
83,69
93,37
94,07
94,6
94,16
94,51
93,81
94,25
94,16
94,07
94,6
94,78
94,07
94,51
93,98
94,16
94,51
90,46
82,72
82,9
80,61
81,66
81,49
79,55
73,66
73,74
74,1
81,93
73,04
83,34
84,74
86,15
87,82
89,32
90,02
91,52
82,9
87,21
86,15
84,74
84,3
85,1
82,02
82,02
83,16
83,86
93,1
93,19
93,28
93,63
90,29
90,64
90,73
92,22
91,87
93,19
93,1
93,1
89,32
90,38
91,26
90,2
91,7
93,1
92,93
93,02
93,81
94,07
92,28
92,49
91,7
91,08
88,62
87,56
88,26
88,97
90,29
89,41
87,74
89,5
89,94
89,76
88,0
88,7
88,7
88,97
88,62
90,2
90,38
91,08
83,42
83,25
83,16
86,77
91,96
92,14
92,84
91,43
92,66
91,96
94,42
93,54
93,81
93,72
93,37
93,54
93,9
93,19
93,46
93,63
93,72
94,95
87,38
83,34
83,25
83,25
83,34
83,34
92,75
93,81
92,58
89,23
87,38
90,55
94,07
94,6
94,69
93,81
94,07
93,98
94,6
93,02
93,54
93,37
93,46
93,28
90,73
83,16
82,9
82,9
83,25
86,5
92,93
94,42
94,16
94,78
94,42
94,34
94,42
94,25
94,94
94,34
92,58
92,4
92,58
92,66
93,19
94,34
94,42
93,02
85,45
83,16
82,81
84,66
83,96
84,22
84,22
86,77
90,38
91,17
92,4
91,7
91,61
91,96
91,61
91,17
90,82
90,99
91,43
90,64
93,37
94,25
93,63
93,9
93,54
87,21
82,63
83,34
83,16
83,42
82,98
85,98
91,43
94,51
94,42
94,07
93,1
91,17
93,19
91,76
90,2
90,2
90,55
90,38
90,82
93,63
93,9
93,54
98,65
132,79
153,91
160,25
172,51999999999998
179,33
196,21
212,73000000000002
246,86
264,79
283,34
323,51
330,09
350,68
354,01
349,91
344,34000000000003
348,58000000000004
347,88
348,92
343,01
324,64
310,0
302,99
322,03999999999996
325,77
312,69
317,24
327,59000000000003
337,5
350,09000000000003
343,91999999999996
351,43
350,12
342,07
353,04999999999995
350,39
350,38
350,3
349,72
350,23
351,91
351,05
352,5
356,93
357,48
356,29
356,59000000000003
354,23
341,28
323,32000000000005
319,71999999999997
332,4
342,62
354,02
355,85
351,01
354,15999999999997
355,58000000000004
356,15999999999997
353,36
353,98
358,05999999999995
354,12
353,75
350,9
351,8
353,69
350,63
353,84
353,34999999999997
354,41999999999996
355,27
355,63
349,54999999999995
340,23
342,23
356,69
358,33
356,33
356,49
355,78
352,42
358,2
355,64
356,21
354,39
348,78
350,03999999999996
344,89
341,36
340,55
341,39
343,72999999999996
341,3
344,91999999999996
343,97
340,94
325,90999999999997
331,82
337,41999999999996
337,15999999999997
336,98
344,52
347,2
345,56
343,24
342,01
344,34000000000003
344,13
352,58000000000004
357,24
356,3
350,49
352,08
344,08000000000004
344,19
303,51
254,74
253,21
248,97
242,42000000000002
244,2
245,22
245,12
247,63
253,01
255,02
261,62
257,86
256,11
259,57
253,76
256,15999999999997
248,70999999999998
256,28999999999996
255,6
259,49
259,07
258,65
257,85
259,34000000000003
258,93
248,45000000000002
244,37
244,01
244,43
243,39
244,19
247,69
246,49
249,02
257,13
255,87
254,19
249,95
251,03
247,07
246,85
245,34
245,74
244,54000000000002
236,90999999999997
243,14999999999998
251,94
258,35
253,74
253,32
249,5
247,92
247,58999999999997
240,77999999999997
242,27
240,75
239,79
260,02
260,59000000000003
256,71000000000004
256,03999999999996
256,28
256,96000000000004
256,24
258,15
253,5
253,95000000000002
252,46
255,41
253,31
253,18
254,23
254,25
259,5
249,37
249,15
248,8
249,10000000000002
250,02
254,38
261,9
255,75
258,69
259,57
258,59000000000003
254,07
253,1
252,23000000000002
250,95
254,79000000000002
254,01
252,29000000000002
241,85
240,24
240,85000000000002
241,04
239,57
241,47
232,82999999999998
230,31
166,26
92,22
93,1
92,75
92,75
92,93
93,02
90,99
91,17
91,78
90,9
91,72
90,9
92,05
92,31
92,4
92,31
92,58
92,4
91,26
90,99
90,99
87,3
83,42
83,16
82,81
82,98
88,26
91,52
92,4
92,49
92,66
92,4
91,78
91,87
90,9
91,78
91,78
91,87
91,78
91,87
91,87
91,7
91,61
92,05
91,7
87,74
82,98
82,02
82,81
82,28
86,24
90,99
91,26
92,31
91,7
91,52
90,55
91,08
91,08
90,38
90,38
90,64
90,82
91,34
90,73
90,64
91,52
90,73
91,78
92,05
86,86
82,1
82,28
82,19
85,36
91,7
91,26
91,26
91,96
90,99
91,7
91,08
91,43
91,26
91,26
92,22
92,58
92,05
93,1
93,19
92,93
92,66
92,84
92,58
92,93
92,58
92,66
92,93
93,02
92,66
93,02
92,58
92,58
92,49
92,84
92,75
92,66
92,66
92,58
92,58
92,66
92,84
91,61
91,78
90,55
90,64
68,29
91,17
85,18
82,46
82,37
82,02
86,42
90,99
92,4
91,96
91,78
91,26
91,43
90,9
92,31
92,58
90,99
91,43
91,08
91,43
91,17
91,08
90,99
91,34
91,17
88,0
80,26
80,87
79,99
84,22
91,7
91,96
91,7
91,96
91,17
91,78
90,38
90,2
90,11
83,42
80,08
89,94
92,66
91,78
91,43
91,96
92,05
92,05
91,43
91,96
92,14
91,43
92,05
91,78
91,7
91,08
90,82
89,76
90,31
92,21
98,25
104,27
112,72
123,7
126,56
130,10000000000002
131,47
130,51
129,76
129,66
128,54
128,15
126,24000000000001
124,38
167,36
168,2
169,6
168,29000000000002
172,51
174,05
172,28
171,66
172,13
173,37
173,98000000000002
175,12
176,26
176,17000000000002
177,01
177,15
178,19
180,7
178,82
178,11
178,27
176,32
163,28
161,59
162,8
163,26999999999998
163,39999999999998
165,8
168,89
172,31
173,17000000000002
173,4
171,56
171,12
172,64999999999998
174,69
174,0
173,98000000000002
176,37
176,97
176,25
174,76999999999998
175,87
176,61
173,38
130,87
131,57999999999998
128,12
120,52
118,98
120,37
120,46
121,47
121,17
122,08
131,19
113,9
92,75
92,84
92,93
93,36
110,88
115,58
124,08
125,28
124,54
128,48
129,93
130,07999999999998
129,93
120,54
119,14
119,27000000000001
117,83
117,64000000000001
117,81
116,8
118,06
119,83
121,66
125,72
129,97
130,05
122,5
121,11000000000001
120,07
119,89999999999999
122,02
121,26
147,49
172,64
173,62
171,07999999999998
168,05
167,87
165,88
159,74
159,36
159,6
159,23000000000002
161,26999999999998
161,99
168,42000000000002
171,61
170,67000000000002
170,61
175,04000000000002
174,42000000000002
175,63
172,9
171,86
171,55
171,39
171,43
170,8
170,25
166,85
163,78
164,38
164,13
163,43
161,64
151,64
152,54000000000002
156,36
162,07999999999998
166,10000000000002
167,47
167,68
167,29
168,49
170,51999999999998
171,3
169,88
170,47
170,16
163,36
169,64
169,72
168,51999999999998
169,61
166,82999999999998
164,91
163,89999999999998
159,26
151,98000000000002
152,06
151,72
154,39
160,83
162,03
165,01999999999998
168,37
171,16
171,18
170,82
168,66
170,51
167,84
166,51
167,67000000000002
168,03
167,91
168,18
168,48000000000002
168,34
132,34
82,02
82,72
82,37
82,54
82,54
82,28
90,2
90,29
89,67
88,97
89,41
89,23
89,76
90,02
88,26
92,58
93,98
93,9
93,28
93,81
93,81
93,98
93,54
93,81
93,63
93,9
93,72
93,63
93,72
93,9
93,72
91,08
89,32
88,97
88,89999999999999
89,45
103,63
131,51999999999998
158,2
191,32
200,87
223,88
245,33999999999997
247,13
259,51
257,75
258,23
258,85
252,28
247,96999999999997
246,3
247,7
242,91
230,42
243,39
258,86
259,2
261,94
261,05
261,58
262,7
261,8
260,21000000000004
260,81
260,26
260,95
261,23
260,34
261,14
261,71999999999997
260,95
247,92000000000002
245,85
239,16
238,71
224,93
218,01999999999998
217,35
219,07
219,55
241,55
255,88
259,18
259,57
259,97
260,33000000000004
260,58000000000004
260,99
255,46
254,22
257,67
257,19
257,83
251,01999999999998
255,56
208,75
258,54999999999995
260,65
261,1
262,53
262,32
261,77
263,32
262,01
261,6
260,53
260,16
258,29
256,69
259,02
258,31
258,24
257,41
258,65
258,36
255,31
253,49
254,0
254,44
255,51
259,45
256,9
248,14000000000001
233,31
238,54
245,41
259,03999999999996
262,32
258,11
252,01999999999998
255,82
263,56
264,5
263,34000000000003
262,13
264,9
264,44
263,73
260,35
261,21999999999997
262,03
262,59
262,81
256,89
260,07
258,25
259,53
258,6
258,5
258,99
258,55
260,3
265,11
237,74
231,19
251,98
252,32
240,97
243,61
255,89
260,94
263,12
262,14
261,27
259,33
258,51
261,04
263,18
257,77
249,81
251,57
253,94
250,99
253,64
264,48
268,25
265,57
265,02
258,59000000000003
257,03
258,84000000000003
266,15
264,72
265,34000000000003
262,62
262,16
265,72
264,62
266,07
263,28
264,4
234,39000000000001
85,8
81,58
82,81
82,54
83,42
107,30000000000001
210,58999999999997
248,79000000000002
258,38
262,36
260,87
259,03999999999996
257,15999999999997
258,98
259,39
263,06
249,01
253,64999999999998
256,91
262,48
263,22
263,72
266,4
171,95
265,82
263,43
264,85
255,12
232,14
245,75
257,48
255,44
254,99
256,56
258,08000000000004
258,32
254,81
254,08
258,19
257,77
257,58
258,32
258,87
257,70000000000005
250,04
244,35
251,29999999999998
256,36
253,44
252,04
248,34
250,62
248,73
249,51
252,12
252,63
250,82999999999998
258,05
257,86
257,8
255,72000000000003
256,17
256,09
247,23999999999998
235,76999999999998
243,03000000000003
255,01999999999998
256,57
260,39
259,03
259,29
258,2
258,75
259,63
258,47
254,69
261,77
264,63
262,81
264,73
262,84000000000003
262,13
261,42
261,46000000000004
261,49
262,68
259,64
257,73
254,45
253,49
253,44
254,45
238,20999999999998
160,26
160,26
163,62
164,42
161,39
162,19
160,78
163,45
162,3
168,87
169,54
167,81
169,08
168,48
167,84
167,57
167,88
164,33
159,73
179,23
195,27
174,20999999999998
212,3
234,43
247,68
239,32
244,79
253,38
254,55
249,49
243,22
249,55
248,92000000000002
251,37
255,51999999999998
260,66
259,85
261,05
256,37
250,94
250,97000000000003
253,25
252,79999999999998
254,05
254,62
255,70999999999998
253,95
254,51999999999998
255,55
256,01
251,91000000000003
252,57
241,67000000000002
241,46
245,16000000000003
250,13
249,74
254,20000000000002
255,25
254,35000000000002
254,06
251,36
253,71999999999997
254,01
254,93
253,56
255,29
251,26999999999998
255,31
253,17
252,64999999999998
256,07
255,42000000000002
256,26
249,65999999999997
245,08
247,77
246,93
247,32
244,81
247,79000000000002
247,2
256,48
253,76
258,78999999999996
270,57
285,58000000000004
287,7
293,99
291,59
289,96999999999997
291,47
291,01
292,54
276,63
256,87
254,63
254,86
246,07
172,45000000000002
79,95
28,0
27,9
28,4
28,3
27,8
28,1
28,6
28,7
28,8
29,0
28,7
28,6
28,6
29,3
29,6
29,4
29,5
29,6
29,6
29,4
29,8
30,3
30,4
30,5
30,5
30,8
30,4
30,5
30,6
30,3
30,3
30,1
29,4
29,3
29,9
29,0
27,6
27,6
28,6
28,6
28,6
28,9
29,6
28,7
27,0
30,4
30,9
30,4
30,2
31,0
31,1
31,3
50,900000000000006
69,22
90,88
100,08
103,69
110,05
120,18
120,44
121,05
121,41
119,72
117,93
117,84
117,0
117,88
117,52
116,19
118,84
118,0
119,1
119,38
118,05
118,03999999999999
119,14999999999999
120,28999999999999
119,84
119,88
120,52
119,7
120,73
121,05
120,71000000000001
109,31
91,96
112,83789210203479
116,94766871524561
119,18853536774296
119,64815541002213
120,03364872845718
121,10580995896831
120,25251489552566
121,04183555940168
120,84
117,11999999999999
112,32
115,86
117,78
119,75999999999999
118,38999999999999
117,85999999999999
116,67999999999999
117,09
116,93
117,06
118,14999999999999
119,55
119,1
118,36000000000001
119,25
119,18
119,77000000000001
119,75
118,91
119,85999999999999
119,0
119,80000000000001
117,89000000000001
118,02
118,34
118,5
117,80000000000001
117,6
117,74000000000001
117,02
117,77000000000001
117,46000000000001
119,26
119,74000000000001
118,82
119,25999999999999
118,96
120,54
120,80000000000001
121,31
121,15
119,61
119,85
119,88
119,64
118,22
118,46000000000001
117,80000000000001
117,53
118,10000000000001
118,73
119,03
118,77000000000001
118,26
119,38
118,53
116,23
116,82
117,3
119,47999999999999
120,03
119,52
118,1
117,53999999999999
118,14
118,66
118,97
118,13
118,66
119,03
115,97999999999999
112,66
111,72
112,86000000000001
111,00999999999999
112,2
111,28
111,21000000000001
112,41999999999999
110,72
111,52
110,76
107,37
106,62
145,13
140,94
130,64
132,60999999999999
132,82
131,6
133,67
133,76
132,99
143,13
116,9496577953568
116,5211316852375
117,3270133258837
116,06200623001696
117,7560682081452
117,12014554572809
116,39106500485912
114,98818221429363
115,14454617360606
114,41130758516697
113,52877530117209
116,157125569642
117,36349045984653
116,11646211749357
117,02707610573412
119,00042992823032
117,91651981161078
119,50829576670502
121,60390978726454
122,97512794672821
124,52388886894823
123,53494928697123
122,5769385053652
121,15552064596986
122,4
121,78999999999999
122,01
121,60000000000001
121,62
120,71000000000001
119,36
115,46000000000001
115,91
116,05000000000001
115,50999999999999
115,05
116,97999999999999
120,5
120,10000000000001
118,78
119,7
119,38999999999999
119,02
119,96
121,22
120,72
121,04
120,41
120,10000000000001
111,81
109,89
111,07
111,34
118,15
118,2
119,4
119,62
118,41999999999999
117,24000000000001
118,28
118,58
119,53999999999999
119,28999999999999
117,59
117,69
117,4
118,24000000000001
117,46
116,41999999999999
117,52
117,65
117,74000000000001
116,96
118,71000000000001
119,34
118,28
120,41
121,0
120,84
120,75
121,66
118,13000000000001
119,97
119,31
117,64
119,44
120,11
121,91
119,06
117,68
117,44
118,06
118,28
118,62
118,38999999999999
121,80000000000001
119,57
122,32
121,9
122,03
122,32
121,0
118,62
119,04
116,25999999999999
116,79
116,71000000000001
116,94
117,44999999999999
117,23
117,30000000000001
119,55
120,12
119,33000000000001
118,84
118,96
118,7
119,69999999999999
120,32
121,11
119,85999999999999
116,71
107,4
106,73
107,57000000000001
112,32
116,94
118,47999999999999
118,47
117,86000000000001
118,17
121,34
120,47
121,12
120,9
119,84
119,05
119,72
119,55
120,5
119,86
120,04
120,12
119,00999999999999
118,16
117,83000000000001
118,26
116,63
117,59
116,0
115,32
116,56
118,03999999999999
117,04
118,02
118,35999999999999
118,61
118,12
118,56
118,65
117,06
118,53999999999999
117,50999999999999
118,27000000000001
118,44999999999999
118,99
118,57000000000001
118,78
118,91
118,46000000000001
212,8
109,12
109,61
108,87
108,83
110,85
116,83000000000001
116,73
117,26
117,33000000000001
118,62
119,1
118,3
120,46
120,11
119,84
120,53999999999999
120,12
121,04
121,52
120,9
110,52000000000001
109,58
109,81
109,16
109,74000000000001
111,53999999999999
118,82
118,08
115,47
116,4
119,80000000000001
121,38
119,10000000000001
118,9
119,19
119,41999999999999
117,07000000000001
118,49
118,21000000000001
118,35999999999999
119,19
118,44
118,41
118,91
119,47999999999999
119,08
114,02000000000001
109,0
109,44
109,21000000000001
112,29
117,98
118,72
119,16
119,91
122,02
121,50999999999999
122,46
120,14999999999999
118,65
119,0
118,91
119,0
119,01
120,22
119,60000000000001
119,4
120,01
121,0
122,39999999999999
112,44
110,75999999999999
110,80000000000001
111,07000000000001
111,25999999999999
119,39000000000001
120,51
120,02
122,58
122,14
123,38
121,48
121,5
120,95
121,78999999999999
119,91
120,07000000000001
119,33000000000001
120,14
119,13
55,730000000000004
30,4
31,7
31,9
29,6
27,4
27,3
26,8
27,7
27,0
27,0
28,9
31,1
32,2
31,0
28,3
27,2
27,4
28,2
28,0755720032586
28,36557775338491
27,96735422876146
27,89348254998525
27,42824468877581
27,64634419547187
29,67792002360026
30,42367761135101
31,5
30,7
29,1
28,4
27,1
26,3
26,5
28,2
28,8
29,9
30,1
29,8
30,2
29,6
29,9
29,7
30,1
29,9
28,3
27,9
27,0
27,6
28,7
29,4
28,3
29,3
28,9
28,7
28,3
27,3
28,0
28,1
29,1
32,0
31,8
31,8
28,7
25,9
25,9
27,8
28,1
28,3
28,3
28,3
28,7
31,2
30,1
29,7
28,9
27,7
28,5
28,8
28,2
28,1
27,3
28,3
29,4
32,5
33,4
32,9
30,8
30,2
26,6
27,3
28,3
28,2
28,8
28,2
28,7
26,5
27,0
27,8
27,7
27,6
27,4
26,7
27,4
26,7
26,7
27,5
28,0
30,4
32,2
32,5
32,0
33,6
33,9
31,7
28,4
29,3
28,7
29,0
28,8
30,7
29,7
29,9
30,2
30,6
29,0
29,1
28,7
28,0
29,7
32,5
33,7
33,5
33,4
32,9
33,2
32,7
32,9
31,9
28,9
29,0
29,6
29,0
28,5
28,5
29,3
30,1
31,5
31,1
29,9
29,3
29,1
28,6
28,4
28,9
28,4
29,96
31,4
53,05
87,65
134,25
168,95
169,12
169,85
170,83
176,28
177,43
179,89
182,36
142,56
143,35
143,18
142,07
139,67
140,2
138,85
139,25
139,51
140,96
137,21
144,57
142,59
141,3
143,43
143,04
141,96
143,18
142,74
142,22
143,69
143,03
149,15
149,06
150,28
150,93
144,97
137,17
143,62
141,65
140,8
144,11
163,46
162,58
166,06
167,05
167,14
165,64
166,41
164,99
165,02
157,64
161,86
162,66
162,03
160,59
161,0
158,88
160,81
160,69
146,23
149,39
151,48
151,62
150,49
156,67
161,19
162,84
168,31
166,97
167,43
166,72
166,43
164,56
164,0
162,72
163,58
162,83
164,21
163,01
162,9
164,19
165,04
164,82
163,77
159,67
153,38
154,8
155,05
154,41
155,1
156,92
157,6
158,63
156,84
158,62
159,08
158,36
158,68
157,31
160,91
161,31
161,6
162,19
161,46
164,1
165,01
165,65
161,22
161,44
159,16
156,5
155,59
171,55
204,28
225,44
235,63
249,41000000000003
250,76
247,81
251,73000000000002
250,64000000000001
249,17000000000002
248,33
248,7
248,7
250,14999999999998
250,03
251,23000000000002
255,01
254,83999999999997
250,64
246,5
244,9
241,92000000000002
242,09
242,66
254,03
253,78
251,9
252,27
249,99
252,39000000000001
253,43
255,66
254,35000000000002
252,05
251,53
252,17000000000002
252,5
253,34
251,8
252,72
253,57
253,08
253,17000000000002
247,1
242,67000000000002
243,12
242,4
240,74
251,07
249,98999999999998
249,07999999999998
250,21999999999997
260,92
271,29999999999995
284,23
282,64
289,62
290,03
291,63
293,28999999999996
292,21000000000004
292,69
292,97
292,28000000000003
294,4
294,91
295,59
293,64
292,56
287,03
283,06
281,88
287,58000000000004
293,80999999999995
290,82
290,96000000000004
290,5
291,53999999999996
291,04
294,21
291,79
291,79
289,72
293,31
291,17999999999995
291,90999999999997
294,87
294,75
293,2
291,15999999999997
281,84
278,49
281,32
276,55
276,76
274,44
280,83
286,15999999999997
287,84000000000003
286,19
291,03
292,91999999999996
290,85
289,12
288,56
292,62
289,37
288,23
286,91
288,21000000000004
290,97999999999996
290,54999999999995
284,90000000000003
285,94
284,11
278,39
271,87
270,55
268,81
269,98
273,12
288,06
292,41999999999996
292,73
291,73
291,62
290,98
292,26
291,67
290,59000000000003
289,82
287,03999999999996
279,94
279,21
280,3
280,46000000000004
262,23
145,81
118,22
118,88
119,16
119,12
109,28999999999999
106,80000000000001
108,80000000000001
118,74000000000001
118,44999999999999
118,5
119,21000000000001
119,41
118,38
120,9
113,03
117,27
122,88999999999999
122,78
122,38
121,89
122,19
122,41999999999999
121,25
123,43
114,5
113,24000000000001
113,83
114,02
111,64000000000001
111,36
115,38000000000001
116,03
141,6
166,78000000000003
185,26999999999998
203,07
210,4
211,10000000000002
212,94
211,63
212,26000000000002
211,14
214,14999999999998
212,08
211,78
212,28
212,57
211,97000000000003
201,32999999999998
198,03
193,48000000000002
190,74
188,78
188,51999999999998
192,39999999999998
200,84000000000003
212,28
214,17
214,59
214,95999999999998
215,84000000000003
215,86
214,41
216,44
216,5
215,4
216,34
215,62
214,66
215,62
215,79000000000002
216,06
203,01999999999998
198,97
197,06
195,5
194,17000000000002
193,6
193,85999999999999
199,25
215,76
212,15
216,54000000000002
218,57999999999998
218,44
217,55
218,71
218,62
220,72
215,77
216,38
214,0
214,48000000000002
213,76
215,35000000000002
200,11
197,47
198,62
196,19
199,62
196,96
200,11
213,91
214,0
211,0
207,26
212,32
210,73000000000002
212,2
210,31
211,49
212,97000000000003
213,07999999999998
216,0
214,72000000000003
214,26
214,97
215,63
215,96
213,28
205,8
205,38
204,17000000000002
201,08999999999997
197,01999999999998
198,47
204,16
214,0
209,22
206,34
208,01
211,70999999999998
209,47000000000003
207,61
208,25
208,51999999999998
211,05
213,22
211,7
212,70000000000002
212,36
207,54
191,61
191,67000000000002
188,29000000000002
196,9
197,27
194,1
193,95999999999998
191,82
191,44
192,2
193,12
209,54000000000002
210,76999999999998
212,44
212,77999999999997
213,98
214,1
212,33999999999997
211,12
211,24
214,41000000000003
215,66
215,32
215,84
215,52
215,68
216,43
152,63
31,8
59,96
103,75999999999999
117,34
117,36
118,92
118,32000000000001
116,75999999999999
118,6
118,0
114,86
120,26
118,42
121,84
122,14
119,06
145,06
183,15
194,33999999999997
200,63
207,24
208,52
210,20999999999998
210,38
242,42
259,45
255,35000000000002
255,41000000000003
256,15000000000003
255,37
249,07
248,01
252,91000000000003
253,56
252,03
253,64000000000001
251,32
247,0
247,71
253,26
277,39
303,28
359,15
385,43000000000006
386,53999999999996
385,95
384,24
384,21999999999997
378,56
383,0
384,5
389,18
396,58
409,25
412,33000000000004
421,28999999999996
418,02
417,49
418,24
418,82
419,37000000000006
414,74
411,87
411,78
411,83
411,14
407,96000000000004
415,46999999999997
418,03
412,88
405,86
404,27
398,62
376,81000000000006
378,24999999999994
380,9
391,38
405,5
407,24
404,84000000000003
408,29999999999995
406,78
408,71
407,74
408,36
408,18
405,27
403,88
407,97
408,13
409,28
404,5
406,14
405,82000000000005
401,7
381,01
382,13
382,11
376,26
384,08
396,47
417,19
423,03999999999996
418,24
427,83000000000004
424,2
416,43
419,74
414,87000000000006
427,15999999999997
419,11
396,58
401,33000000000004
403,2
405,12
404,70000000000005
404,9
395,53
385,69
381,66999999999996
382,02
385,67999999999995
382,16999999999996
405,59
405,82000000000005
420,05
423,23
421,53000000000003
418,93
409,33000000000004
415,56
410,77000000000004
414,24
422,66
422,78
430,60999999999996
432,77
428,83
427,67999999999995
425,04999999999995
423,79999999999995
413,31
413,18
411,55
412,1
398,03
388,27000000000004
398,06
410,76000000000005
419,91999999999996
416,03999999999996
420,97
419,40000000000003
423,64
421,5
423,21999999999997
419,03999999999996
417,02
419,75000000000006
423,15000000000003
422,85
424,29
426,83
428,74
428,43
430,16999999999996
427,33000000000004
428,61
421,6
409,81000000000006
407,51
408,44
410,52
408,0
403,46000000000004
412,33000000000004
414,03999999999996
412,88000000000005
413,71000000000004
412,31
410,73
414,25
409,31
411,18
416,21
416,87
410,45000000000005
411,48
420,84
418,44
400,64000000000004
404,49
392,17999999999995
393,03
392,42
392,79
396,37
403,72
408,70000000000005
421,59999999999997
417,03999999999996
421,36
417,04999999999995
416,39
417,84000000000003
411,6
415,43
412,47999999999996
418,52000000000004
418,65999999999997
414,86
421,15999999999997
422,27
420,57
412,29999999999995
405,71999999999997
394,5
392,11
391,71000000000004
396,97
409,49
409,06
421,68999999999994
419,18
423,27
426,45
418,65999999999997
431,26
429,92
425,92
421,82
422,9
420,01
418,59
419,28
421,81
422,7
417,64
398,21000000000004
394,76000000000005
398,62999999999994
394,7
394,96000000000004
389,98
398,79
407,78000000000003
420,98999999999995
419,58000000000004
418,54
419,34
417,74
420,8299999999999
420,85
419,24
416,53
420,46
417,90340000000003
413,72
416,36
420,38
419,95
404,78999999999996
414,03000000000003
404,14
397,39000000000004
388,26
385,1
385,93999999999994
385,91
402,72999999999996
417,48
416,76
419,13
424,44
425,03999999999996
417,13
416,48
424,09000000000003
422,55
419,42999999999995
420,02
419,16
415,22
414,82
419,11
414,73
416,27000000000004
415,08
398,29
378,97
376,61999999999995
377,64
378,46999999999997
378,12
397,75
403,90999999999997
404,35
409,82
387,95
376,71
381,93000000000006
380,41999999999996
387,65000000000003
383,41999999999996
384,72999999999996
386,9
384,78
379,6
390,01
382,64
317,77
191,43
188,81
188,12
186,02999999999997
187,86
185,25
184,9
189,11
195,8
203,34
208,38
207,68
207,57
207,78
209,18
209,35
208,5
209,18
205,54000000000002
205,09
205,56
205,78
203,38
198,47000000000003
190,37
194,05
191,0
192,11
190,88
191,61
191,38
192,04
196,62
202,64
206,3
208,33
209,7
210,78
209,24
211,0
209,11
209,2
208,41
207,42000000000002
209,45999999999998
209,14
210,47
199,53
193,66
194,54000000000002
192,20999999999998
194,93
194,35000000000002
192,62
236,79999999999998
253,41
251,28
252,17000000000002
252,6
252,71
252,16000000000003
250,62
246,92
244,09999999999997
239,99
246,91000000000003
244,91000000000003
245,18
247,76999999999998
251,45
251,92
254,65999999999997
252,53
232,14
228,79
231,32000000000002
236,48000000000002
242,77999999999997
239,0
241,94
247,81
248,53
248,81
253,57999999999998
245,92
249,66000000000003
251,63
245,22000000000003
239,97000000000003
242,32000000000002
242,75
241,72
244,44
248,39
252,29
254,1
254,48
252,01999999999998
249,44
248,49
251,09
250,34000000000003
250,01
248,09
247,49
249,46
246,32
240,41
241,43
244,86
246,12
247,32999999999998
245,75
245,54
245,26000000000002
247,14999999999998
243,28000000000003
244,84000000000003
249,14
239,01
231,62
227,94
227,8
226,02
228,08
237,45
243,15999999999997
247,99
248,54999999999998
246,96
247,78
247,68
247,9
249,75
248,26999999999998
246,94
246,23
245,75
247,04
245,4
245,62
244,06
247,02
247,95999999999998
246,36
236,66
236,08999999999997
232,67
233,49999999999997
232,48000000000002
235,17000000000002
245,48
246,42
246,38
247,20999999999998
245,10000000000002
247,26
247,26
247,74
245,64
245,14
244,05
245,27
242,34
244,05
244,93
247,34
247,14000000000001
240,09
224,53999999999996
223,75
224,25
223,61
221,42000000000002
219,14
234,21
239,25
238,53
244,14
245,58999999999997
245,15
244,89
243,11
244,82
245,6
246,18
247,14000000000001
246,6
245,72
249,11
250,92000000000002
248,34
231,94
227,06
228,19
220,45999999999998
220,11
222,51999999999998
219,52
224,14
225,87
235,93
239,93
242,65
241,28
243,82999999999998
241,1
242,25
243,47
244,42000000000002
247,07999999999998
248,04000000000002
249,29000000000002
249,86
251,52999999999997
256,21
238,70999999999998
235,02999999999997
233,32000000000002
231,45
229,76000000000002
235,02999999999997
245,9
247,01
242,04
242,9
244,54
243,41
244,48000000000002
244,67
248,92000000000002
249,06
247,17000000000002
249,8
247,91000000000003
249,64999999999998
248,32999999999998
250,48000000000002
257,77
256,32
247,94
235,44
228,73999999999998
231,62
231,84
240,89
248,70000000000002
248,17000000000002
247,64
245,2
250,34
248,88
248,91000000000003
246,64000000000001
244,06
244,46
247,45
242,88
247,43
246,70000000000002
250,07
251,91000000000003
254,46000000000004
255,12
254,54000000000002
241,12
230,94
232,94
234,70999999999998
249,84
249,26999999999998
247,14999999999998
247,24
248,57
250,74
250,04999999999998
250,36
253,13
250,86
250,25
249,94
245,45
246,11
245,51999999999998
247,32999999999998
251,9
252,88
252,57999999999998
252,6
246,24
230,27
233,82999999999998
234,72
248,24
249,04
246,03
242,94
244,11
242,29
243,13
246,29999999999998
247,57
246,68
242,86
246,35000000000002
247,01
249,35
247,35999999999999
253,56
254,72
255,86
254,48
249,57
245,51999999999998
247,38000000000002
246,25
245,57999999999998
242,63
241,9
243,88
242,73000000000002
243,51
245,19
249,53000000000003
248,09
246,87
245,97
243,47
245,82999999999998
248,56
245,22
245,45
244,93
247,91
250,62
246,38
244,26999999999998
247,29
244,42
243,82
244,97000000000003
248,32999999999998
241,96999999999997
244,60999999999999
244,89999999999998
246,94
246,45
246,22000000000003
246,68
245,96999999999997
245,88
244,93
244,59
243,13
243,52
243,68
245,28
238,66000000000003
240,68
240,74
241,23
233,52
222,63
222,16
225,41
223,82999999999998
224,78
242,61
243,64
244,89
245,59
242,56
247,48
252,90000000000003
250,34
247,08999999999997
247,14
244,85999999999999
244,98
243,96
244,02
239,21
208,27
201,67000000000002
207,3
207,3
206,16000000000003
201,77999999999997
208,06
207,49
207,01999999999998
202,43
203,39000000000001
207,12
205,36
205,63
204,5
205,18
201,75
198,04
207,57999999999998
207,03
207,78
206,85000000000002
219,07999999999998
240,38000000000002
288,35
334,55
345,27
344,15
340,55
342,69
341,93
347,86
361,95000000000005
373,63
374,83
373,75
371,85
373,5
374,08000000000004
377,68
371,32
376,31000000000006
375,15
381,8
378,05000000000007
381,28000000000003
376,26
341,48
340,33
325,96
330,08
316,16
312,0
312,19000000000005
310,86
319,45000000000005
335,83
342,65999999999997
341,01
342,86
344,26
344,4083
344,53
343,19
341,42
340,43
340,1
340,46000000000004
335,79
335,93
341,07
336,12
253,46
239,43
156,59
151,2
146,36
147,9
151,28
152,75
152,05
150,62
151,03
150,61
152,31
150,25
152,04
150,43
150,07
150,48
147,15
146,22
149,58
149,73
153,05
153,44
151,97
152,59
151,14
150,85
153,48
153,76
153,09
150,07
149,64
150,26
151,71
153,11
151,99
151,7
149,98
147,37
146,06
148,52
139,45
142,87
143,22
141,57
139,34
144,28
144,63
147,16
146,28
142,08
142,6
145,25
144,54
145,39
148,57
150,04
147,96
149,23
146,57
148,44
147,95
150,68
149,74
149,74
147,35
145,5
146,38
149,07
149,21
153,47
157,4
157,8
158,13
149,53
150,57
148,35
145,7
146,85
146,79
146,39
144,37
147,08
147,72
148,19
150,46
147,69
148,27
145,46
145,73
144,21
146,15
146,36
154,76
157,65
158,71
153,23
153,32
152,86
151,62
140,54
140,33
145,11
152,49
145,4
144,62
147,43
146,01
145,26
143,2
142,8
146,76
147,28
152,82
152,48
153,98
149,96
151,68
148,53
150,66
149,77
149,98
147,52
143,47
146,52
147,81
148,43
146,75
147,62
145,01
147,23
140,33
138,47
138,76
140,02
140,29
142,29
153,1
154,83
154,48
153,65
155,36
139,4
140,42
141,45
140,4
140,02
139,84
138,44
139,1
137,44
145,22
161,13
158,84
157,09
160,49
154,88
153,77
154,52
146,29
141,05
145,16
147,9
153,9
154,3
155,26
157,77
160,94
162,49
164,04
153,23
143,45
142,18
140,98
147,39
157,3
159,19
159,91
159,44
160,58
161,69
161,0
159,46
159,16
160,21
156,81
156,66
155,97
153,41
152,96
150,97
150,73
152,02
""
