899,2315960141984
898,1652568604849
897,4149451997183
886,8243970658682
874,8244913100834
871,0109441544912
869,8860344992382
866,5199954350427
881,5699499977597
900,2040541542539
890,4906026839848
905,4412923388649
913,4155527538361
899,781836806367
911,3655510372224
947,543210114337
936,8262495464387
949,4243553161259
953,8537643538219
948,1870399580699
954,5319838099647
949,0528627819124
914,209827295903
874,7987350887361
""
""
""
""
""
""
""
""
""
""
""
""
""
""
""
""
""
""
""
""
""
""
""
""
671,44
666,36
651,88
643,37
643,99
655,49
665,46
657,16
664,21
675,1
675,86
678,69
675,8
672,47
668,13
667,9
671,3399999999999
679,12
683,16
678,59
680,21
688,79
696,1
687,6800000000001
668,71
642,54
636,85
709,96
812,8299999999999
851,1800000000001
881,03
889,38
900,0799999999999
904,36
903,87
909,0
908,06
910,79
930,22
920,86
921,65
914,75
928,88
929,51
926,9300000000001
911,42
918,15
894,14
857,46
860,35
881,46
882,9300000000001
888,63
891,1800000000001
904,77
901,34
890,7
894,11
909,7
923,58
939,33
934,79
937,6700000000001
940,65
943,5699999999999
956,99
956,3
950,3
952,6
948,39
945,56
935,17
997,71
1076,31
1120,87
1134,23
1167,09
1193,23
1230,23
1248,09
1249,52
1256,38
1273,22
1286,1100000000001
1270,23
1262,74
1288,92
1268,2
1255,31
1269,58
1286,04
1289,09
1295,01
1278,77
1274,35
1271,6100000000001
1220,89
1206,52
1207,0
1214,56
1212,16
1216,82
1274,88
1299,38
1298,13
1300,31
1296,55
1289,68
1283,38
1265,1399999999999
1260,09
1269,52
1260,1
1268,41
1257,93
1127,69
1128,59
1122,54
1122,3
1116,37
1125,37
1135,15
1127,72
1118,64
1125,72
1106,42
1091,1399999999999
1093,83
1100,72
1110,8400000000001
1098,5900000000001
1107,09
1127,8
1125,0
364,24
1112,91
1103,62
1121,21
1111,98
1093,3899999999999
1103,91
1128,27
1126,5
1109,26
1070,3
1068,37
1066,3200000000002
1041,52
1044,47
1095,18
1108,79
1094,62
1089,49
1237,13
1387,36
1138,6
1171,94
1168,27
1110,19
1114,47
1110,98
841,38
902,1300000000001
1112,71
1111,42
1006,94
1159,35
954,95
1054,99
1036,22
1028,04
1021,8199999999999
1019,56
1027,33
1075,33
1099,06
1098,85
1111,22
1114,33
1077,83
1070,99
1080,85
1096,15
1229,9
1221,3899999999999
884,57
1275,48
1117,81
899,88
1101,52
1083,03
1091,85
1111,53
1132,1
1146,77
1127,34
1111,26
1103,03
1116,92
1114,69
1114,78
1118,6
1115,8
1116,79
1118,2
1118,5
1110,09
1075,2
1071,31
1094,99
1109,29
1121,2
1111,8
1113,2
1179,3400000000001
1213,67
1210,73
1222,6100000000001
1224,63
1210,54
1206,96
1206,52
1219,31
1261,6399999999999
1285,96
1282,9099999999999
1291,26
1294,12
1288,77
1262,27
1247,01
1252,3
1294,1
1305,16
1305,3899999999999
1297,1
1294,74
1294,67
1249,6
1231,82
1288,08
1281,58
1275,26
1254,6399999999999
1248,8
1268,43
1282,03
1283,26
1285,55
1301,15
1296,3
1302,27
1301,4299999999998
1317,44
1338,98
1310,2
1310,92
1585,67
1315,78
1292,73
1280,28
1271,98
1255,88
965,7
1212,8899999999999
1202,82
1205,12
1210,6399999999999
1203,67
1225,07
1274,44
1299,99
1302,06
1309,95
1293,82
1527,78
1285,49
1294,73
1287,6399999999999
1091,95
1113,44
1297,41
849,06
1326,69
1519,8400000000001
1388,09
1597,28
1320,06
1288,51
1262,3899999999999
1230,67
1216,9
1216,21
1267,7
1325,37
1320,23
1319,5900000000001
1324,88
1388,9
1517,15
1314,01
1311,78
1331,81
1156,96
1140,46
1310,35
1256,52
1383,72
1378,58
1320,78
1317,58
1296,74
1228,66
1214,83
1190,0
1206,0900000000001
1216,92
1245,98
1290,49
1281,51
1274,0
1290,54
1287,13
1285,96
957,89
1564,85
1634,6399999999999
1299,11
1201,1100000000001
1276,49
1281,65
1205,92
1153,3600000000001
1211,1399999999999
1520,6
1331,43
1312,79
1238,87
1203,99
969,1800000000001
976,03
979,23
1052,43
1127,1100000000001
1231,8899999999999
1095,1
1103,05
1093,76
1075,84
1088,69
996,49
928,76
1042,55
1103,1100000000001
997,61
1141,95
1096,73
1286,2
1175,3899999999999
889,71
1009,99
983,53
979,47
955,2
953,05
1002,5
1154,17
1255,01
1261,45
1267,18
1259,9
1273,48
1280,23
1293,8200000000002
1304,67
1294,74
1294,5121
1294,5874
1300,15
1319,4
1315,33
1308,13
1288,03
1291,93
1290,43
1246,15
1248,6100000000001
1226,0900000000001
1217,63
1233,86
1265,87
1267,81
1286,09
1301,46
1299,95
1304,88
1300,52
1311,52
1303,75
1285,4
1318,0
1322,57
1327,18
1328,45
1311,83
1327,1
1336,24
1315,47
1283,54
1241,3
1218,35
1208,54
1206,79
1222,21
1286,82
1327,98
1327,93
1329,97
1337,5900000000001
1335,45
1329,16
1081,83
1314,35
1027,67
1549,07
1304,38
1289,8400000000001
1298,67
1337,7
1385,85
1330,18
1449,53
1279,23
1243,6599999999999
1247,1399999999999
1224,38
1213,8600000000001
1306,4099999999999
1306,01
1333,46
1322,08
1330,8
1306,93
1320,51
1340,05
1337,6599999999999
1068,66
1208,75
1107,71
1160,16
1668,53
1403,28
1341,46
1252,3400000000001
1624,53
1507,28
1268,8400000000001
1271,04
1231,52
1233,69
1235,57
1245,92
1309,08
1314,03
1316,6
1307,6100000000001
1291,4
1259,12
1262,63
1023,6899999999999
1012,06
1275,66
1283,96
1301,6399999999999
1303,8400000000001
1360,67
1472,24
1393,03
1529,2
1304,875
1274,6599999999999
1237,72
1236,67
1230,55
1223,9099999999999
1260,3600000000001
1301,37
1288,97
1288,19
1296,5900000000001
1284,88
1267,15
1256,33
1270,28
1290,34
1291,22
1300,3899999999999
1316,53
1336,07
1342,95
1346,31
1336,6
1349,5900000000001
1317,08
1300,92
1295,07
1286,1100000000001
1265,94
1245,34
1280,55
1320,73
1323,96
1300,09
1302,0
1311,67
1305,03
1308,68
1290,04
1301,03
1322,17
1323,16
1320,05
1302,78
1308,98
1313,35
1324,16
1322,63
1306,67
1295,4
1273,94
1270,07
1259,22
1257,1399999999999
1266,58
1301,23
1299,45
1276,96
1267,67
1266,3400000000001
1243,78
1242,51
1255,73
1282,4
1279,4
1261,95
1254,05
1244,32
1241,13
1248,01
1270,25
1257,3
1256,6100000000001
1259,06
1286,95
1274,8899999999999
1272,38
1283,01
1293,1
1310,94
1303,03
1303,56
1317,82
1305,2
1324,79
1311,57
1306,47
1301,03
1294,53
1297,8127
1319,0624
1303,45
1295,55
1290,75
1294,28
1298,63
1288,45
1267,04
1256,31
1225,6100000000001
469,74
1236,3600000000001
1270,54
1309,93
1313,06
1305,5
1309,6399999999999
1298,31
1288,92
1296,91
1364,6599999999999
1500,33
1093,03
1119,85
1328,08
1305,1799999999998
1557,81
1328,52
1555,05
1166,07
1241,29
1288,83
1273,76
1258,05
1247,32
1252,4
1256,55
1298,72
1337,85
1341,25
1346,38
1333,24
1329,48
1328,02
1336,17
1344,83
1341,8899999999999
1331,72
1348,12
1363,55
1367,96
983,6500000000001
1483,37
1467,46
1460,42
1299,73
1261,76
1255,3899999999999
1241,25
1238,3400000000001
1248,8400000000001
1297,6
1299,17
1319,12
1319,07
1323,03
1325,91
1339,08
1336,32
1311,18
1314,98
1340,78
1348,74
1544,68
1343,07
1355,21
1356,73
1145,8
1301,22
1286,56
1263,46
1252,93
1243,26
1255,22
1310,15
1342,97
1341,08
1326,32
1296,37
1292,99
1313,52
1320,01
1312,41
1287,22
1267,99
1274,2
1302,88
1224,51
1404,05
1536,85
1425,44
1139,67
1340,08
1290,47
1265,05
1245,97
1230,4
1233,66
1266,36
1325,5
1321,22
1318,95
1321,4099999999999
1319,17
1319,18
1309,59
1296,87
1318,03
1323,6
1328,73
1333,82
1332,52
1321,2
1319,92
1322,2
1311,49
1286,57
1072,05
1036,88
989,4
987,79
987,75
1001,97
1030,04
1046,2
1046,51
1056,08
1048,15
1045,71
1049,75
1061,53
1071,98
1066,68
1073,75
1076,26
1072,67
1060,53
1059,83
1058,36
1059,93
1033,47
1025,43
993,87
872,28
850,04
844,5
858,04
837,4100000000001
824,53
732,65
660,9300000000001
659,49
661,3199999999999
666,8299999999999
668,5999999999999
678,45
696,74
703,0
697,8199999999999
684,62
676,31
687,25
691,1299999999999
688,99
679,5999999999999
679,21
666,49
653,3199999999999
663,11
652,15
686,96
693,95
692,2
697,02
692,79
674,5999999999999
655,6700000000001
668,51
682,54
667,75
626,62
441,19000000000005
672,44
670,39
669,9200000000001
681,29
702,28
904,63
757,72
691,65
674,72
662,6800000000001
651,2
647,9100000000001
650,3199999999999
663,3
675,11
692,9100000000001
772,63
839,56
880,48
894,8399999999999
927,0699999999999
932,1500000000001
925,89
939,8199999999999
947,69
943,6600000000001
931,49
936,86
941,8299999999999
946,6
933,36
797,66
770,3500000000001
764,6600000000001
763,0799999999999
768,76
768,2
755,02
759,69
761,87
768,18
752,95
768,67
834,55
898,53
939,99
922,04
901,0400000000001
898,17
919,73
917,1700000000001
912,01
895,61
905,87
905,6600000000001
912,4300000000001
898,78
897,05
902,87
904,37
853,1
751,0699999999999
755,64
753,19
753,4100000000001
769,55
842,35
1059,3400000000001
1045,5900000000001
869,02
905,36
748,1500000000001
1045,1399999999999
456,90000000000003
943,13
1015,07
834,9
1041,67
1417,75
1044,88
1038,31
1043,12
1021,3199999999999
1019,07
1048,8600000000001
1080,92
1153,67
1248,82
1080,78
1101,03
1055,04
1024,92
1041,28
1048,51
1073,9
1050,19
1019,9811
1064,33
622,94
977,3100000000001
912,79
935,0999999999999
895,64
895,17
854,72
858,1800000000001
852,5
842,42
834,53
859,0
957,3399999999999
1007,12
1007,5699999999999
997,87
980,3
973,86
975,19
986,17
990,73
1005,62
1038,1399999999999
1031,27
1016,73
1016,48
1013,7
1016,45
1011,0699999999999
995,84
978,62
970,33
950,63
949,81
971,65
1009,77
1013,51
1017,01
1004,37
1016,36
1029,81
1030,16
1021,4
1022,9300000000001
1025,75
1030,54
1051,15
1041,67
1049,73
1056,96
1051,3600000000001
1013,52
982,04
996,6800000000001
974,65
458,75
952,11
950,3
995,45
1052,4099999999999
1049,1599999999999
1036,49
1029,91
1013,0799999999999
862,15
806,61
799,4000000000001
822,77
843,2
951,1
986,94
1021,46
1033,38
1001,28
976,87
966,72
955,45
945,39
941,55
941,4300000000001
940,3299999999999
945,11
942,37
975,5
1005,03
1008,65
1010,5699999999999
984,3199999999999
937,5699999999999
780,06
811,94
820,0699999999999
832,0999999999999
833,05
828,25
825,36
834,46
838,23
843,39
830,04
829,4300000000001
778,5799999999999
758,1
764,25
775,71
769,6500000000001
771,0699999999999
825,88
835,93
835,21
835,2
846,52
838,99
837,38
837,38
813,0899999999999
809,6800000000001
820,42
828,7
831,68
831,51
829,12
816,81
805,96
791,7
793,91
784,3599999999999
769,36
764,48
753,03
767,06
823,2
837,02
828,13
833,25
830,39
829,62
831,34
830,75
803,53
820,44
825,94
832,75
840,59
828,19
823,99
828,15
820,37
816,49
829,53
824,2
803,28
797,4300000000001
804,78
812,97
829,9100000000001
848,28
849,8
854,9
848,79
852,59
843,97
847,4
844,84
846,63
848,6
842,13
843,19
850,55
843,21
850,49
853,0799999999999
844,34
813,09
811,0
781,88
781,9200000000001
774,99
806,39
818,51
826,3199999999999
826,45
821,1
818,73
823,52
823,19
847,7
856,0
830,06
806,0317
816,3414
819,56
829,31
836,1600000000001
840,49
851,75
849,61
836,86
805,67
773,56
767,7
764,47
775,97
804,02
811,61
851,11
881,87
900,44
895,9300000000001
889,26
946,14
954,02
957,79
973,13
1009,79
1051,72
1084,92
1105,85
1117,59
1110,87
1068,27
1049,69
1061,8
1045,9
1049,44
1068,93
1098,03
1114,44
1106,78
1107,31
1096,34
1095,99
1113,47
1121,13
1106,3400000000001
898,73
1019,8199999999999
1101,3600000000001
1111,07
1106,1100000000001
1100,81
1211,25
1266,54
1385,1399999999999
1239,18
1223,59
1196,42
1194,3400000000001
1175,79
1177,95
1233,69
1299,12
1284,35
1291,01
1303,04
1515,65
1293,53
1285,92
1302,8
1306,13
543,86
1023,0
1355,92
1219,57
1304,35
1315,6
1312,1399999999999
1199,3600000000001
1501,88
1282,9
1263,96
1214,63
1214,98
1215,8282
1239,1255
1300,33
1296,69
1290,15
1300,01
1392,75
1492,502
1284,21
1310,72
1258,32
1370,81
1300,42
1227,17
1307,79
1110,46
1328,76
1329,85
1308,46
1305,19
1257,48
1211,6799999999998
1195,6
1195,96
1201,87
1224,6599999999999
1302,0
564,11
1322,65
1331,21
1312,01
1286,94
1273,29
1299,21
1313,3400000000001
1307,01
1284,53
1275,02
1299,45
1299,32
1311,3600000000001
1321,98
1305,55
1296,2
1228,06
1207,1799999999998
1211,5900000000001
1212,99
1219,82
1272,3400000000001
1314,45
1314,78
1291,22
1294,45
1279,71
1266,55
1255,38
1270,32
1287,59
1286,77
1284,13
1298,65
1286,91
1299,76
1312,17
1315,08
1312,33
1287,18
1282,63
1245,2
1205,06
1194,73
1205,5
1248,54
1285,92
1315,83
1314,0900000000001
1318,21
1317,96
1304,3
1320,06
1292,2
1279,93
1287,8600000000001
1308,57
1301,09
1313,6399999999999
1312,2
1311,18
1321,77
1328,35
1323,0
1310,49
1291,46
1252,0900000000001
1219,74
1221,83
1208,97
1222,69
1247,26
1274,3600000000001
1272,3600000000001
1284,1
1210,44
1018,83
1018,55
1034,21
1028,55
1069,5700000000002
1071,22
1072,55
1073,1399999999999
1078,53
1072,32
1059,14
1030,95
975,88
964,69
447,51
948,4
947,61
971,9
1044,0
1048,55
1053,99
1046,15
1049,69
1116,3899999999999
1235,02
1064,88
1069,4
1077,81
1127,4
1215,05
860,79
884,97
1072,6
903,65
1044,21
1212,46
1111,62
995,3399999999999
980,94
989,15
1002,51
1034,75
1074,22
1072,76
1079,87
1076,5900000000001
1050,8400000000001
1056,1
1067,6399999999999
1068,72
1032,74
1042,81
951,5699999999999
1158,47
1041,43
1056,43
951,95
1155,72
1061,09
867,83
956,12
944,95
1286,26
1163,22
948,87
1140,4
1061,63
1043,42
1121,68
1217,13
1471,67
1644,51
1281,71
1215,0900000000001
1145,93
960,38
1043,68
1044,6
969,76
1701,63
1062,16
1256,42
803,0799999999999
1083,3
1230,9
1329,31
1224,3899999999999
1311,87
1496,1100000000001
1327,3
1192,88
1521,62
1446,5900000000001
1389,69
1349,52
1222,85
1345,97
1294,24
1312,53
1102,44
1146,42
1141,4299999999998
806,25
1190,82
898,59
883,4300000000001
922,71
1430,15
1261,13
1261,31
1208,13
1206,9
1205,69
1239,96
1286,1399999999999
1316,1
1318,16
1317,56
1320,47
1318,4
1323,4
1314,68
1299,49
1291,96
1303,71
1308,27
1314,3899999999999
1310,49
1302,24
1309,08
1322,8400000000001
1316,32
1267,57
1236,83
1206,53
1208,2
1213,69
1228,33
1280,5900000000001
1300,78
1286,3000000000002
1300,73
1307,02
1311,78
1296,45
1311,69
1317,92
1289,57
1313,65
1318,1599999999999
1315,26
1301,62
""
""
""
""
1085,99
1087,3899999999999
1103,88
1101,57
1080,8600000000001
1068,78
1074,72
1108,2
1108,56
1109,62
1111,8899999999999
1111,29
1111,71
1107,19
1096,48
1091,45
1088,21
1095,81
1008,95
857,24
863,51
867,33
864,83
861,67
868,22
847,96
816,8
814,7
817,71
820,47
833,81
828,63
837,53
839,3199999999999
840,2
839,91
844,22
847,67
849,59
840,38
835,62
886,96
964,89
848,73
849,25
850,9300000000001
839,79
678,42
914,34
899,12
821,45
815,9300000000001
821,52
917,4
864,77
841,42
832,92
833,39
867,2
977,24
1065,33
1100,69
1102,57
1126,2
1125,74
910,39
1120,87
1116,75
1052,8899999999999
1051,57
1044,24
1044,68
1049,23
1056,17
1055,9
1047,7
1048,3600000000001
1049,5
1046,3
1048,97
1101,63
1118,02
1113,85
1111,6100000000001
1116,26
1118,72
1122,27
1121,47
1113,79
1114,06
1120,87
1113,5
1119,45
1116,45
1083,3
1055,62
1041,5
1036,23
1038,4
1031,06
1041,77
1044,95
1042,02
1068,26
1074,48
1075,37
1071,84
1056,71
938,69
941,99
943,1
936,81
934,25
937,72
929,3199999999999
935,2
934,79
936,05
936,79
935,52
921,5
896,83
910,79
916,33
905,3
899,45
924,99
920,09
906,0
""
""
""
893,6845490985083
905,2763387467764
918,0137743419709
927,0337754143247
917,9835646946863
921,5201491037642
925,1295133378409
929,117841254304
923,3215624067157
929,9933141496084
917,1473450978235
883,9660566117666
882,4795206493438
890,1566654416888
888,540883848366
885,9461844549876
878,8910077836416
888,1795023811826
846,752904213763
726,021598794689
723,3843321905833
723,163835377127
720,6537463929556
718,9355112287371
722,3455048030914
729,3737032529681
732,1077403470842
720,973853280773
721,9504003566803
724,8647830454146
728,0409634907678
732,9050725766986
762,2217441219392
810,3229763454499
848,469557948606
877,6800685543121
893,26
903,64
899,28
896,75
896,84
895,55
898,45
895,56
909,49
919,88
921,78
922,21
920,36
917,87
922,4300000000001
907,55
915,05
919,73
920,97
916,67
918,54
927,88
922,45
915,03
1120,46
990,4300000000001
3491,01
1056,8
955,63
1051,41
1012,97
1046,8
1046,02
1272,44
1134,96
1357,89
1203,38
1160,03
1087,28
1085,16
823,64
924,6700000000001
809,8199999999999
726,23
761,14
1196,09
1033,6399999999999
524,74
1015,8199999999999
1023,12
1028,25
1046,97
1043,95
1045,54
1039,99
1073,34
1093,57
1103,81
1102,73
1092,98
1100,12
1123,06
1127,4
1118,84
1110,03
1111,7
1119,26
1115,72
1116,74
1121,51
1112,92
1115,79
1103,79
1083,1399999999999
1063,16
1050,26
1044,75
1089,51
1117,97
1106,51
1103,62
1106,93
1098,68
1096,59
1089,06
1111,78
1127,97
1117,8899999999999
1110,04
1116,08
1118,1399999999999
1112,83
1108,09
1108,9
1128,07
1117,42
1110,69
1108,48
1088,25
1087,09
1082,45
1099,6100000000001
1111,26
1112,87
1110,43
1107,32
1117,52
1114,85
1105,3899999999999
1115,28
1104,96
1103,35
1099,953
1106,1317
1112,1
1110,41
1109,06
1109,95
1118,34
1117,9
1107,96
1079,03
1079,73
1055,29
1047,37
1105,18
1128,46
1125,1
1128,45
1126,52
1120,16
1117,67
1115,2
1119,15
1117,25
1115,67
1113,55
1122,34
1123,43
1121,13
1114,13
1099,51
1099,7
1096,81
1073,8
1057,57
1046,44
1033,3899999999999
1046,73
1060,07
1062,87
1075,67
1067,78
1071,47
1080,08
1083,03
1089,06
1084,46
1090,19
1094,24
1092,9
1105,3
1109,6399999999999
1116,49
1102,41
1093,52
1095,9
1078,17
1072,41
1072,22
1060,0
1049,78
1036,53
1042,08
1042,84
1045,13
1045,21
1049,88
1047,74
1043,77
1040,22
1043,8
1054,31
1049,42
1048,32
1081,27
1097,84
1106,82
1091,42
1095,42
1108,28
1076,97
1042,98
1042,17
3419,21
1044,56
1047,6399999999999
1068,52
1096,98
1094,83
1089,24
1090,21
1213,8
1111,47
1075,71
1080,07
1095,75
1100,83
1107,08
1120,03
1123,55
1122,32
1120,1399999999999
1120,0
1127,12
907,26
1038,24
1045,4
1042,6399999999999
1042,83
1042,87
1060,6100000000001
1106,1399999999999
1119,46
1129,92
1118,74
1105,99
1087,4
1097,72
1107,02
1105,0
1102,91
1112,78
1112,79
1119,3899999999999
1122,25
1131,31
1133,38
1127,67
1120,6
1113,77
1111,16
1091,96
1083,96
1079,19
1105,08
1114,32
1117,53
1110,04
1095,04
1101,63
1105,27
1119,56
1118,84
1120,04
1118,75
1122,7
1117,78
1124,32
1112,78
1116,23
1121,7
1123,22
1128,46
1122,32
1097,8
1318,35
1081,48
1084,94
1121,53
1125,16
1147,26
1240,46
1269,37
1170,35
1114,26
1113,12
1118,23
1121,43
869,26
1104,0
1177,06
1082,12
1115,59
741,98
688,88
1200,6399999999999
1422,99
1047,48
1042,54
1041,84
1049,8
1041,99
1037,3899999999999
1068,43
1097,73
1097,51
1105,5
1116,0
1113,57
1106,8899999999999
1100,31
1106,8
1113,32
1110,05
1105,51
1122,31
1120,87
1112,33
1113,66
1100,18
1080,53
1068,53
1072,31
1071,99
1056,93
1073,3
1096,59
1073,28
1073,3600000000001
1082,59
1089,24
1072,44
1070,05
1045,93
1060,95
1083,8
1088,26
1078,78
1104,84
1115,65
1121,24
1119,67
1118,43
1114,95
1101,7
933,0
890,0
892,0
893,0
890,0
882,3
867,7
859,9
859,1
867,7
869,3
878,8
877,6
876,2
876,6
880,9
876,7
876,9
880,0
877,6
876,1
881,3
873,6
864,1
859,5
862,8
361,08000000000004
1004,5
1068,0
1083,2
1091,9
1093,2
1085,2
1089,9
1087,1
1081,8
1084,7
1087,6
1085,8
1082,8
1085,1
1091,6
1090,92
1090,16
1087,19
1087,82
1068,42
1044,16
1043,91
1040,55
1034,76
1032,65
1048,3899999999999
1072,6
1089,99
1090,92
1084,94
1078,3899999999999
1078,02
1087,47
1082,44
1079,71
1089,2
1087,67
1099,56
1103,92
1102,83
1106,41
1106,34
1110,13
1099,98
1107,69
1092,91
1097,3600000000001
1084,04
1063,7
1057,24
1079,17
1103,63
1104,12
1094,47
1093,99
1102,16
1109,3600000000001
1102,48
1104,6
1098,66
1094,8
1096,87
1101,32
1097,96
1104,75
1105,24
1103,68
1107,68
1113,33
1105,7
1103,48
1096,22
1084,78
1081,53
1118,82
1126,83
1120,5
1117,29
1116,31
1122,22
1120,92
1118,21
1124,8
1127,43
1121,28
1124,28
1123,57
1121,48
1125,01
1118,54
1126,56
1125,27
1121,26
1121,67
1131,8899999999999
1117,2
1095,3600000000001
1092,1100000000001
1132,43
1131,62
1120,08
1113,04
1118,02
1113,07
1110,06
1107,71
1119,09
1119,1399999999999
1114,47
1107,16
1106,69
1120,47
1129,35
1128,93
1128,68
1126,03
1115,37
1115,01
1094,8899999999999
1041,28
1058,72
1062,38
1082,24
1092,75
1085,46
1097,42
1102,2
1108,46
1110,74
1107,83
1095,27
1105,28
1105,19
1098,07
1103,49
1107,93
1102,53
1100,44
1101,35
1098,74
1092,93
1086,5
""
0,0
1057,67
1037,94
1039,6399999999999
1045,31
1065,82
1094,67
1103,51
1107,27
1101,3600000000001
1075,44
1059,38
1061,5
1035,79
1033,33
1068,45
1074,46
1099,6100000000001
1116,05
1107,31
1118,48
1115,77
1111,41
1079,94
3530,48
1071,18
1056,57
1065,45
1096,38
1096,16
1100,72
1091,79
1085,16
1081,29
1095,47
1098,0
1107,79
1114,15
1115,28
1104,58
1089,51
1104,28
1113,09
1115,76
1061,3899999999999
1040,57
1070,3899999999999
1076,73
1062,13
1046,72
1039,66
1057,4
1100,6
1108,52
1107,53
1105,3600000000001
1111,13
1113,58
1088,73
1074,57
931,6500000000001
862,52
878,46
881,48
876,26
857,6
862,77
872,49
841,01
866,0799999999999
1007,1
1058,24
1048,3600000000001
1037,45
1038,49
1062,0
1102,26
1131,18
1131,38
1096,12
1101,68
1100,38
1079,69
1080,93
1086,54
1089,35
1078,1100000000001
1097,8600000000001
1111,13
1113,18
1105,63
1104,3600000000001
1101,2
983,24
1117,58
1230,75
1211,42
1135,03
1224,38
1268,87
1037,87
1085,4
1111,74
1109,79
1100,04
1056,03
1093,6100000000001
1124,43
1120,48
1111,75
815,7649
1100,042
1025,26
1063,66
1025,84
830,06
909,74
1270,81
1071,99
1036,17
1021,1800000000001
1035,1399999999999
1029,65
1040,6399999999999
1088,84
1109,9099999999999
1093,1
1095,92
1102,28
1103,99
1096,33
1082,6399999999999
1058,53
1062,17
1073,22
1285,75
1149,65
1076,62
1111,35
1126,31
1126,06
801,54
1040,75
1029,98
999,21
1000,3299999999999
999,11
997,39
985,29
1011,46
1026,1
1023,3199999999999
1033,45
1045,99
1045,29
1044,04
1022,6500000000001
1025,05
1037,5
1048,82
1054,1
1049,63
1048,58
1053,3
1043,9
1018,25
1015,53
1017,79
1008,6800000000001
1015,1
1009,35
1004,1
1002,75
1010,78
1010,05
1009,9300000000001
968,03
1012,64
1013,5
1014,04
1015,09
1014,83
1013,3823
1025,5794
1036,26
1035,59
1032,34
1028,35
1031,4
1015,78
1012,6500000000001
1012,96
3491,63
1006,0
998,45
1001,19
1044,96
1041,58
1037,4
1048,43
1038,94
1041,0
1044,1399999999999
1050,44
1050,68
1045,78
1049,56
1049,13
1045,37
1049,01
1037,93
1044,4099999999999
1060,37
1059,11
1052,04
1016,75
999,01
999,4
1000,9200000000001
1003,98
1033,48
1037,8400000000001
1020,69
1015,6700000000001
1009,06
1001,0
1005,81
1002,98
1007,67
1013,11
1026,68
1031,23
1013,4300000000001
1012,04
1046,58
1066,67
1095,85
1067,23
1027,41
1025,68
1017,47
1012,47
1012,4300000000001
1045,51
1046,87
1054,84
1058,93
1068,96
1073,1407
1073,2241
1071,7
1062,1
1069,83
1063,93
1064,4187
1066,3374
1078,45
1081,8899999999999
1074,0
1072,1399999999999
1076,06
1052,41
998,74
1004,35
1017,74
1006,1800000000001
1008,31
1011,98
1029,03
1043,69
1040,46
1051,42
1036,3
1017,42
1024,25
1030,57
1024,27
1008,8
1014,13
1016,13
1009,1800000000001
1036,8899999999999
1051,79
1048,8600000000001
1046,68
1019,96
1004,3
1002,5
987,03
973,04
970,29
982,03
1013,6
1013,3199999999999
1010,86
1010,75
1004,23
1007,62
1022,1700000000001
1034,44
1042,01
1043,84
1044,56
1045,05
1050,7
1069,19
1087,99
1091,94
1097,23
1055,34
827,4
821,04
836,14
838,53
839,13
838,4
855,01
867,5
885,96
897,06
872,64
861,36
849,24
841,09
844,46
859,48
870,85
857,13
856,95
862,94
866,51
869,8
868,84
870,5
870,8
870,01
856,73
844,85
843,91
856,47
876,26
875,81
871,84
872,67
860,01
850,45
851,73
831,36
821,5
818,53
815,4
817,4
815,01
820,06
856,4300000000001
854,91
853,0699999999999
852,65
834,91
825,19
801,77
317,24
803,17
803,67
823,34
846,98
862,65
864,69
901,74
895,0
896,0
890,0
891,0
893,0
891,0
890,2
892,4
893,2
886,0
896,8
898,2
896,6
891,9
865,3
844,5
682,7
578,2
663,0
793,8
840,3
853,6
848,0
868,4
869,7
856,0
846,3
865,9
865,0
875,1
881,2
862,8
863,9
861,3
386,01
386,25
386,25
1057,3
1051,1
1047,0
1040,1
1038,1
1062,6
1080,4
1083,0
1086,1
1079,1
981,9
901,0
902,6
899,6
890,4
889,8
880,8
882,03
962,47
1065,25
1087,5
1097,41
1099,56
1030,0
1037,49
1062,6399999999999
1069,92
1064,65
1073,09
1078,95
1104,76
1104,75
1113,35
1121,51
1114,45
1123,43
1118,57
1126,23
1096,41
1095,1100000000001
1107,4
1131,23
1132,6399999999999
1123,63
1119,58
1116,85
1118,96
1097,85
1065,6100000000001
1063,23
1067,29
1038,2
1051,13
1055,18
1077,76
1093,5
1075,68
1084,56
1084,6399999999999
1073,69
1082,56
1086,42
1103,16
1097,55
1095,83
1107,42
1312,57
1114,72
1114,63
926,7
1126,91
1043,3
869,59
869,53
840,73
831,1800000000001
836,79
845,79
881,45
878,5699999999999
877,36
881,46
891,12
875,6800000000001
862,8
857,88
855,5
852,16
867,77
862,1800000000001
863,41
866,85
884,02
886,36
884,97
877,79
853,64
847,14
845,64
844,86
836,77
841,98
848,47
849,13
847,97
852,05
845,92
854,23
864,53
866,17
857,17
848,87
847,21
847,97
857,35
870,94
885,12
884,45
889,49
884,76
861,42
864,37
846,6800000000001
838,1
842,81
865,54
889,59
880,98
881,5
893,66
872,92
865,72
858,67
871,24
875,31
866,28
866,9
869,83
880,88
880,79
887,78
884,6800000000001
874,36
856,26
849,46
845,54
816,85
807,14
814,72
833,95
859,53
966,03
1047,94
1066,52
1065,99
1067,79
1066,73
1072,44
1068,18
1057,91
1062,19
1066,97
1053,9
1056,31
1065,6399999999999
1064,1399999999999
1052,8899999999999
1025,93
1039,18
1067,21
1068,44
1060,56
1058,52
1053,22
1064,67
1059,8
1051,87
1052,04
1048,15
1056,51
1051,93
1056,79
1049,06
1049,51
1034,58
1035,19
1044,08
1062,45
1067,13
1064,27
1064,09
1047,07
1031,6399999999999
1047,87
1038,23
1011,3199999999999
1015,34
1044,56
1046,65
979,5699999999999
885,77
896,31
891,81
888,04
888,99
888,8199999999999
887,86
879,83
877,89
887,15
882,91
874,76
865,79
882,13
872,25
866,14
878,75
885,73
898,14
909,63
915,65
911,05
905,5699999999999
895,33
895,5699999999999
954,48
968,96
1007,51
1022,98
1041,17
1053,3899999999999
1049,08
1043,83
1047,8
1061,46
1066,18
1068,6399999999999
1071,4
1069,38
1058,91
1042,68
1014,28
1003,56
1003,09
1002,58
1002,91
1003,8
1033,3
1057,74
1063,96
1051,75
1030,13
1049,74
1041,45
1042,63
1044,51
1053,6
1050,18
1048,46
1049,35
1050,9
1055,82
1057,22
1058,05
1025,46
994,73
1003,98
1002,75
1000,96
1002,86
999,6800000000001
993,5699999999999
1000,64
1038,93
1041,29
1038,19
1037,97
1038,23
1025,68
1028,76
1025,96
1040,16
1044,38
1047,58
1055,25
1054,12
1043,3899999999999
1045,22
1046,49
1064,6100000000001
356,53999999999996
1075,35
1061,5
1039,33
1042,75
1071,69
1085,71
1075,38
1068,63
1067,46
1062,98
1065,59
1070,22
1073,16
1071,0
1074,62
1065,3
1056,31
1057,05
1064,77
1080,98
1078,1100000000001
1071,75
1049,05
1043,02
1052,91
1040,48
1029,1399999999999
1061,4
1079,54
1082,59
1082,95
1063,44
1061,96
1065,38
1092,55
1101,19
1096,77
1089,0665
1084,3892
1093,34
1095,33
1102,53
866,89
1098,29
1332,97
1076,48
1066,34
1062,68
1062,6399999999999
1049,99
1037,81
1044,57
1066,8600000000001
1056,87
1069,55
1064,16
1066,0
1070,27
1063,72
1059,27
1063,74
1061,48
1061,1100000000001
1063,6399999999999
1074,1100000000001
1074,68
1069,91
1073,25
1086,09
1077,7
1050,88
1040,38
1038,09
1043,13
1038,54
949,99
877,1
870,97
870,48
854,24
858,1
876,21
879,87
880,83
877,87
875,16
882,42
886,14
885,4300000000001
883,75
883,15
879,6800000000001
874,9300000000001
869,46
857,96
867,24
863,0
863,5
837,69
837,41
830,13
825,52
823,97
837,99
850,6
853,85
845,96
847,74
847,73
838,52
829,4300000000001
816,23
814,86
815,29
751,53
673,87
672,37
688,3
680,02
677,85
681,2
681,52
684,37
534,86
420,06
411,01
414,28999999999996
417,65999999999997
417,38
468,3
517,29
555,36
553,7
560,08
557,29
558,16
582,4300000000001
607,99
616,38
608,72
602,51
""
""
""
""
""
""
""
""
""
""
""
""
""
""
""
""
""
""
""
""
""
""
""
""
575,05
577,1800000000001
590,15
590,25
585,37
571,42
578,3199999999999
603,49
606,7
671,0
702,87
733,51
729,61
730,59
775,53
819,54
823,56
829,96
861,04
870,23
870,84
881,09
878,2
841,02
858,41
873,42
876,36
870,9
870,45
879,33
969,02
977,38
992,45
1034,58
1027,09
1026,73
1015,59
1029,73
1067,79
1061,05
1053,55
1036,46
1049,02
1079,23
1083,23
1068,33
1028,13
1037,04
1047,38
1038,26
1031,2
1011,08
1011,6
1000,17
1013,01
1021,81
1039,72
1067,08
1094,0
1092,3
1083,8899999999999
1042,47
1074,3
1079,1100000000001
1067,37
1064,95
1059,6
1064,12
1060,55
1055,9
1029,19
1016,44
1042,75
1055,55
1034,82
1019,76
1014,06
1010,77
1049,21
1070,78
1074,96
1074,75
1075,1100000000001
1080,8600000000001
1081,75
1076,59
1095,03
1094,48
1086,77
1088,78
1098,44
1100,93
1088,81
1092,4
1100,3899999999999
1091,57
1050,33
1040,47
1043,79
1050,29
1034,52
1018,66
1064,24
1096,6399999999999
1096,53
1093,26
1095,46
1098,3899999999999
1093,97
1082,65
1101,47
1094,57
1084,42
1088,84
1090,41
1082,82
1101,74
1085,3600000000001
1095,05
1080,12
1050,6399999999999
1013,35
1009,54
1027,15
1011,97
994,01
991,14
1031,69
1042,75
1051,1100000000001
1041,33
1026,03
1018,1
1023,53
1031,72
1028,91
1026,8906
1032,5064
1027,48
1052,4
1065,83
1086,75
1093,96
1076,5
1064,07
1059,88
1042,63
1039,8899999999999
1029,21
1023,14
1025,91
1015,39
999,65
1035,6
1049,93
1064,71
1030,66
1016,4
1001,92
987,14
984,72
986,66
1038,28
1063,9
1070,33
1065,05
1065,2
1023,87
1023,46
1035,98
1028,59
1017,34
1003,15
981,76
990,58
1045,95
1058,95
1019,06
1016,77
1008,47
1031,18
1032,23
990,66
880,76
855,75
864,03
864,47
868,64
871,19
886,8199999999999
892,72
875,39
888,2
883,24
887,26
895,08
895,48
884,65
838,22
690,49
672,3199999999999
674,4300000000001
680,63
682,16
680,48
687,6800000000001
707,99
700,08
698,73
697,06
700,49
698,83
702,33
710,24
713,03
774,42
868,98
980,87
999,85
1020,86
1015,94
1025,34
1030,76
1054,88
374,4
1059,6
376,21000000000004
51,91999999999999
38,05000000000001
37,31
35,02000000000001
37,110000000000014
575,3199999999999
1057,8
1060,46
1071,94
1075,55
1079,66
1082,07
1067,78
1052,79
1026,26
1025,78
1002,78
1005,31
1024,24
1034,38
1074,3
1076,07
1077,97
1090,98
858,03
844,58
847,03
844,29
839,15
840,08
847,3
909,84
1055,3899999999999
853,98
850,67
853,4
563,23
832,53
813,71
807,8199999999999
816,2
813,95
804,67
785,15
814,86
865,1800000000001
1046,88
1058,9
1055,87
1055,26
1062,2
1237,41
1130,54
1069,06
1071,8600000000001
1075,58
1076,34
856,55
1090,04
1103,56
1082,41
1080,98
1033,28
1016,25
1018,4
1015,66
1011,35
1009,11
1033,15
1045,6399999999999
1055,51
1050,01
1026,0
1007,92
999,75
1021,11
1049,62
1050,91
1068,03
1060,16
1063,99
1076,92
1081,51
1074,1399999999999
1073,49
1051,87
1043,88
1027,41
1009,73
1007,48
1017,97
1000,88
1001,7
1025,76
1021,62
993,72
995,33
996,44
1001,65
1017,42
1022,78
1022,9
1049,1
1045,15
1039,83
1045,5
1038,71
1048,67
1044,26
1031,97
1017,81
319,77
1004,75
989,09
1018,69
1056,6100000000001
1067,35
1062,88
1036,58
1064,04
1061,0
1063,84
1061,41
1073,53
1067,58
1067,88
1071,04
1069,3
1067,93
1063,43
1069,87
1071,76
1059,65
1060,59
1039,46
1038,56
1035,59
1014,41
1028,06
1041,6100000000001
1057,87
1059,66
1066,98
1070,4162000000001
1067,6132
1079,82
1084,73
1094,43
1081,87
1072,17
1068,04
1070,72
1076,67
1076,32
1085,56
1089,88
1080,88
1040,24
1031,65
1021,27
1008,51
1006,63
1006,37
1063,49
1094,6
1091,28
1094,08
1092,88
1090,31
1085,29
1086,2
1068,9
1067,69
1074,8899999999999
1086,8899999999999
1095,83
1095,88
1082,6
1077,1100000000001
1076,07
1065,29
1020,87
984,97
993,49
998,3199999999999
962,5699999999999
977,11
991,71
2222,28
2255,51
2280,41
1045,6
2212,46
2260,47
2259,19
2201,49
2177,25
2220,91
2258,74
2254,42
2301,87
2305,04
2360,1
2340,16
2269,02
1038,49
1044,92
1016,39
1029,49
892,08
856,3
854,72
897,55
897,69
898,12
894,6800000000001
897,9300000000001
899,47
893,69
875,33
866,77
858,56
860,84
918,19
1003,74
1058,56
1074,71
1079,87
1079,54
1079,43
1053,38
1016,89
1035,52
1048,8
1051,55
1056,21
1027,3600000000001
1058,93
1062,81
1076,09
1078,9
1058,81
1047,93
1050,7
1059,25
1071,19
1078,65
1086,7
1083,03
1073,17
1070,98
1066,84
977,25
886,08
889,72
871,55
869,77
857,81
860,47
861,92
862,88
877,87
877,75
873,3199999999999
855,06
855,29
843,01
805,3
808,65
833,91
867,19
879,69
858,69
860,14
861,6
868,61
878,91
883,51
880,6800000000001
866,81
864,25
860,99
861,5
871,77
883,25
902,22
913,04
919,05
896,36
895,41
944,29
963,62
987,55
1012,29
1024,51
1023,28
1027,27
1030,69
1024,97
1026,93
1028,65
999,21
998,15
999,26
1009,94
1006,41
1016,3199999999999
1053,69
1053,3
1046,06
1057,2
1051,71
1062,04
341,66999999999996
338,98
341,45000000000005
338,84000000000003
328,78999999999996
340,69
342,47
346,4
337,02
333,4
338,69
340,62
336,94
342,15
321,47
312,0
326,65
349,89
350,84000000000003
360,41999999999996
354,31
352,82
352,68
1054,78
1048,82
1048,54
1061,55
1047,2
1064,57
1068,44
1064,9
1076,1399999999999
1078,8600000000001
1058,03
1063,37
1048,54
1040,44
1018,04
989,21
981,67
983,63
999,15
1055,6
1073,0
1078,49
1087,91
1072,51
1092,97
1078,3600000000001
1072,99
1056,68
1040,58
1048,07
1055,75
1041,75
1048,43
1040,46
1034,88
1046,35
1051,15
979,7
1010,88
978,94
962,97
983,34
976,8
994,14
1016,76
994,77
1011,3199999999999
1011,38
1024,3
991,53
968,23
944,64
950,78
940,96
953,47
923,14
913,89
909,98
883,76
868,31
858,84
791,1800000000001
700,59
707,66
703,86
686,51
703,24
746,09
761,35
785,3199999999999
774,04
774,87
781,69
788,09
783,3399999999999
786,52
793,69
784,03
783,74
800,89
803,9100000000001
800,61
775,79
672,87
583,44
156,83
155,45
166,36
143,02
144,71
152,67
147,53
135,3
150,3
162,62
163,08
163,99
165,87
159,84
158,62
161,89
175,99
168,95
173,0
174,82
174,96
175,42
175,2
175,24
593,35
579,0699999999999
558,0
556,3199999999999
552,11
552,96
595,45
601,2
600,42
599,38
604,9300000000001
605,32
605,52
597,94
600,34
566,03
359,85
373,15999999999997
373,18
358,72
372,70000000000005
383,20000000000005
390,38
384,39
380,03000000000003
352,77
366,95
370,37
370,48
384,84000000000003
398,26
401,73
396,93
406,02000000000004
398,95
399,7
387,36
373,32
380,4
372,0
371,59000000000003
374,75
405,38
392,85
390,32000000000005
405,23
395,73
408,79
416,93
394,82
368,77
351,4
360,14
362,21999999999997
389,81
404,52
404,12
401,74
394,95
379,13
387,31
405,87
388,84
353,98
369,65999999999997
388,09
385,88
378,4
378,82000000000005
382,25
409,26
409,14
395,13
370,10999999999996
358,22
349,0
344,82
353,73
382,51
390,44
396,90999999999997
387,53000000000003
365,83000000000004
358,99
353,98999999999995
349,65000000000003
364,32000000000005
359,36
414,32
497,35
418,24
566,98
490,94000000000005
212,75
405,49
0,6200000000000045
402,81000000000006
378,72
353,83
357,16
371,45
360,29999999999995
352,01
364,15
356,69
420,57
525,94
588,83
600,0799999999999
597,09
598,63
596,1
594,9100000000001
756,87
588,36
591,35
587,54
591,56
380,73
665,1700000000001
596,98
599,94
580,5699999999999
581,5
579,22
602,2
593,65
596,6600000000001
607,23
615,49
617,5
605,36
600,65
600,46
607,24
599,54
601,39
603,19
607,01
605,35
610,56
608,31
616,94
617,29
609,96
616,46
599,09
587,48
579,15
582,46
578,61
560,91
555,56
556,85
604,11
632,04
633,19
621,79
608,53
574,57
575,15
576,9
608,12
621,6800000000001
615,01
607,56
607,75
608,1600000000001
588,8
602,86
163,06
613,45
619,9300000000001
615,5799999999999
600,49
586,4
597,69
659,45
685,94
696,78
714,65
733,3
737,3299999999999
746,36
745,01
772,94
798,89
840,1
871,45
878,15
883,78
889,86
898,78
875,56
840,0799999999999
852,5799999999999
857,9
865,5
896,55
882,19
885,96
892,31
881,98
892,28
890,37
890,96
757,31
655,61
657,78
669,22
666,9200000000001
676,23
677,3199999999999
674,0
678,12
690,79
682,0
678,5799999999999
653,37
650,7
646,66
648,78
677,04
677,95
675,24
682,0
685,06
684,54
679,38
681,5699999999999
665,72
682,15
680,77
678,9300000000001
680,32
667,66
662,38
660,6300000000001
664,74
646,69
632,74
671,22
787,64
828,25
832,98
837,27
860,55
889,86
882,65
881,05
888,54
1065,9
881,51
890,74
885,9300000000001
875,38
664,77
885,39
879,48
881,15
898,96
656,14
944,5
1125,1399999999999
847,56
826,87
825,96
826,52
828,3299999999999
835,58
868,53
901,2
899,78
899,03
888,63
888,1800000000001
884,37
883,62
902,8199999999999
889,42
941,4300000000001
1025,77
887,12
845,29
955,56
886,23
720,11
887,62
856,8
857,0699999999999
852,66
840,6
835,52
828,54
858,49
871,48
867,79
870,19
870,15
873,15
865,24
867,31
874,1
870,74
847,4300000000001
843,79
858,08
876,55
894,61
895,27
901,21
870,3199999999999
879,09
854,34
846,59
838,04
836,62
841,22
873,28
875,21
880,87
892,8299999999999
890,24
884,21
884,12
880,51
873,9300000000001
848,94
860,88
871,8399999999999
880,11
886,6800000000001
886,9200000000001
883,47
892,63
886,04
846,3199999999999
840,0899999999999
137,47
825,06
818,9200000000001
824,81
874,75
901,04
900,19
908,69
896,24
896,14
887,27
877,19
886,97
879,84
866,55
868,0
874,13
904,61
906,77
902,09
899,05
869,7
845,23
858,63
846,28
833,52
828,58
844,76
998,77
1004,21
894,4
896,6
892,5899999999999
877,47
882,5699999999999
867,98
871,97
871,34
669,04
980,8399999999999
873,28
1025,88
876,14
721,8199999999999
870,04
710,44
833,5699999999999
830,61
834,9
841,78
837,29
839,38
880,4
880,6600000000001
875,5
891,3
893,52
886,6800000000001
880,39
892,64
896,54
892,87
895,81
889,8299999999999
877,9300000000001
890,1800000000001
868,77
874,4
856,0899999999999
858,87
832,87
818,3299999999999
820,3
822,49
823,11
827,59
870,99
878,75
877,88
847,4300000000001
862,13
870,3
873,56
877,2
876,33
872,0799999999999
858,26
886,99
898,45
774,92
999,67
887,73
976,16
793,1700000000001
888,77
890,06
876,99
870,6700000000001
877,0
877,29
888,73
884,3299999999999
891,01
894,5
900,04
904,9200000000001
896,1800000000001
885,08
872,34
867,29
659,89
875,73
957,78
911,47
819,72
704,9300000000001
778,55
391,03999999999996
599,67
602,12
588,51
585,17
575,41
570,71
598,3
599,22
610,77
602,23
608,35
617,9300000000001
622,2
620,64
619,31
608,25
600,02
617,62
618,04
609,52
612,88
607,62
594,5799999999999
596,5699999999999
602,48
595,35
587,54
594,12
590,44
595,5899999999999
600,16
614,51
616,61
629,72
642,56
640,3199999999999
637,73
633,46
630,65
609,61
608,3
610,6600000000001
625,03
619,9300000000001
614,69
623,6800000000001
629,65
628,9100000000001
588,77
572,95
134,41
573,5699999999999
572,6800000000001
568,37
588,37
626,74
627,99
599,96
449,8
464,82
498,18
540,2
566,95
558,64
563,12
555,19
564,3
562,3199999999999
558,9300000000001
555,1
560,16
547,91
""
""
""
""
""
""
""
""
""
""
""
""
""
""
""
""
""
""
""
""
""
""
""
""
787,52
751,24
742,28
735,92
725,8
761,8
760,48
776,54
934,78
1018,5
1145,79
846,3199999999999
758,36
749,0
990,15
760,03
769,0799999999999
614,45
915,06
745,36
804,49
415,96
547,0
539,61
776,4300000000001
781,14
760,99
746,66
744,98
741,78
781,39
808,6700000000001
802,9200000000001
800,35
797,15
791,96
784,1800000000001
792,24
791,26
788,97
779,26
786,64
793,6700000000001
794,39
800,27
813,8299999999999
814,8
804,01
548,5699999999999
536,3399999999999
530,16
518,08
518,34
526,36
540,13
577,54
572,28
570,53
574,44
573,0
575,3199999999999
573,35
568,56
572,6800000000001
572,2
565,94
584,97
635,64
557,38
552,6700000000001
575,23
703,62
709,5
677,2
672,3199999999999
714,14
740,44
765,65
778,0
799,3
834,0699999999999
832,96
837,4300000000001
837,61
836,9
832,38
837,1700000000001
830,73
827,84
833,75
821,36
833,36
827,24
826,21
835,23
830,54
837,02
815,19
792,9
785,0
787,4200000000001
786,9
787,31
770,13
693,95
603,99
608,4
612,87
609,94
619,86
609,03
593,38
603,91
606,06
584,12
579,1800000000001
580,56
576,4200000000001
577,98
581,95
579,22
578,1
568,54
556,27
556,56
564,46
585,1
607,86
722,22
818,01
843,1800000000001
844,3299999999999
841,06
635,86
948,95
988,8
983,44
983,9
982,94
979,1800000000001
997,44
998,9200000000001
998,64
984,66
970,63
963,04
955,02
952,61
959,1700000000001
968,06
975,21
1033,97
1044,5
1046,1
547,9000000000001
1040,48
1050,13
1050,3899999999999
1043,22
1042,74
1035,25
1028,16
1099,3600000000001
1062,3
1045,78
1042,31
954,4
1038,91
1021,14
982,96
967,37
970,34
967,14
983,0799999999999
1002,54
1051,57
1050,04
1048,34
1041,19
1039,01
1038,04
1000,95
990,78
818,22
1040,1
1099,04
1029,8
1214,24
767,5699999999999
1147,54
973,3
1170,54
1026,54
986,96
974,26
964,78
961,1600000000001
963,7
970,26
1024,32
1026,96
1032,13
1037,85
1034,45
1032,83
1029,18
1034,66
1031,13
1022,01
1010,19
1055,7
1044,96
1046,46
1041,84
1049,84
1042,16
1012,34
976,54
961,52
963,52
961,41
965,38
990,26
1037,99
1112,54
1039,96
1050,6100000000001
1042,69
1047,8
1052,16
1057,46
829,52
1049,3899999999999
967,5699999999999
1115,8
1347,13
1059,18
1118,49
1125,13
784,48
956,72
948,74
951,83
953,95
951,5699999999999
953,22
953,42
956,22
952,51
956,63
944,22
937,92
962,1
973,3
981,42
977,39
968,69
981,22
983,13
983,78
983,86
983,04
988,04
990,95
981,13
958,6
958,78
969,86
970,95
967,86
962,78
962,04
953,86
958,04
960,04
961,51
975,13
975,95
989,78
968,69
965,95
976,69
1052,22
1052,86
1054,86
1047,78
1046,69
1049,04
1020,95
1000,25
452,35999999999996
961,1800000000001
957,42
962,86
990,51
1044,11
1060,86
1064,81
1058,42
1066,25
1068,98
1062,16
1060,13
1055,92
1060,66
1052,13
1052,39
1061,16
1057,78
1052,51
1058,69
1030,69
1045,98
1008,58
989,4
967,58
973,7
989,05
1021,4
1036,54
1049,25
1068,05
1070,57
1069,3
1063,39
1065,25
1069,98
1067,19
1062,07
1060,17
1066,46
833,9
1186,34
1185,54
1071,63
1059,19
1020,9
987,15
971,42
964,29
955,16
971,25
1014,37
1064,1
1065,78
1068,98
1057,42
1052,34
1116,34
1198,86
1048,69
1050,42
1054,34
1057,9
1063,6
1061,86
1061,34
864,69
1064,16
1069,22
1042,04
993,83
983,5699999999999
974,13
972,48
982,78
1000,34
1053,51
1064,04
1065,9
1067,04
1064,6
973,0699999999999
959,95
964,86
757,98
1092,13
1093,25
1147,6
960,51
1013,34
1114,86
698,34
788,83
938,53
905,46
879,9
878,9
874,63
878,63
882,0699999999999
939,8199999999999
963,22
958,2
961,67
958,49
1067,82
1057,97
1051,53
1054,12
1039,62
1045,22
1052,74
951,39
1281,66
1053,13
815,95
1023,01
1013,84
973,02
964,9300000000001
958,9300000000001
956,58
955,84
960,52
1021,25
1052,51
1060,07
1064,86
1065,69
1028,1
870,5
849,94
839,77
836,45
833,25
840,04
838,51
834,19
840,25
848,79
827,54
783,89
788,87
798,87
807,1600000000001
803,84
810,14
808,02
798,9
813,78
838,88
849,6700000000001
848,76
851,06
847,26
833,88
822,06
820,41
849,14
862,35
865,8199999999999
864,02
862,35
865,3199999999999
867,0
829,27
814,55
299,02
798,05
800,08
804,81
799,3199999999999
849,62
861,85
864,3299999999999
864,02
869,23
867,88
855,26
857,23
856,0
848,7
853,44
850,53
857,14
852,1800000000001
851,09
866,35
866,74
851,26
828,41
813,16
806,23
806,41
804,47
820,86
832,97
827,26
860,02
865,06
858,7
865,6700000000001
866,2
865,14
862,7
859,11
872,23
868,94
867,03
869,12
876,06
872,94
870,89
852,03
825,97
814,71
787,3
797,01
808,37
813,2
839,47
821,73
851,29
853,9
849,26
847,7
844,14
840,808
828,02
848,8399999999999
1101,46
920,5
845,5799999999999
853,55
857,06
586,3199999999999
807,47
845,11
813,38
781,37
792,45
791,01
861,96
920,34
941,98
979,95
973,49
1125,6399999999999
1021,2
973,4300000000001
975,41
979,64
978,1700000000001
977,14
1044,43
1056,37
785,14
992,38
999,86
999,0
868,77
990,86
975,35
963,65
955,9
953,86
968,01
1002,1
1028,63
1042,73
1046,23
1044,5
929,46
825,88
834,91
836,12
838,56
561,0
987,4100000000001
882,35
970,79
969,41
834,7
632,1700000000001
824,46
815,99
768,22
754,66
734,86
730,34
732,01
732,5699999999999
735,01
759,66
760,74
776,1
800,3
759,5
738,37
739,28
740,28
725,63
711,9300000000001
760,36
815,16
834,54
835,19
808,81
779,72
747,52
716,22
716,04
714,22
716,95
715,1
717,28
718,72
715,72
716,58
717,54
727,28
730,54
725,1
717,16
717,01
709,36
734,74
773,39
783,3
788,3
791,3
784,22
760,0
742,46
742,25
463,28
897,46
936,54
941,78
945,3
1012,63
1041,9
1044,28
1030,93
1026,28
1040,72
1056,1
1047,1
1050,37
1047,37
1047,84
1038,46
1047,37
1045,28
1049,84
1054,9
1044,58
1013,28
975,28
956,02
956,37
956,1
968,46
997,05
1028,87
1045,78
1056,78
1060,4
1061,61
1061,31
1058,22
1055,87
1068,49
1066,75
1067,19
1072,84
1074,66
1076,28
1074,84
1075,02
1056,19
1028,34
994,5699999999999
969,22
944,3
943,04
976,5
979,1
1038,66
1047,66
1048,1
1045,93
1046,1
1047,1
1055,28
1048,37
1114,57
1060,06
1022,89
1023,21
1030,3
1029,48
1033,78
976,69
901,03
""
""
""
""
""
""
""
""
""
""
""
""
""
""
""
""
""
""
""
""
""
""
""
""
1192,02
1184,13
1181,54
1168,72
1162,54
1187,28
1190,46
1221,03
1280,54
1282,9
579,39
580,9
1261,58
1245,58
1237,93
1228,46
1235,57
1236,18
1292,22
1625,27
1126,01
1379,62
1063,0
973,0
1220,0
1222,0
1199,0
1184,0
1187,0
1217,0
1229,0
1263,0
1275,0
1267,0
1265,0
1264,0
1260,0
1244,0
1247,0
1257,0
1244,0
1233,0
1288,0
1303,0
1302,0
1291,0
1295,0
1274,0
1228,0
1221,0
1185,0
1164,0
1165,0
1180,0
1183,0
1196,0
1203,0
1209,0
1218,0
1217,0
1218,0
1220,0
1233,0
1210,0
1223,0
1275,0
1269,0
1268,0
1258,0
1259,0
1265,0
1268,0
1271,0
1235,0
496,83
1193,0
1195,0
1225,0
1259,0
1278,0
1295,0
1282,0
1279,0
1289,0
1294,0
1295,0
1288,0
1267,76
1241,74
1248,49
1265,81
1260,62
1228,16
1233,02
1245,84
1250,99
1270,86
1239,6
1187,6
1180,95
1212,51
1236,51
1270,78
1316,02
1311,54
1307,1
1292,02
1285,46
1304,34
1300,86
1283,69
1274,86
1324,95
1423,6
1259,16
1270,04
1283,78
1065,6
1401,04
1159,69
1248,6
1221,78
1201,78
1199,42
1189,78
1204,22
1220,54
1263,66
1288,58
1286,46
1289,4
1288,4
1283,66
1272,39
1266,39
1262,77
1253,12
1208,77
1343,77
1423,98
1542,1
1283,95
1103,34
1025,16
1282,85
1236,22
1221,78
1215,13
1204,06
1210,28
1229,81
1289,63
1297,16
1293,13
1292,54
1284,59
1280,82
1277,06
1270,94
1252,99
1182,11
1319,46
1255,38
1272,41
1272,68
1288,83
1288,24
1287,15
1278,03
1267,5
1231,5
1233,5
1221,59
1278,68
1296,5
1289,59
1286,42
1280,68
1281,56
1280,91
1263,14
1273,23
1268,58
1309,29
1094,76
1516,71
1412,45
1262,6
1052,25
1270,46
1277,72
1168,72
1246,06
1227,1
1202,84
1196,19
1202,1
1198,75
1195,28
1194,02
1193,1
1228,26
1239,37
1218,72
1235,72
1237,54
1236,98
1231,16
1204,95
1228,59
1236,25
1238,78
1236,86
1252,16
1241,81
1231,9
1220,54
1197,1
1181,93
1192,78
1194,6
1196,16
1202,38
1187,36
1190,25
1196,34
1219,18
1229,54
1242,63
1227,54
1223,98
1221,54
1213,72
1215,46
1223,69
1239,34
1255,02
1286,84
1277,75
1234,84
1254,93
1223,06
1196,34
481,0
1203,16
1214,62
1245,84
1289,58
1299,66
1297,95
1305,51
1295,72
1285,63
1286,93
1266,86
1254,22
1242,36
1255,39
1258,92
1262,25
1273,37
1290,02
1300,31
1297,34
1241,75
1199,02
1185,1
1179,93
1187,54
1198,49
1220,66
1253,93
1298,22
1301,63
1281,46
1269,16
1248,81
1097,46
1099,07
1093,46
1097,16
1097,1
1099,81
1099,81
1117,81
1058,72
1083,24
1047,28
1070,02
1083,02
1077,63
1067,37
1056,46
1078,46
1112,34
1114,84
1120,75
1117,58
1118,58
1117,93
1105,14
1103,66
1100,14
1093,31
1106,22
1111,52
1102,58
1092,4
1100,22
1107,14
1109,14
1098,14
1106,49
1099,33
1061,04
1066,86
1064,95
1079,96
1113,14
1093,87
1090,52
1094,08
1094,73
1094,52
1101,4
1090,96
1101,14
1117,49
1133,66
1171,31
1209,75
1251,75
1260,66
1246,59
1215,93
1143,28
1088,02
1084,75
1062,02
1054,93
1061,02
1070,66
2265,02
1100,44
1098,04
1097,92
1099,8
1087,27
1082,27
2249,92
1081,8
1077,74
1077,36
1073,16
1073,63
1086,5
1096,69
1098,07
1096,86
996,14
834,28
840,46
826,19
813,84
815,02
827,19
832,49
824,1
802,75
830,1800000000001
966,5699999999999
1049,39
1069,13
1077,01
1083,74
1085,04
1089,04
1085,34
1091,98
1093,25
1088,84
1078,6
1089,34
1087,81
1078,42
1051,16
1048,86
1040,16
1034,26
1049,37
1051,31
1053,19
1026,37
1034,94
1077,1
1057,54
1056,63
1071,63
1087,63
1086,54
1083,9
1093,42
1110,51
1140,51
1184,9
1211,72
1228,72
1194,02
1187,22
1176,86
3666,78
1161,19
1159,19
1168,81
1212,72
1221,04
1228,63
1251,16
1229,88
1236,1
1222,34
1231,56
1231,81
1233,54
1217,25
1261,69
1263,69
1239,69
1249,39
1263,9
1249,72
1220,93
1245,28
1251,37
1242,63
1236,9
1233,95
1255,04
1265,6
551,09
1243,84
1261,9
1266,93
1268,58
1265,58
1266,22
1265,92
1255,51
1236,69
1238,54
1245,1
1245,81
1250,54
1248,54
1253,63
1260,98
1241,07
1256,34
1239,86
1224,07
1243,51
1257,42
1274,98
1270,69
1272,63
1266,44
1253,4
1244,02
1248,66
1263,37
1265,24
1268,56
1257,3
1267,8
1261,33
1258,93
1272,48
1273,31
1273,33
1219,6100000000001
1204,07
1188,8
1169,1
1153,42
1146,27
1161,42
1180,41
1241,29
1269,07
1243,56
1254,8899999999999
1236,22
1206,95
1221,46
1243,28
1226,01
1241,43
1262,07
1249,42
1229,19
1246,56
1250,76
1252,0
1248,04
1226,72
1197,77
1159,91
1152,85
1146,59
1179,54
1198,9
1220,75
1259,37
1238,21
1241,27
1240,0900000000001
1229,38
1229,49
1217,81
1208,67
1217,22
1248,62
1241,55
1226,52
1255,85
1264,45
1269,14
1266,58
1218,85
1182,39
1181,69
1183,51
1181,78
1179,95
1185,95
1188,6
1170,86
1180,13
1177,51
1171,79
1171,3
1171,21
1179,33
1197,06
1209,33
1212,8
1237,59
1244,5
1249,25
1260,34
1194,95
1161,96
1156,37
1157,19
1160,66
1161,19
1151,84
1160,84
1158,1
1166,02
1162,28
1158,4
1155,93
1159,84
1167,37
1176,1
1165,93
1141,1
1123,84
1146,58
1166,86
1180,49
1218,63
1235,16
1227,74
1181,37
1177,75
1145,28
1143,58
1139,84
1140,1
1163,1
1181,31
1236,05
1253,05
1264,49
1274,25
1270,78
1263,37
1251,28
1248,63
1239,25
1213,22
1239,13
1248,3
1256,72
1258,46
1269,46
1261,07
1206,38
1193,16
1185,07
1156,25
1153,9
1157,54
1171,4
1188,59
1215,98
1229,77
1237,15
1248,47
1243,94
1232,98
1242,18
1451,07
1242,28
1243,42
1247,25
1251,05
1047,25
996,1
1308,98
1234,46
1428,31
1212,84
1167,48
1164,42
1160,07
1164,93
1170,46
1203,52
1210,98
1222,37
1220,63
1228,72
1224,63
1216,81
1246,54
1253,9
1237,6
977,34
1260,42
1500,66
1238,49
1251,84
1253,75
1250,75
1222,58
1194,31
1172,42
1161,05
1160,57
1154,9
1159,84
1182,93
1288,45
1258,28
1232,1
1214,9
1313,54
1205,75
1213,4
1230,02
1224,75
1120,22
1248,19
1170,14
1261,93
1250,1
1135,72
1318,81
1177,4
974,1
957,02
945,02
944,02
945,02
950,53
974,34
1025,04
1054,54
1047,13
1045,03
1043,74
1046,02
1040,4
1047,05
1042,66
1028,54
1008,28
1019,9300000000001
1126,02
1230,1
1264,19
1249,05
1234,1
1220,1
1209,4
1187,1
1179,02
1168,66
1178,75
1193,93
1206,84
1198,31
1198,63
1217,93
1210,4
1202,84
1213,49
1207,19
1206,75
1208,84
1231,93
1240,4
1247,22
1245,93
1246,49
1229,02
1219,84
1204,49
1183,54
1165,28
1163,1
1156,39
1162,34
1169,51
1162,45
1150,34
1154,26
1154,9
1149,07
1142,96
1139,66
1143,26
1123,85
1126,18
1137,68
1130,98
1122,48
1188,1
1197,79
1151,85
1137,26
1132,7
1134,9
1134,98
1127,98
1141,84
1147,14
1168,9
1197,81
1209,72
1228,37
1223,71
1221,36
1228,27
1226,78
1414,13
1217,81
1218,9
1502,9
1227,68
1223,62
1231,74
1234,8
1042,3
937,9
1167,07
1146,98
458,28999999999996
1130,93
1132,72
1133,51
1166,3
1228,92
1227,38
1231,44
1230,74
1233,03
1231,71
1235,59
1246,26
1223,5
1015,06
1233,24
1238,0
1598,3
1132,3
1343,03
1230,38
999,8
1170,62
1163,92
459,87
1138,75
1143,84
1163,23
1179,04
1218,86
1246,16
1231,57
1233,34
1229,04
1229,58
1237,46
1244,19
1275,28
1310,63
1053,46
1249,1
1248,81
976,54
1150,37
1512,28
1447,05
1194,62
1160,66
1138,75
1137,75
1131,66
1152,66
1183,25
1208,19
1214,42
1222,77
1229,62
1231,45
1239,93
1241,4
1255,31
1230,19
968,9300000000001
1255,02
1516,4
1368,98
1407,46
1254,63
1250,54
959,72
1180,27
1151,84
1145,1
1145,1
1148,75
1169,5
1200,07
1232,58
1258,84
1252,22
1247,58
1263,66
1258,58
1261,75
1266,06
1250,66
1243,42
1251,6
1256,42
1427,34
1248,81
1243,66
1081,58
1233,98
1217,55
1186,84
1153,19
1151,34
1152,04
1161,78
1189,78
1185,23
1190,62
1191,83
1187,6
1169,3
1185,39
1196,04
1198,39
1208,83
1200,18
1208,01
1217,57
1209,36
1215,63
1219,75
1236,37
1238,1
1184,46
1157,79
1140,37
1143,66
1147,84
1136,58
1130,02
1136,02
1171,57
1187,49
1207,58
1188,93
1181,9
1186,83
1189,81
1195,24
1204,8
1124,8
1034,45
1042,62
1042,18
1040,37
1040,1
1040,46
1042,35
1050,21
1037,09
1010,75
1008,48
1016,67
1023,79
1028,27
1038,1399999999999
1035,21
1039,66
839,49
825,9100000000001
834,3199999999999
835,99
834,0899999999999
845,66
843,42
831,12
837,0799999999999
842,99
815,36
775,0
778,01
807,96
811,23
787,31
783,76
775,41
781,5
798,91
804,08
879,5699999999999
992,88
1030,93
1031,95
1029,6100000000001
1013,62
1023,7
958,28
1137,77
982,0899999999999
976,95
789,5
702,0699999999999
796,52
631,71
941,41
646,77
635,72
633,68
624,28
620,6
632,38
635,98
641,15
655,99
650,84
689,42
646,84
649,64
651,02
553,94
631,88
641,25
383,1
649,2
842,31
792,37
541,1600000000001
671,6500000000001
801,58
822,73
830,37
833,45
838,77
838,77
850,31
850,6700000000001
869,6700000000001
866,51
859,22
871,5799999999999
872,8
1231,3600000000001
924,79
863,61
706,22
1050,96
880,11
872,64
668,45
819,61
877,27
872,7
710,08
843,03
874,06
878,09
845,1800000000001
858,58
861,84
885,02
903,48
952,8
979,44
1001,76
1029,99
1171,6599999999999
1119,87
1209,42
1096,76
1094,7
1009,51
1108,92
820,92
1097,81
908,49
970,26
1503,79
809,03
798,5799999999999
793,8
792,78
791,88
800,37
819,99
818,98
857,38
865,14
874,89
868,4300000000001
847,24
840,84
862,29
868,71
865,4
869,51
881,9300000000001
872,35
863,15
872,66
885,0699999999999
846,55
820,63
809,99
802,5699999999999
792,61
790,81
801,31
808,51
805,98
836,87
872,13
870,81
852,05
841,97
838,9300000000001
831,15
820,66
864,26
861,46
860,09
868,85
877,06
879,65
878,26
858,6800000000001
819,5
816,08
802,4100000000001
802,22
793,73
831,25
870,21
873,98
874,41
869,29
866,96
865,72
849,04
878,76
879,85
884,5
881,05
879,54
874,59
851,69
846,8199999999999
851,77
851,75
840,5
837,63
800,85
791,2
799,9
823,98
843,62
883,1
844,25
680,31
683,4300000000001
678,41
664,9300000000001
657,9
654,77
664,05
652,21
677,99
637,71
657,15
680,76
547,15
695,96
700,4300000000001
805,53
701,1700000000001
693,69
732,74
799,78
811,9
813,25
906,25
1021,0699999999999
1014,98
1011,01
1171,83
971,22
974,1
974,28
1014,1
1023,95
1034,69
850,6
1047,69
871,42
1044,6
1086,74
1175,01
1007,01
997,7
969,58
945,84
939,19
943,02
968,74
1008,48
1030,6
1032,51
1021,34
1026,6
1041,22
1042,13
1046,1
1042,22
1038,22
1034,13
1036,22
1037,13
1045,13
1226,3
1055,39
907,95
970,3
995,26
949,02
941,98
935,19
947,72
963,76
1020,01
1041,74
1181,69
1065,3
1014,48
1018,45
1088,92
1326,92
1101,62
1046,62
1047,36
849,1800000000001
1048,66
880,27
848,36
1042,48
1040,27
504,29999999999995
984,95
967,14
957,9
950,72
955,81
965,64
998,3
989,74
1010,74
1006,04
998,01
1006,3
1008,92
1018,5699999999999
1080,74
1187,74
843,78
835,42
836,95
628,9
843,81
844,0699999999999
853,34
804,16
827,42
833,0699999999999
825,42
829,34
831,0699999999999
821,98
817,34
810,98
821,42
819,42
834,51
835,16
835,25
823,34
817,34
816,42
835,42
830,34
831,16
844,39
857,22
856,45
852,36
926,71
951,83
956,8199999999999
949,54
946,63
948,98
981,58
1021,01
1049,6
1042,04
1047,22
1040,74
1087,57
1038,1
1036,69
1011,42
1020,01
1029,57
1037,92
775,5699999999999
1173,83
1178,92
1034,01
1035,66
951,83
1029,0
996,74
963,13
968,01
989,78
999,3
1022,04
1095,3
1099,04
1037,83
1029,22
1025,62
1028,8
1035,89
1048,58
1047,92
952,06
774,34
1122,22
1060,57
1053,04
1038,95
1219,95
1020,5699999999999
1030,04
1028,86
1013,5699999999999
1001,95
1019,22
1025,3
1041,92
1056,18
1045,24
1031,69
1051,79
1041,75
1051,73
1064,28
1057,3
1053,44
1056,9
1052,53
1055,49
1052,24
873,34
1139,46
1107,85
978,76
990,62
980,64
936,8
937,4
938,71
956,49
985,95
1028,72
1032,34
1036,87
1042,63
1049,02
1050,88
1054,74
1050,83
1046,99
1045,85
866,81
1670,3
879,1800000000001
1143,8899999999999
921,73
978,6800000000001
786,72
989,41
978,2
956,73
942,6
938,2
951,11
998,69
1030,83
1033,6
1042,44
1041,88
1041,35
1039,31
1131,0
1042,02
1033,63
1039,03
1047,75
1058,23
1051,13
1044,3899999999999
963,62
1039,13
990,4200000000001
973,88
959,48
942,02
951,63
958,54
978,53
1010,83
1010,92
1033,81
1042,1
1038,25
1029,16
1040,07
1047,64
1043,12
1044,42
1048,92
1052,72
1048,46
1050,52
1054,07
1052,92
1023,0699999999999
481,85
962,86
964,73
972,17
979,36
978,19
976,2
991,94
982,17
991,34
1012,28
1024,03
989,95
965,5
961,89
958,9300000000001
957,1
1011,98
1026,74
1027,51
1033,3600000000001
1042,38
1042,92
1040,95
1004,13
976,12
939,26
943,64
952,4
947,77
956,73
1020,01
1026,58
1026,3899999999999
1026,33
1026,3899999999999
1028,96
1031,58
1033,37
1032,1
1037,1399999999999
1042,45
1037,6100000000001
1036,57
1036,2
1042,75
1040,15
1014,22
969,62
966,87
978,5699999999999
978,36
959,36
963,46
991,64
1046,92
1043,9
1042,53
1039,32
1041,71
1013,51
1041,48
1043,7
1039,12
1053,53
1046,84
1044,6399999999999
1049,3600000000001
1059,28
1059,48
1054,3899999999999
1047,17
1035,09
1007,1
968,74
958,02
954,94
959,28
988,61
1036,17
1040,97
1032,98
1023,63
1029,84
1031,82
1029,18
1039,34
1035,49
1039,16
1039,49
1057,33
1067,97
1059,09
1049,82
1028,52
1001,66
978,66
934,98
928,28
919,63
912,46
906,46
905,72
943,8
985,71
996,33
999,03
985,59
974,77
985,24
1002,98
1006,74
987,42
1001,02
530,71
425,21999999999997
365,75
366,56
359,63
360,15
360,11
827,37
819,1
813,28
810,37
811,28
803,1
790,28
790,92
781,6800000000001
774,03
772,1
781,55
750,37
743,48
711,8
659,6800000000001
629,13
633,12
611,6600000000001
599,87
587,49
573,25
552,77
513,15
389,72
343,03000000000003
345,7
348,3
353,09000000000003
358,58000000000004
369,61
382,14
402,8
405,06
408,95
401,42
395,3
384,2
385,78999999999996
392,19
378,74
380,05
378,77
379,66
378,86
382,28000000000003
408,05
421,08
387,15
356,84000000000003
358,28999999999996
384,07
387,98
378,65
364,93
344,45
346,45
361,12
374,82
381,43
378,03
381,66999999999996
388,41999999999996
393,01
398,53999999999996
406,78
410,33
410,81
411,17
412,98
406,44
412,25
376,45000000000005
377,35
378,9
373,47
375,68
393,23
476,68
529,99
547,4
351,78999999999996
352,04999999999995
573,71
578,31
590,98
591,69
597,76
597,5899999999999
428,35
593,64
590,69
584,51
732,0
625,56
361,49
548,55
509,1
500,86
512,69
515,46
530,59
559,96
569,6800000000001
567,89
570,98
572,1800000000001
576,44
585,5
582,66
575,87
584,1
592,56
595,27
597,65
589,78
587,97
578,4100000000001
574,19
569,11
563,9300000000001
558,75
537,47
545,4
551,5
566,01
570,45
572,7
583,89
645,26
711,81
749,02
776,6800000000001
790,03
807,39
807,11
809,06
819,88
827,86
828,73
819,6700000000001
814,49
811,96
795,8199999999999
786,23
748,19
720,4300000000001
747,06
755,01
764,36
812,52
816,75
828,4300000000001
823,98
809,41
795,97
795,16
808,85
812,28
801,66
787,38
747,8399999999999
840,28
610,38
987,9300000000001
790,72
786,6
792,61
769,2
761,42
774,19
769,46
770,58
787,7
761,4100000000001
660,21
626,62
630,64
636,13
628,96
606,84
650,02
660,61
615,94
616,99
608,35
616,0899999999999
616,52
619,78
652,28
654,6
644,05
638,1800000000001
643,5699999999999
610,15
602,88
606,86
608,25
633,52
630,56
632,01
646,44
652,92
639,6800000000001
638,19
631,92
631,81
637,23
634,4200000000001
625,6800000000001
342,13
692,3
756,96
753,65
641,7
645,64
647,56
626,96
583,66
578,38
577,27
583,49
603,88
611,37
670,1700000000001
646,95
636,14
631,2
630,28
711,8299999999999
628,9100000000001
615,76
687,23
563,97
639,98
551,4300000000001
643,61
631,97
642,71
588,8
642,25
636,37
613,53
600,31
605,23
615,37
711,19
780,27
785,16
792,87
783,5799999999999
786,54
799,51
816,3199999999999
821,36
834,27
834,55
820,51
837,56
829,55
750,79
813,74
891,74
821,38
809,58
797,61
770,81
761,22
757,55
762,7
776,13
766,46
771,19
781,92
774,52
779,16
797,4300000000001
807,12
809,67
812,27
819,77
839,73
931,79
718,7
838,5699999999999
1051,32
822,6800000000001
628,21
800,62
797,45
779,51
781,78
779,45
793,0799999999999
816,63
803,48
805,3399999999999
812,15
827,95
831,63
828,06
840,03
829,75
824,2
633,95
826,38
1012,29
914,05
938,48
827,45
636,99
841,0899999999999
839,4300000000001
807,3299999999999
768,54
760,8399999999999
759,87
799,26
832,8
841,75
839,65
836,94
836,64
837,28
840,99
843,0699999999999
847,44
840,71
629,73
834,69
1008,83
887,35
834,9300000000001
864,5799999999999
1004,74
575,34
795,92
802,23
810,0699999999999
797,6800000000001
786,19
810,21
850,8
838,52
830,24
820,21
814,4300000000001
818,42
819,3
832,01
836,4100000000001
829,03
665,53
839,99
843,46
843,37
1096,13
931,37
848,14
667,9300000000001
784,55
791,05
832,0
833,1
834,6
838,7
836,2
832,9
828,4
834,3
837,2
836,0
829,3
826,4
829,4
828,7
827,4
822,6
817,5
818,4
817,4
810,6
812,2
811,7
804,6
811,5
819,5
807,2
813,6
823,5
824,4
820,7
817,7
817,9
822,6
836,7
848,1
851,0
847,4
831,4
837,4
862,4
895,4
894,1
905,4
944,3
971,0
936,6
941,1
896,6
892,8
906,0
901,9
948,7
1015,1
1003,78
986,12
987,92
991,31
985,95
991,8199999999999
996,56
1003,95
1000,59
994,28
999,0699999999999
1002,16
996,0
994,12
992,48
973,81
972,16
957,0
933,9
924,62
904,95
899,96
896,85
935,71
960,16
955,12
975,48
1013,3
1121,27
1120,95
791,29
1152,69
1141,04
1013,1621078979653
1014,0523312847544
1005,8114646322571
804,3518445899779
1001,9663512715429
1010,8941900410317
976,7474851044743
1054,9581644405982
941,16
914,88
898,6800000000001
785,14
800,22
859,24
931,61
1008,14
1027,32
993,91
1012,0699999999999
995,94
1014,85
960,45
1071,9
1015,64
1013,75
1228,82
1021,23
683,25
1286,09
811,14
924,0
996,2
798,11
803,98
803,66
806,5
807,2
799,4
797,26
799,98
900,23
808,54
802,74
838,26
818,1800000000001
632,74
632,04
766,46
793,2
810,69
715,85
932,39
996,15
711,12
786,36
750,78
751,54
753,2
741,47
744,9
738,27
749,97
798,23
848,74
786,62
772,47
785,77
791,1800000000001
777,7
609,52
591,97
607,48
849,9
753,46
855,86
1097,34
802,03
756,87
792,34
677,97
625,02
588,34
578,28
587,14
578,99
608,8
623,72
624,79
621,58
622,28
617,48
617,24
620,63
619,38
624,87
626,06
623,36
626,39
628,1800000000001
627,4
632,33
632,24
634,01
626,87
614,0503422046432
616,4788683147625
615,6729866741163
616,937993769983
609,2439317918548
616,8798544542719
624,6089349951409
625,0118177857064
620,855453826394
623,5886924148331
621,4712246988279
634,842874430358
665,6365095401535
713,8835378825064
754,9729238942659
761,9995700717697
773,0834801883892
785,491704233295
782,3960902127354
782,0248720532718
786,4761111310518
792,4650507130287
797,4230614946348
810,8444793540301
804,6
794,21
793,99
783,4
781,38
784,29
787,64
784,54
746,09
766,95
624,49
578,95
579,02
576,5
579,9
639,22
681,3
688,61
741,98
763,04
775,78
785,28
768,96
767,59
800,9
788,19
770,11
758,9300000000001
753,66
775,85
803,8
807,6
802,38
796,58
796,76
792,72
793,42
793,46
794,71
780,41
771,31
783,6
791,76
802,54
799,58
805,48
807,35
801,26
794,04
787,29
775,66
776,72
777,59
795,0
785,16
779,25
769,34
794,87
798,03
801,69
805,36
804,56
812,89
801,09
800,94
808,3199999999999
814,56
809,94
810,72
785,38
793,61
790,2
786,4300000000001
769,6800000000001
745,1
746,97
753,6800000000001
785,0
816,38
827,96
817,74
819,21
788,29
811,06
810,55
812,77
819,7
819,45
805,88
808,67
820,16
812,04
817,3
370,0
373,42
371,40999999999997
808,14
804,29
785,6
797,27
791,43
799,6800000000001
812,06
821,52
822,53
813,14
807,83
797,66
799,53
790,88
781,1
795,16
789,95
788,28
787,45
794,5
790,14
790,96
797,88
772,99
794,84
792,17
785,74
793,37
785,41
792,0
805,6800000000001
806,44
804,96
797,96
794,98
808,64
814,39
805,88
811,44
808,35
797,94
800,46
801,49
795,73
790,55
799,01
803,43
798,22
752,09
2321,54
552,89
708,88
703,39
701,13
699,17
743,15
782,17
811,27
810,74
809,67
811,38
858,9
866,7
892,54
908,89
929,16
945,46
945,88
953,96
966,48
994,1
1038,48
1001,42
1026,19
1018,84
1003,26
1005,46
1014,1800000000001
1072,92
1075,53
1078,6
1074,2
1068,62
1074,9
1067,1
1051,81
1044,58
1065,93
1068,51
1077,79
1074,64
1078,81
1089,56
1083,59
1082,09
1073,52
1069,92
1063,98
1045,0
1023,56
1030,79
1027,71
1046,02
1081,28
1256,84
1221,09
1124,98
1077,49
1086,54
1078,85
1062,35
1071,0
1072,09
982,0
976,99
1282,78
709,4
871,6
1178,99
1177,0
1057,6
1057,56
1024,24
1015,2
1016,93
1013,74
1028,61
1110,49
1147,98
1170,42
1205,86
1231,62
1377,52
1274,5
1226,05
1089,21
1251,09
938,93
1089,67
1419,86
1607,87
1532,27
1090,6
1266,3
1256,1
1214,4
1215,6
1200,7
1189,2
1187,3
1231,0
1267,0
1272,1
1315,9
1274,8
1278,0
1273,7
1275,8
1273,6
1283,8
1080,9244279967413
1326,634422246615
1427,0326457712385
1280,1065174500147
1544,5717553112243
1102,3536558045282
1075,3220799763997
1061,576322388649
1565,5
1226,3
1181,9
1154,6
1176,9
1176,7
1206,5
1264,8
1284,2
1283,1
1294,9
1291,2
1279,8
1267,4
1340,1
1479,3
1288,9
1286,1
1182,7
1385,1
1287,0
830,4
1284,3
1478,6
1276,7
1238,7
1222,1
1210,3
1202,7
1203,7
1237,0
1245,9
1291,9
1286,0
1288,2
1291,2
1284,3
1274,1
1270,1
1276,2
1272,9
1286,7
1294,7
1291,7
1293,3
1292,8
1292,9
1288,3
1267,1
1200,3
1173,5
1149,2
1144,8
1143,9
1142,7
1143,7
1156,6
1210,5
1220,6
1245,1
1215,2
1192,8
1208,4
1235,7
1241,7
1240,8
1248,2
1247,8
1240,3
1246,5
1248,0
1240,2
1219,3
1176,4
1127,6
1128,3
1124,6
1127,3
1154,3
1263,5
1271,0
1274,6
1275,8
1268,5
1262,0
1254,4
1268,1
1279,3
1266,6
1255,7
1266,3
1270,0
1264,2
1260,3
1266,3
1268,1
512,78
1220,4
1184,0
1151,9
1150,3
1155,0
1189,3
1241,5
1275,3
1257,5
1250,6
1256,1
1273,8
1272,3
1272,1
1271,1
1160,1
1390,0
1274,4
1275,0
1279,5
1271,5
1283,7
557,61
512,01
1223,9
1189,1
1178,7
1170,9
1171,4
1217,6
1283,1
1284,6
1261,04
1264,6
1253,95
1228,35
1203,75
1160,05
1233,88
1065,15
1250,17
1066,72
1431,57
1397,1100000000001
1245,6399999999999
1401,44
929,65
1354,82
1183,93
1215,33
1205,8
1224,15
1237,75
1259,49
1298,04
1295,79
1266,43
1290,41
1285,7
1331,57
1437,96
1337,04
1456,82
1282,26
1282,78
1421,31
1332,97
1031,85
1305,94
1044,72
1360,07
1049,03
1207,83
1179,38
1177,35
1180,2
1178,8899999999999
1182,54
1266,42
1278,94
1280,95
1285,8600000000001
1332,3600000000001
1428,59
1277,01
1265,98
1157,3600000000001
1355,1399999999999
1318,34
1410,97
1408,41
1066,0
1151,12
903,19
1072,31
1130,77
1087,6100000000001
1055,52
1039,38
1042,51
1032,33
1047,81
1068,16
1059,69
1092,03
1097,57
1102,28
1097,57
1086,44
1086,0
1086,28
1328,42
1108,17
1110,79
1260,99
1150,1
1097,81
867,96
1101,18
865,23
1019,33
1025,62
1014,2
1013,95
1017,59
1020,9
1069,08
1086,4
1091,37
1090,16
1085,38
1075,92
1077,6399999999999
1078,32
1090,69
1089,09
948,69
1274,4
1092,81
1189,54
1181,9
1077,99
847,35
1083,78
1068,56
1076,84
1059,5
1049,41
1029,45
1049,72
1072,56
1085,37
1063,59
1083,24
1098,19
1086,27
1095,36
1099,83
1101,67
904,3
1167,3
997,85
1062,97
1141,77
888,99
904,1600000000001
569,36
907,5
714,1
703,0799999999999
707,91
717,34
698,97
707,22
725,1
723,73
722,01
717,61
728,5699999999999
722,34
732,65
725,95
510,47
636,8299999999999
716,5
1017,66
1109,2
1102,28
1281,43
1164,92
1262,83
1109,9
1092,33
1045,88
1029,6
1037,26
1023,9300000000001
1070,01
1096,92
1100,78
1088,08
1084,7
1093,77
1106,3600000000001
1092,38
866,97
1108,37
395,89
395,89
394,48
396,33
396,12
394,5
396,41999999999996
393,15999999999997
350,41
313,78
313,99
313,97
313,98
329,69
374,88
392,72
394,65
1103,5
1107,46
1114,96
1100,79
398,08
1105,21
1105,28
1098,69
1098,8200000000002
1100,0900000000001
1225,13
1147,25
1103,8
1111,8400000000001
1114,16
939,51
1053,68
1036,45
1010,24
997,56
986,1700000000001
995,84
1070,1599999999999
1075,81
1063,97
1075,08
1093,15
1090,88
1092,44
1082,38
1042,63
899,77
1447,09
1176,79
1078,02
1081,45
1088,1
1087,06
800,89
1076,6100000000001
1041,13
1017,45
1007,19
992,02
993,88
997,94
1061,58
1071,27
1065,27
1068,38
1065,02
1054,74
1061,33
1059,4099999999999
1078,18
1079,96
1079,06
1071,79
1064,7
1068,54
1086,77
1193,19
1105,78
1056,12
1028,84
1002,88
1002,71
1014,2
1019,2
1026,26
1076,55
1089,5
1088,79
1104,59
1107,62
1121,1
1133,97
1133,73
1193,1100000000001
1195,22
1172,62
1082,11
1176,81
1141,58
1069,75
1151,57
1171,5
1357,76
1160,17
1165,98
1161,36
1159,64
1148,62
1175,97
1203,4
1214,22
1231,73
1230,93
1236,6
1241,9
1251,06
1399,37
1109,74
1266,8600000000001
1270,85
1277,92
1274,22
1267,72
1071,43
1160,03
1534,67
1175,97
1148,52
1158,26
1153,22
1151,48
1140,6
1150,1599999999999
1228,72
1249,83
1255,41
1253,04
1349,1599999999999
1351,1399999999999
1261,59
1249,56
1056,5
1254,6
1367,66
1400,38
1508,34
1404,38
1099,21
1094,94
1287,98
912,03
1156,94
1157,5
1157,83
1142,4
1143,14
1177,75
1226,24
1256,85
1198,46
1254,42
1250,56
1248,45
1443,29
1249,38
1050,28
1322,23
1249,62
1300,0
1170,52
1122,24
1136,65
1236,8899999999999
1538,53
1065,38
1180,81
1152,38
1155,04
1145,8899999999999
1134,09
1165,0
1245,0
1264,74
1248,68
1344,27
1286,8
1251,69
1240,51
1243,03
1250,92
1257,0
1400,28
1387,74
1263,03
1203,37
1027,04
983,72
1466,2
1170,62
1160,83
1171,91
1179,98
1187,53
1180,84
1203,0
1258,78
1252,66
1245,99
1246,29
1254,53
1461,3899999999999
1321,75
1248,48
1240,95
1057,78
1042,3
1261,3
996,64
1645,46
1545,3899999999999
1295,33
1253,71
763,1
1173,73
1148,9
1153,04
1159,18
1137,56
1135,8
1161,88
1178,46
1212,23
1213,56
1236,22
1236,02
1235,9
1227,66
1220,88
1215,76
1224,59
1225,34
1235,68
1233,16
1222,48
1227,32
1222,57
1220,37
1255,2
1137,04
1128,24
1162,66
1177,64
1185,08
1195,68
1193,24
1188,4
1195,0
1200,14
1183,74
1191,58
1179,16
1180,86
1207,94
1177,94
1167,85
1191,66
994,37
984,76
850,48
836,79
836,62
796,58
811,55
813,65
810,5899999999999
813,8499999999999
810,63
830,9300000000001
839,99
832,0899999999999
837,44
823,97
819,36
822,6800000000001
844,0
843,29
829,74
815,61
813,72
787,85
814,5699999999999
815,46
807,05
801,76
794,78
792,44
788,0
801,5
785,8199999999999
786,4200000000001
819,75
834,67
826,71
844,98
838,51
840,76
843,1800000000001
839,6299999999999
849,26
850,13
846,22
844,1700000000001
835,86
837,04
824,53
825,97
851,12
841,14
813,73
807,38
814,1899999999999
782,75
780,1
762,62
767,5
815,76
831,16
830,7
826,22
824,29
865,26
927,64
1005,8199999999999
1061,73
1060,12
1052,03
1059,87
1057,72
1063,5
1067,8600000000001
1068,1799999999998
1074,3
1053,99
1003,87
1006,89
1001,74
986,9200000000001
986,53
986,81
1024,96
1148,76
1051,17
1000,8
1005,5699999999999
1269,26
1211,1299999999999
1043,8400000000001
741,89
837,4200000000001
1149,67
921,8
1104,88
1312,3
948,1
1155,47
591,31
1027,33
985,98
980,32
995,83
966,4100000000001
987,18
991,95
1247,77
1056,47
1052,07
1075,67
1066,44
1073,23
1051,76
1048,34
984,22
864,3900000000001
1182,23
1137,17
1052,3200000000002
1169,95
1146,2
1081,69
900,8199999999999
834,45
824,9
824,97
790,73
763,94
763,24
775,08
793,96
787,03
785,5999999999999
771,36
784,5
778,78
780,96
787,98
791,25
790,8499999999999
808,15
809,71
807,1700000000001
803,26
816,5699999999999
724,83
865,67
851,39
806,4
797,1899999999999
781,49
773,56
759,48
843,0
1018,54
1128,67
1028,96
1036,12
1032,29
1024,69
1031,27
1051,75
1060,69
1203,82
1119,79
1177,13
1205,55
1298,52
934,1600000000001
1239,56
1071,36
1198,51
1188,8200000000002
1158,97
1153,58
1156,21
1150,63
1164,28
1505,3
1246,4
1284,96
1295,6399999999999
1262,95
1250,6100000000001
1240,1599999999999
1029,4
1250,57
1087,52
1469,48
1052,3400000000001
1088,1399999999999
1420,8400000000001
1412,73
1334,43
1050,7
1286,28
1222,5
1182,8899999999999
1145,29
1153,03
1153,51
1191,94
1214,31
1257,82
1272,73
1277,55
1279,3400000000001
1252,74
1262,08
1066,08
1274,18
1102,1
1284,99
1344,41
1991,72
1286,19
1448,3
1143,3600000000001
825,79
1306,24
1186,3700000000001
1176,3
1159,04
1166,02
1141,21
1167,22
1227,01
1267,42
1265,46
1266,66
1267,26
1257,17
1066,15
1272,76
1010,47
1109,54
1285,0965999999999
1704,28
1231,6399999999999
1197,62
1201,05
1222,21
1428,97
1501,8600000000001
1182,61
1182,74
1172,9
1155,06
1150,09
1131,27
1202,52
1264,24
1251,87
1250,56
1255,96
1268,87
1181,52
1398,9099999999999
1273,45
1201,5700000000002
1288,98
1056,84
1326,78
1274,18
1408,8899999999999
1419,27
1238,73
1163,92
1205,71
1178,03
1135,38
1129,3600000000001
1121,53
1162,88
1162,25
1222,0900000000001
1244,65
1239,18
1260,05
1248,29
1240,07
1253,58
1257,35
1267,58
1356,27
1362,1
1468,22
1256,4
1244,99
1066,3600000000001
1341,23
1186,57
1174,19
1146,88
1153,97
1144,1399999999999
1163,75
1164,1
1166,8899999999999
1205,2
1226,66
1238,62
1239,32
1244,43
1239,22
1246,82
1242,65
1231,5
1237,82
1242,46
1244,91
1250,44
1246,22
1256,62
1260,53
1222,63
1174,95
1146,0
1153,8899999999999
1161,12
1157,3899999999999
1170,62
1179,96
1165,38
1184,3600000000001
1222,7
1240,67
1247,3
1247,22
1232,76
1243,0
1232,8899999999999
1198,8
1194,59
1206,58
1207,54
1214,8600000000001
1214,53
1226,47
1167,34
1151,46
1147,79
1138,07
1132,65
1131,38
1098,2
1135,59
1218,72
1203,83
1203,4
1203,29
1198,84
1209,38
1213,08
1212,9
1219,01
1209,09
1231,09
1242,82
1221,23
1200,55
1226,08
1214,3400000000001
1216,47
1188,8600000000001
1163,21
1154,68
1150,52
1148,22
1193,0
1224,06
1235,19
1248,47
1253,19
1253,42
1270,08
1188,34
1628,37
1356,78
1254,03
1241,68
1063,25
1065,28
1045,56
1430,6100000000001
1468,71
1103,9
1116,52
1224,98
1217,56
1206,51
1209,91
1224,6599999999999
1244,99
1246,91
1257,51
1257,54
1260,68
1254,59
1214,57
1543,1399999999999
1232,88
1245,67
1070,25
1420,46
1249,74
1073,85
1078,72
1244,1599999999999
1236,8600000000001
1258,99
1296,38
1236,06
1190,2
1183,98
1175,92
1134,55
1218,8400000000001
1244,01
1251,45
1249,04
1254,22
1349,32
1077,1
1025,25
1068,73
1067,06
1071,77
1155,25
1062,96
1058,6
1055,38
1022,94
894,98
1071,04
1052,6399999999999
1054,34
1026,91
1021,33
1006,5
994,52
994,8299999999999
1001,52
1038,58
1042,62
1137,79
1049,9
1054,74
1051,74
1036,26
1057,3600000000001
1071,8600000000001
888,95
973,73
1058,66
1105,95
1045,07
1053,66
1166,86
1083,91
1011,46
967,25
955,75
959,39
962,5799999999999
962,86
956,79
989,75
1106,47
1176,8600000000001
1224,41
1236,85
1239,1100000000001
1245,8899999999999
1245,18
1241,4
1243,82
1257,86
1255,4
1083,28
1007,89
1028,08
1019,66
1016,06
967,94
948,81
944,54
933,89
932,48
937,48
930,86
947,13
973,0699999999999
1005,0699999999999
1011,35
1028,72
1027,17
1028,9
1025,75
1022,53
1025,58
1023,9200000000001
1016,96
1024,71
1027,1399999999999
1021,47
1021,79
1018,29
976,97
952,68
938,55
930,24
931,97
967,1
1021,99
1049,96
1045,1
1041,46
1046,59
1047,52
1046,33
1037,08
1041,94
1041,83
1039,2
1043,09
1038,35
1039,67
1025,52
1021,23
1026,68
1020,06
989,56
964,26
1051,38
1149,16
1162,1100000000001
1165,3
1201,83
1237,3600000000001
1241,8
1314,66
1326,12
1342,09
1293,36
1341,94
1324,54
1221,55
1236,12
962,5699999999999
1300,3
1427,93
1129,09
1245,54
1039,88
969,46
1236,88
1216,06
1168,06
1157,29
1158,16
1223,73
1119,85
1094,76
1224,43
1180,26
1054,95
1061,6399999999999
1063,87
866,14
1071,75
893,06
1071,55
1089,8899999999999
1463,48
938,6700000000001
1060,1
1069,12
795,4200000000001
1051,4
1035,76
1027,73
1013,1700000000001
1020,28
996,76
1028,96
1048,97
1054,06
1054,8899999999999
1068,71
1066,87
1070,7
1063,43
1077,32
1078,1399999999999
894,65
867,99
903,65
1223,64
1281,44
1099,28
985,14
1240,52
1109,43
1049,48
1008,62
995,75
962,4200000000001
958,37
999,1
1136,12
1140,27
1031,49
1054,81
1109,47
1210,91
1269,13
1069,03
1322,53
1396,17
1311,44
1267,78
1258,55
1090,07
856,09
1164,38
1277,62
1635,73
1086,71
1062,58
1034,18
1025,03
1019,6700000000001
1048,03
1071,39
1061,1
1054,06
1059,55
1066,78
1079,32
1091,03
1090,12
1101,07
1103,41
1099,87
1101,48
1107,32
1105,72
1111,34
1096,32
1092,26
1099,77
1092,48
1070,37
1028,84
1005,59
1013,1700000000001
1020,22
1038,3899999999999
1050,3600000000001
1063,1100000000001
1085,41
1088,44
1074,52
1069,1
1083,66
1082,91
1067,8600000000001
1063,14
1071,02
1088,04
1092,98
1090,79
1112,73
1088,33
1074,7
1085,7
1084,84
1059,22
1035,94
1057,51
1078,98
1088,57
1056,61
1046,88
1059,6399999999999
1072,37
1075,5
1075,82
1088,25
1087,96
1067,42
1062,97
1057,22
1079,15
1051,92
1052,62
1019,65
1029,45
1056,73
1037,85
1018,45
981,31
978,0699999999999
975,14
1005,05
1058,37
1077,17
1069,25
1111,15
1067,5
1064,92
1072,32
1078,68
1255,69
1064,85
1060,2
906,9499999999999
974,72
1100,74
1097,52
919,6700000000001
1330,04
1058,92
1086,84
1033,0
1045,81
1009,14
1000,55
1023,1700000000001
1060,3400000000001
1126,99
1121,1399999999999
1070,74
1068,5917
1058,47
1081,81
1086,58
927,5699999999999
1213,9
911,54
1218,21
921,0699999999999
1027,93
1320,88
818,54
1208,57
1163,41
866,8
872,64
873,1
867,72
872,25
866,95
868,38
866,97
873,39
869,69
867,75
864,96
867,5699999999999
865,9300000000001
881,52
885,85
880,78
875,42
877,27
864,95
1093,56
885,03
667,41
867,86
863,15
861,52
854,24
845,91
845,9300000000001
834,36
837,74
834,29
834,89
856,01
848,3
849,02
877,63
879,94
989,48
917,55
856,13
848,78
837,4300000000001
840,66
826,72
637,37
1024,84
662,72
641,92
639,4
640,75
641,46
641,61
647,4300000000001
666,96
658,04
657,77
656,4300000000001
646,56
651,05
654,3199999999999
655,26
652,26
666,65
685,5
676,62
659,9300000000001
659,79
656,53
653,6
627,2
624,87
633,47
624,4300000000001
627,65
632,3
627,15
632,21
630,61
628,63
621,92
624,28
623,81
618,54
629,31
626,73
633,54
637,27
637,79
629,85
634,64
624,24
614,35
612,29
626,77
620,6800000000001
621,14
614,38
622,46
605,67
602,89
638,51
690,6
770,38
841,5699999999999
846,99
830,74
837,8
843,2
832,24
837,72
820,1800000000001
830,52
832,02
843,04
840,3199999999999
872,47
873,34
882,23
860,02
816,48
843,53
837,48
840,19
859,5699999999999
897,25
919,38
1153,99
997,77
995,67
979,53
965,24
1115,98
1025,71
982,71
992,9
803,17
886,52
1018,35
1018,64
940,6
1068,58
831,55
1057,6
979,98
972,16
968,56
970,9
969,56
958,78
967,87
1015,16
1024,91
1031,51
1052,12
855,23
1050,48
867,71
1061,95
1276,84
1143,1
850,1
854,7
852,74
849,23
850,06
856,51
864,96
874,77
991,55
976,8199999999999
979,02
973,61
982,7
1029,81
1051,09
1051,56
1052,42
1049,31
1050,0
1053,54
1055,84
855,79
1055,19
1048,34
1050,03
1009,59
1099,04
1323,03
1308,27
986,98
""
