416,30861551493103
409,7102889378504
394,4200263976689
400,7637692345151
398,9242301728628
386,4730938169329
384,8214896943472
375,2742716470992
384,0461606343225
400,1374689737594
409,5451052771312
416,7396211411856
417,3801050397723
419,8631801604863
429,4797637303308
418,5307680977353
421,4501236597335
425,6591369416616
429,9430089526344
426,64336821234576
416,182581371695
412,0029017130172
414,14127252363187
402,58731835679566
414,8817010455299
418,1650370491513
413,3519809934466
413,2321005714902
384,37714663607903
398,9038178337583
442,626412688325
476,7892374886045
512,3652930153379
563,8869262483023
569,9847176021638
563,5449931462244
550,9298859489927
559,4831958558461
560,7734813901751
558,640924644434
597,3217576132517
699,5655667410595
769,3990252812341
818,8315803315542
824,9740747027565
824,3205255931916
838,122479841408
821,0081515841653
817,65
808,8199999999999
813,28
817,33
814,28
818,5
809,85
812,49
817,76
818,77
836,3299999999999
838,4300000000001
830,1
832,55
388,99
824,4
824,26
831,26
841,8
841,36
833,46
834,4
835,89
829,5799999999999
827,86
812,1800000000001
776,1600000000001
769,49
779,1700000000001
812,0
827,55
831,37
830,34
661,9
603,4
588,77
649,41
664,72
684,05
705,76
722,15
742,88
745,8299999999999
742,77
766,31
799,76
832,6600000000001
853,45
865,7
859,23
854,79
981,08
1022,77
1061,23
1101,45
1108,1
1117,19
1132,49
1131,79
1127,31
1127,99
1130,19
1140,26
1130,35
1114,95
1122,72
1128,8400000000001
1127,96
1120,71
1110,6100000000001
1117,5
1116,82
1110,0900000000001
1076,48
1050,94
1044,74
1035,73
334,98
1064,33
1054,62
1075,79
1109,01
1109,75
1099,78
1101,19
1105,63
1107,01
1107,85
1101,31
1099,62
1105,8899999999999
1104,03
1103,08
1103,83
1109,5900000000001
1109,93
1106,4099999999999
1111,8600000000001
1119,75
1117,15
1145,1599999999999
1197,76
1249,69
1273,92
1272,43
1297,17
1304,38
1295,97
1278,35
1288,03
1286,49
1287,37
1293,27
1293,99
1278,18
1269,63
1280,19
1287,1399999999999
1280,27
1283,48
1277,63
1277,48
1254,01
1236,3
1250,0
1253,85
1257,06
1257,52
1263,1100000000001
1268,74
1271,54
1271,42
1267,3600000000001
1263,1
1277,6399999999999
1270,1399999999999
1265,26
1291,94
1286,92
1276,08
1269,58
1267,08
1270,63
1271,25
1258,8600000000001
1241,65
1223,27
1227,17
1215,01
1221,82
1216,27
1217,54
1215,3899999999999
1230,45
1227,9
1242,0900000000001
1259,76
1280,42
1260,87
1253,22
1255,56
1259,1599999999999
1253,6
1263,8400000000001
1278,5900000000001
1275,54
1271,29
1250,1
1208,04
1181,82
1182,03
1176,1100000000001
1164,49
1181,33
1197,31
1222,31
1230,35
1225,72
1228,13
1238,22
1260,8600000000001
1269,41
1267,65
1278,88
1279,49
1285,95
1275,98
1255,97
1260,02
1261,3200000000002
1267,29
1257,59
1255,12
1236,91
1219,56
1212,24
1212,13
1238,92
1246,85
1282,23
1291,3400000000001
1301,94
1289,15
1282,33
1254,8
1248,29
1240,92
1268,38
1264,94
1260,31
1281,71
1278,19
1276,26
1270,23
1275,4099999999999
1288,1100000000001
1253,9299999999998
1235,99
1215,38
1197,49
1200,55
1215,4099999999999
1244,82
1297,88
1302,7
1312,38
1300,97
1296,21
1289,78
1286,63
1283,58
1286,9
1290,65
1290,94
1296,43
1298,28
1292,72
1284,53
1254,02
1221,22
1095,48
1094,62
1069,05
1059,22
1048,83
1049,4299999999998
1074,92
1095,75
1094,9
1113,3899999999999
1124,58
1118,8899999999999
1114,84
1108,95
1112,1
1107,2
1095,28
1086,97
1092,81
1085,38
1083,42
1090,27
1107,13
1107,07
1071,87
1065,72
1051,8600000000001
1054,73
1049,0
1050,6599999999999
1099,03
1096,58
1090,83
1098,06
1099,73
1092,6399999999999
1085,6
1083,8899999999999
1077,5
1054,96
1036,05
1042,6599999999999
1070,76
1091,24
1103,02
1120,97
1118,74
1107,94
1091,9
1058,5900000000001
1043,35
1029,1399999999999
1037,5
1074,97
1129,53
1121,77
1140,03
1137,12
1124,99
1111,65
1111,24
1111,94
1108,25
1106,05
1098,46
1102,85
1112,3
1104,4099999999999
1109,63
1101,59
1106,83
1105,54
1095,26
1055,6399999999999
1035,33
1034,33
1034,68
1059,65
1090,32
1102,25
1125,42
1131,93
1112,54
1118,18
1113,63
1112,65
1115,79
1112,22
1108,23
1115,46
1119,4
1109,45
1108,38
1124,8899999999999
1124,93
1112,57
1101,6599999999999
1051,67
1038,95
1032,05
1037,8400000000001
1068,56
1120,87
1130,37
1130,53
1117,46
1099,25
1096,38
1107,45
1098,3899999999999
1116,76
1136,58
1128,49
1133,81
1131,26
1126,7
1121,96
1126,47
1136,26
1117,1100000000001
1082,44
1067,77
1054,1
1039,23
1023,26
1057,8600000000001
1107,8400000000001
1122,5
1106,12
1110,99
1109,92
1130,44
1138,08
1139,17
1141,71
1118,71
1109,53
1114,99
1118,21
1107,02
1096,72
1089,7
1074,17
1092,31
1058,47
1046,45
1035,18
1017,75
1005,38
1018,04
1027,12
1002,81
863,05
869,15
878,0899999999999
867,24
867,99
873,97
872,61
875,86
880,9
891,77
915,09
936,58
971,81
998,2
1001,1800000000001
1015,24
1016,76
1021,98
1002,5799999999999
997,95
1015,8199999999999
1035,8400000000001
1047,76
1039,4
1014,26
1021,45
998,11
1040,99
1059,32
1068,4
1083,93
1080,92
1076,87
1059,1
1034,02
1026,44
1029,03
1039,3600000000001
1035,48
1012,58
1020,94
1008,3199999999999
992,75
995,56
981,61
1009,49
1027,44
1031,4
1031,2
1054,17
1036,26
1035,06
1029,12
943,89
1037,1
686,55
1072,0
1143,88
1189,3899999999999
1141,98
1018,62
1037,4099999999999
936,81
1067,87
872,9399999999999
866,46
859,5
858,99
861,15
877,8
884,49
864,86
852,49
849,38
850,79
161,95
855,0899999999999
869,19
909,23
566,55
1055,3600000000001
830,76
902,16
889,67
864,53
782,81
872,03
872,04
858,88
861,53
850,3
840,4000000000001
853,26
852,22
868,44
863,47
859,57
852,15
841,1700000000001
867,14
874,61
665,06
889,48
884,37
1109,42
885,88
878,7
866,65
842,11
900,02
885,5799999999999
871,96
864,53
867,74
860,25
854,65
861,1700000000001
855,52
881,73
877,6800000000001
867,21
927,1700000000001
915,2
946,21
961,24
994,61
1012,81
1018,04
1033,94
1056,38
1073,16
1048,93
1038,6100000000001
1043,05
1027,6100000000001
1001,79
844,29
828,8299999999999
832,3299999999999
833,83
834,61
982,45
911,11
891,52
907,41
907,58
900,4300000000001
889,01
875,23
595,24
724,11
679,72
671,1
1328,06
769,9
880,6
455,22
543,55
986,28
972,96
670,2
669,66
662,69
662,6600000000001
643,8299999999999
633,44
653,1800000000001
671,73
679,97
809,13
668,48
669,6800000000001
672,74
675,98
519,26
659,55
655,45
677,05
670,6800000000001
672,1800000000001
742,24
611,85
688,46
631,04
659,3
660,27
648,08
616,48
613,79
624,54
657,0699999999999
655,8499999999999
660,39
661,53
784,34
699,49
658,98
664,17
660,8
646,13
642,9
398,73
570,58
666,45
664,63
673,88
714,53
764,13
632,94
630,13
628,95
618,71
618,52
625,19
666,35
670,0899999999999
674,75
693,85
795,46
842,74
852,78
884,74
890,34
887,25
886,25
884,92
884,01
895,35
893,14
890,05
891,46
880,21
854,92
836,62
819,87
909,04
972,99
1053,3600000000001
1093,4
1113,0
387,24
1105,43
1090,97
1089,51
1103,38
387,24
1119,94
1121,42
1123,33
1126,8600000000001
1125,4
1113,27
1105,22
1117,22
1125,87
1111,92
1063,5
1045,12
1029,33
1014,55
1005,52
1026,78
1075,38
1083,3200000000002
1082,6
386,24
386,91
385,06
384,99
388,44
1095,71
390,21000000000004
388,84000000000003
373,48
1062,48
1057,42
1085,6399999999999
1093,9099999999999
1083,53
1081,12
1072,44
1035,1399999999999
1010,3199999999999
1007,06
1006,99
1021,97
1056,0
1058,53
1045,57
1045,8
1045,95
1062,4
1066,54
1087,7
1096,09
1099,06
1102,78
1100,49
1083,58
1084,25
1089,69
1072,4
1052,17
982,51
693,8399999999999
696,2
691,25
693,0999999999999
696,55
690,82
678,12
675,98
676,71
680,9
660,1400000000001
657,03
660,15
193,6
193,6
193,6
878,79
886,15
876,6700000000001
884,88
897,1
888,31
866,88
858,02
850,83
851,52
863,39
867,48
859,8100000000001
852,76
859,56
858,04
860,47
861,27
849,39
845,32
856,27
864,5
866,1700000000001
846,5
844,3399999999999
862,22
873,62
882,1700000000001
884,4200000000001
892,5999999999999
879,74
858,99
863,0799999999999
871,19
876,19
880,62
871,99
874,86
875,96
869,36
865,51
866,5
859,79
879,3
888,3199999999999
891,96
886,6600000000001
871,0
877,63
884,27
899,04
907,51
907,3199999999999
911,5
885,12
875,8199999999999
161,92
874,52
870,28
865,37
867,78
868,56
873,8199999999999
886,6
910,26
916,66
912,3
907,28
198,88
900,54
896,9
887,87
885,91
897,69
913,4
923,28
918,13
922,3
914,86
912,04
897,66
876,9300000000001
883,61
876,11
868,5
870,63
887,8
904,8
906,36
907,76
901,11
908,36
195,36
195,36
892,85
881,86
177,76
910,9200000000001
198,88
897,47
902,91
910,78
910,67
914,75
889,76
887,6600000000001
882,6800000000001
878,99
876,63
878,76
895,48
893,72
886,12
893,62
898,3199999999999
198,88
894,41
895,31
904,2
915,91
904,66
909,12
923,01
922,0
912,78
912,71
911,81
906,69
875,72
884,97
877,1600000000001
866,64
856,04
862,16
897,76
906,29
901,15
198,88
900,22
891,54
897,94
888,98
886,84
896,71
892,0
198,88
895,0699999999999
897,92
900,46
891,44
880,37
865,06
848,22
838,47
842,5699999999999
835,19
857,62
850,81
865,22
869,86
874,72
873,16
875,62
200,64
665,06
882,35
198,88
198,88
921,92
200,64
887,5
877,5799999999999
886,7
890,57
896,04
917,64
898,47
877,0699999999999
866,96
871,16
854,66
838,03
846,46
861,78
860,86
856,57
843,44
835,37
848,0
886,13
883,96
873,39
866,56
866,8199999999999
880,89
897,09
919,23
927,34
939,39
929,0
874,56
865,56
863,1
859,74
871,88
880,9200000000001
889,33
898,9
900,39
900,46
893,76
882,5999999999999
879,9300000000001
879,79
873,2
865,19
855,38
860,67
873,64
890,8199999999999
897,1700000000001
907,8
902,27
890,58
883,6
847,02
852,62
857,16
843,74
877,88
908,38
939,8
963,16
997,9
347,0
364,03
383,15999999999997
1065,58
1069,75
1071,93
1063,02
1068,03
1049,92
1045,48
1044,73
1062,48
1059,57
1037,04
1033,09
1020,6
1006,9100000000001
1008,79
1002,31
1015,27
1053,53
1080,91
1092,5
1134,26
1066,83
1056,05
1054,6100000000001
1058,7
1056,5
1057,65
1054,0500000000002
1051,91
1056,83
1056,42
1035,09
1043,99
963,61
1062,87
1036,13
1036,83
1032,73
1022,0899999999999
1013,01
1021,89
1053,99
1054,6599999999999
1034,03
1034,9
1038,31
1030,49
1026,52
1027,44
380,25
1037,05
1032,54
1040,03
1040,66
1034,0
1033,23
1031,78
1037,65
1023,63
795,83
804,19
791,95
790,02
794,35
811,25
853,25
845,47
846,49
859,75
875,61
875,89
884,77
898,49
911,72
907,95
905,61
907,6
906,0899999999999
898,56
894,64
897,37
891,8
845,47
792,44
775,79
775,02
778,78
776,9300000000001
793,95
820,97
820,29
810,27
356,05
844,14
354,57000000000005
848,4100000000001
861,53
368,4
879,44
876,38
877,19
872,46
869,33
873,35
878,32
874,39
858,3199999999999
826,1
821,64
817,22
816,3299999999999
821,25
816,55
834,61
846,71
847,23
849,34
863,59
912,9300000000001
1033,04
1084,29
1077,97
1061,51
1067,3899999999999
1079,71
1078,77
1084,3899999999999
1075,38
1076,66
1078,48
1070,77
1056,28
1045,27
1024,21
1010,88
996,9300000000001
1032,09
1048,2
1015,96
1014,0
878,94
1013,71
1044,96
1052,44
1066,3899999999999
1053,27
1062,55
1073,77
1083,75
1082,78
1093,1599999999999
1109,4099999999999
1125,73
1147,27
1161,47
1186,88
1203,06
1202,23
1193,85
1177,18
1189,23
1234,26
1239,08
1237,71
1241,6100000000001
1240,2
1238,52
1239,34
1254,6100000000001
1238,98
1243,96
1260,72
1246,3899999999999
1246,71
1261,52
1248,47
1079,33
1090,04
1080,3600000000001
1050,78
1013,59
1010,42
1008,71
1005,13
1049,1100000000001
1086,6
1089,5
1084,97
1094,7
1093,03
1082,8
1082,41
1080,78
1093,09
1096,65
1093,3
1095,8600000000001
1088,75
1091,76
1089,81
1081,78
1089,85
1091,37
1099,27
1083,45
1068,94
1052,53
1044,15
1076,32
1080,97
1083,85
1078,71
1082,29
1070,94
1067,83
1058,25
1081,72
1088,94
1084,58
1072,08
1058,6399999999999
1051,13
1046,38
1045,8899999999999
1045,84
1055,0
1075,18
1075,62
1058,74
1042,24
1037,8
1041,45
1050,4
1088,1
1121,63
1154,59
1199,9099999999999
1251,8400000000001
1322,63
1197,96
1190,57
1055,2
1131,25
1209,26
1223,6100000000001
1064,0
1263,55
1359,69
1230,44
1210,02
1172,0
1142,58
1155,87
1135,31
1132,27
1131,08
1255,57
1356,97
1224,24
1220,98
1231,1799999999998
1230,51
1216,98
1004,86
1218,8600000000001
1228,75
530,61
1220,1399999999999
970,74
1054,9099999999999
1319,52
1396,25
1271,96
1171,6599999999999
1600,19
1178,6100000000001
1134,25
1137,79
1140,54
1141,51
1158,74
1175,9
1176,03
1182,88
1197,7
1217,54
1214,52
1208,29
1030,49
1082,89
1220,14
1212,16
1248,19
1263,1
1250,03
1483,13
1356,43
1229,46
1210,99
1154,05
1165,68
1168,46
1188,82
1169,3
1166,1
1192,2
1194,9
1204,7
1229,7
1234,5
1220,9
1230,1
1234,38
1242,96
1244,32
1248,3600000000001
1250,96
1244,4
1244,1399999999999
1230,5
1224,88
1225,1
1178,92
1151,46
1160,56
1151,28
1145,46
1136,76
1146,68
1223,38
1240,16
1235,88
1233,58
1224,28
1210,08
993,04
1006,94
1210,76
1208,56
1209,1399999999999
1512,66
1338,4
1233,54
1231,02
1241,94
1240,54
1211,72
1166,8600000000001
1154,28
1156,54
1157,74
1141,06
1136,04
1172,8600000000001
1200,04
1201,78
1190,08
1191,88
1194,18
1198,8600000000001
1206,48
1216,68
1220,26
1215,78
1238,48
1235,56
1245,78
1252,08
1260,98
1223,56
1182,88
1169,28
1160,66
1158,12
1155,42
1145,52
1159,42
1184,16
1215,7
1227,58
1244,8
1249,18
1241,8
1246,08
1219,1
1210,6
516,79
1205,28
1212,38
1231,06
1226,88
1220,98
1222,58
1221,18
1188,06
1150,2
1156,76
1157,38
1165,16
1163,26
1179,18
1178,98
1193,16
1220,5
1228,1
1240,6399999999999
1216,4
1205,8
1204,78
1206,24
1199,74
1188,42
1185,72
1191,34
1189,04
1206,16
1209,56
1182,44
1170,3600000000001
1173,3600000000001
1178,76
1180,06
1183,3600000000001
1176,76
1180,16
1206,24
1240,18
1245,6399999999999
1249,26
1246,8600000000001
1216,96
1199,76
1209,94
1232,16
1225,76
1226,94
1246,3600000000001
1242,66
1237,16
1238,6399999999999
1234,78
1252,44
1252,68
1154,4
1136,4
1133,2
1114,1
1109,5
1119,6
1126,2
1143,6
1193,2
1229,4
1215,2
1194,6
1191,8
1204,9
1222,7
1218,6
1210,8
1213,3
1217,9
1174,1
1148,9
1138,4
1145,6
1150,9
1142,0
1142,3
1144,6
1130,8
1141,5
1136,8
1160,1
1186,7
1205,9
1226,3
1224,1
1211,9
1206,0
1222,1
1214,0
1206,0
1207,0
1212,3
1206,6
1203,9
1208,4
1210,4
1207,7
1193,8
1181,7
1156,9
1144,0
1150,1
1150,1
1162,4
1230,85
1209,59
1203,12
1197,36
1197,98
1185,75
1175,74
1183,28
1203,1
1213,2
1223,3
1234,9
1222,3
1219,98
1214,26
1200,66
1174,24
1188,3
1183,78
1166,06
1147,58
1152,96
1137,48
1160,76
1201,38
1189,78
1207,26
1227,96
1220,88
1210,96
1221,06
1205,38
507,51
1207,68
1232,78
1240,66
1239,06
1234,48
1232,98
1234,68
1230,26
1222,46
1220,46
1226,26
1200,24
1209,56
1188,3600000000001
1210,54
1226,56
1225,6399999999999
1221,7
1243,3
1250,02
1243,92
1237,8
1215,62
1212,42
1211,6
1211,12
1226,6
1236,3
1229,32
1245,1399999999999
1241,52
1242,62
1244,82
1230,04
1179,3600000000001
1187,16
1215,53
1232,04
1222,55
1233,66
1245,23
1241,18
1239,35
1236,79
1207,87
1187,47
1186,6399999999999
1193,21
1163,4
1174,71
1182,99
1193,95
1207,49
1199,03
1186,04
1183,73
1181,97
1181,01
1151,08
1143,93
1129,1399999999999
1152,23
1185,83
1241,41
1232,95
1233,3899999999999
1218,9
1225,4
1218,87
1218,71
1229,09
1230,98
1163,91
1285,59
1236,4
1200,45
1291,73
1228,3
1240,44
1246,21
1192,1100000000001
1043,42
1039,41
1014,79
1017,1
1015,26
1003,6800000000001
833,42
827,47
1026,73
829,1800000000001
825,37
831,0
845,89
916,72
791,65
912,67
1006,94
1006,85
814,8199999999999
737,76
1140,46
1147,28
1016,1
1013,37
1014,86
1013,45
995,86
982,1
976,89
986,11
1162,06
1067,5
1024,92
1032,4
1021,73
1004,58
990,98
992,59
834,52
991,54
800,52
1042,75
1062,81
778,64
1121,96
1233,23
1358,44
877,03
996,9300000000001
1011,0
1013,92
1003,21
1000,22
1008,54
1047,94
1061,91
1270,3600000000001
1137,54
1074,31
1062,59
1061,57
1060,21
1049,06
1048,15
1062,02
1038,28
760,52
1149,2
1061,21
911,95
1147,33
882,64
1031,3600000000001
1003,33
986,22
983,74
993,78
1037,25
1065,92
1047,31
1036,35
1028,04
1029,3600000000001
1024,02
1037,34
1045,47
1032,92
1025,49
1025,8899999999999
1035,76
1028,2
1034,4
1028,54
992,63
1029,1100000000001
1085,51
1030,83
1012,12
1012,95
1014,08
1003,76
1035,43
1058,6
1094,4
1113,9
1151,8600000000001
1184,8600000000001
1196,29
1196,63
1197,73
1235,25
1211,33
1192,8622
1202,4180000000001
1241,0
1254,41
1233,44
1227,42
1230,43
1201,29
1070,57
1022,6
1015,91
1030,17
1029,75
1041,56
1050,46
1053,6399999999999
954,31
865,96
870,08
859,62
857,11
865,58
379,1
881,5
890,7
886,31
884,05
884,14
882,5699999999999
886,36
886,5
879,46
870,1
843,99
843,59
849,76
848,17
874,67
882,79
876,81
878,49
876,88
873,24
867,5
866,38
958,03
1046,94
1054,92
1056,93
1073,73
1063,15
1067,73
1082,32
1076,69
1076,01
1078,24
1056,07
1042,8
1042,37
1051,16
1031,8
1038,62
1043,23
1042,3899999999999
1060,3
1083,33
1083,12
1073,3600000000001
1060,59
1058,97
1080,27
1058,6399999999999
1048,48
1060,67
1070,31
1071,41
1077,72
1092,7
1100,29
1096,3
1086,56
1058,91
1030,46
1044,19
1033,8
1030,84
1055,59
1064,6399999999999
1086,26
1081,04
1067,44
1069,55
1069,37
1059,81
1067,28
1065,96
1071,29
1089,52
1102,3600000000001
1095,52
1086,72
1101,31
1096,72
1051,1
1043,1100000000001
1043,04
1045,51
1053,73
1057,8600000000001
1073,99
1102,55
1108,32
1110,1399999999999
1108,69
1108,84
1104,06
1094,57
1089,08
1090,74
1099,8600000000001
1101,92
1094,06
1097,55
1096,77
1091,49
1092,62
1100,96
1099,65
1095,87
1092,29
1090,81
1094,12
1092,02
1110,63
1117,81
1096,76
1088,28
1076,01
1086,62
1084,28
1081,95
1104,35
1102,66
1102,1
1092,26
1098,3600000000001
1094,88
1085,91
1086,49
1083,07
1090,48
1096,68
1068,17
1004,2
811,29
810,24
808,38
830,59
884,51
880,33
883,77
883,08
878,98
862,22
864,3
870,73
931,73
1022,77
1072,87
1097,91
1084,62
1075,1399999999999
1075,34
1097,94
1098,1
1085,96
1082,34
1068,88
1034,91
1030,18
1025,74
1057,95
1073,1
1084,72
1086,97
1084,69
1091,1399999999999
1085,23
1094,05
1086,82
1079,76
1084,05
1094,41
1098,35
1085,54
1086,8899999999999
1091,79
1087,3
1093,51
1078,7
1051,03
1020,8199999999999
1003,33
1011,64
1026,1399999999999
1090,54
1094,79
1084,5
1081,04
1080,35
1084,33
1098,43
1106,57
1078,96
1070,65
1071,93
1060,33
1083,74
1086,69
1096,19
1089,42
1073,68
918,28
848,96
846,58
810,09
808,08
805,8
805,82
841,12
859,98
869,96
864,08
851,64
856,44
863,31
857,0
860,59
864,01
856,81
843,1
849,91
849,61
863,58
855,25
845,22
840,81
841,41
827,36
786,08
771,58
759,51
766,3
794,66
815,88
847,36
852,77
831,8
813,6800000000001
800,38
801,9300000000001
793,9
777,13
767,0
762,9
759,49
747,04
747,42
725,47
718,19
699,94
676,78
652,51
577,79
561,51
562,24
573,62
601,91
607,48
611,3
617,18
610,83
602,15
593,84
582,02
577,0699999999999
574,99
575,8199999999999
574,67
582,76
591,92
602,11
608,59
604,04
597,86
594,4
593,3
596,3
592,4
591,47
586,79
649,77
737,28
772,26
779,5699999999999
808,02
820,53
813,29
820,6800000000001
821,71
820,3299999999999
819,21
813,3564
807,1421
800,9
812,24
810,94
811,98
815,8
829,35
808,1800000000001
811,61
790,91
793,87
811,6700000000001
812,87
822,52
814,72
808,64
808,29
796,94
774,4100000000001
771,86
785,47
780,86
786,86
786,97
799,85
808,01
801,03
800,16
809,25
812,97
811,53
792,6
739,19
746,41
760,56
780,9200000000001
813,24
826,56
821,0699999999999
796,5
807,46
821,8
825,31
820,5699999999999
819,65
819,11
822,1
826,44
825,02
836,1
826,6600000000001
818,8199999999999
829,78
828,47
822,8
797,4300000000001
796,0799999999999
780,22
784,36
789,09
813,8
833,3199999999999
827,66
831,02
827,0799999999999
827,13
819,49
816,96
831,04
832,49
826,01
822,21
817,89
833,72
835,13
833,14
830,12
843,52
852,73
841,39
814,5
800,98
780,33
784,53
812,21
835,66
831,97
830,54
823,49
826,4
826,33
822,86
824,22
820,64
827,0699999999999
826,49
829,99
825,53
814,89
810,27
810,85
817,69
818,76
826,74
384,89
""
789,0
772,03
757,5223
780,8199999999999
788,64
821,49
828,3
825,15
816,8753
817,88
829,81
824,4300000000001
816,6
812,15
814,64
812,8199999999999
814,96
824,86
834,95
822,5699999999999
655,06
625,0699999999999
627,15
620,48
618,91
612,17
612,62
609,71
601,36
591,13
603,72
607,48
605,5699999999999
602,5
598,64
604,26
599,66
583,09
580,58
591,12
570,71
580,6
577,72
573,75
568,89
538,89
541,3
552,34
545,63
545,53
561,83
594,66
607,5
609,75
609,22
607,6
596,64
592,5699999999999
600,12
598,65
602,8
607,5
603,7
601,77
598,8
600,0699999999999
604,7
602,74
603,12
599,8
569,36
561,67
560,14
559,86
560,1
575,72
578,22
588,2
595,96
595,95
595,1
592,4
591,09
595,84
597,5
608,17
608,98
607,81
602,0
603,99
602,3199999999999
604,26
606,16
597,59
603,84
579,23
578,4
589,38
605,29
616,86
618,33
621,67
623,42
623,01
615,75
608,77
611,61
617,3
619,49
615,28
612,25
617,15
614,22
611,86
613,02
616,19
621,49
615,34
581,48
573,59
572,61
567,81
580,86
623,51
616,0699999999999
614,13
624,23
622,44
619,8
612,01
612,09
629,27
628,52
626,35
625,69
632,6
630,37
623,4
626,39
627,96
621,08
594,38
599,16
574,52
568,3199999999999
578,09
594,65
630,79
622,12
629,34
635,23
634,29
625,3
621,11
626,52
631,5
626,61
626,54
622,25
619,42
615,45
612,19
619,42
623,01
608,85
608,13
603,05
579,25
575,0
581,05
596,1
601,66
615,34
620,09
602,86
579,88
581,23
579,31
579,54
581,6
576,78
570,47
568,36
563,61
589,42
590,14
591,69
599,03
600,14
600,34
582,81
566,3
553,26
553,59
556,15
611,4300000000001
600,17
572,37
594,64
603,5
598,42
612,12
622,84
619,11
606,6
592,42
610,03
596,1800000000001
601,71
598,58
593,2
600,19
616,05
616,9300000000001
605,01
587,23
584,9
581,95
604,29
633,38
626,38
621,06
626,74
619,97
613,92
610,9300000000001
610,74
619,61
617,21
609,39
612,21
615,15
619,35
616,39
620,54
629,17
621,19
617,5699999999999
600,19
598,81
590,12
590,91
593,6800000000001
605,89
619,47
618,0
621,14
615,52
611,11
606,9
606,46
608,4300000000001
610,02
609,99
618,58
628,13
628,35
618,97
618,91
635,33
624,79
614,98
612,79
611,53
605,8199999999999
603,59
603,66
611,06
621,28
627,5699999999999
616,7
610,29
610,23
602,8
614,61
615,4
619,49
617,87
619,8486
617,75
616,52
616,6
612,29
616,26
618,0
613,36
615,51
593,79
587,79
592,03
608,83
613,56
608,99
609,94
607,01
605,66
605,9300000000001
606,1
610,44
617,67
624,08
622,17
625,35
629,53
622,96
612,9
611,41
621,27
626,92
623,63
610,41
573,72
569,55
567,19
565,37
571,79
606,91
629,84
627,64
622,89
620,48
615,2
611,96
628,5
626,29
621,55
624,88
607,79
601,1
601,16
605,97
598,77
537,11
417,11
416,06
409,53
403,6
397,36
399,64
420,44
430,62
429,46000000000004
434,51
432,84000000000003
429,28
420,45
423,23
437,36
428,43
431,39
427,28999999999996
420,23
413,33000000000004
414,23
425,58000000000004
428,85
424,26
420,78
421,28999999999996
418,31
416,90999999999997
412,33000000000004
419,63
423,07
427,12
430,44
422,98
438,15999999999997
441,57
416,15
416,53
417,33000000000004
412,23
436,94
487,90999999999997
529,51
557,49
551,25
563,62
561,19
562,61
578,08
578,79
570,6800000000001
551,17
540,81
569,44
595,62
595,54
587,55
581,4
356,99
573,0699999999999
567,41
574,4
348,59000000000003
578,12
583,85
581,4
578,36
577,22
597,81
597,12
602,75
615,37
595,02
581,58
544,77
538,58
536,72
571,03
611,73
610,05
596,13
603,33
594,48
584,89
576,54
579,1
592,69
590,21
584,1800000000001
598,46
587,91
591,42
600,11
612,96
614,76
611,13
607,09
612,85
594,91
592,24
593,13
606,9200000000001
604,56
609,3299999999999
595,05
583,3299999999999
593,2
601,6700000000001
581,09
586,41
593,39
597,33
594,64
597,3399999999999
598,28
595,74
590,7
591,97
604,6
605,6800000000001
594,2
597,8
576,8
575,9
599,9
599,6
588,6
589,9
601,3
602,2
606,7
601,7
594,2
603,4
601,4
596,2
596,2
600,0
603,6
602,2
598,8
600,6
594,7
601,2
600,1
602,2
585,4
570,6
565,5
584,9
604,4
603,2
608,6
603,1
603,4
582,9
591,3
608,1
602,6
589,5
592,0
581,2
570,7
571,0
599,8
599,3
601,0
608,2
608,4
565,6
550,4
543,4
535,4
549,7
567,8
566,7
592,2
604,3
605,0
604,0
593,5
597,1
601,6
598,0
593,9
599,8
597,7
594,0
595,4
601,9
600,7
598,0
600,6
560,4
530,2
529,6
540,7
564,1
577,8
587,7
596,8
605,0
606,4
602,6
599,3
603,8
601,4
596,9
600,2
599,8
596,1
595,3
594,7
598,3
604,6
604,7
608,3
611,8
604,3
604,0
594,8
606,4
595,4
595,5
582,7
593,2
596,4
592,3
595,9
592,5
588,6
593,2
585,7
583,9
580,3
579,3
584,94
605,74
594,86
584,7
582,28
584,94
582,44
570,84
568,8
579,78
604,1800000000001
602,0799999999999
598,46
595,06
601,74
597,14
593,14
591,98
596,64
596,52
596,9200000000001
584,9200000000001
588,52
592,9
593,3199999999999
592,02
598,94
607,9200000000001
615,3399999999999
589,8399999999999
565,62
568,02
567,3
620,3199999999999
622,38
563,1600000000001
445,68
447,58
431,48
432,28999999999996
430,92
368,34000000000003
432,07
229,8
466,96
464,86
422,81
427,71000000000004
428,54
418,85
416,16
521,65
418,07
422,06
423,95000000000005
409,45
406,88
417,73
424,32
427,61
434,83000000000004
435,34
434,34
430,34
472,0
490,03999999999996
509,24
534,04
563,74
566,0
566,22
566,4
591,3199999999999
623,02
627,5
617,02
491,74
501,32
505,4
503,82
500,53999999999996
508,34
506,74
510,92
508,02
506,94
508,96
502,98
497,7
503,18
505,84
506,82
506,68
508,28
507,5
502,44
506,62
504,06
505,02
498,03999999999996
497,34
490,12
488,26
488,92
485,32
485,03999999999996
496,22
493,53999999999996
493,1
491,82
490,62
485,12
494,22
495,32
495,24
499,64
501,02
500,44
497,38
498,56
495,24
497,4
498,46000000000004
499,5
501,4
503,98
503,65999999999997
497,62
502,15999999999997
528,52
555,24
599,9200000000001
649,7
674,5
666,2
653,74
661,14
674,72
672,98
666,7
666,02
671,06
666,16
667,0
665,44
673,9200000000001
666,26
667,8
663,72
662,68
632,3
626,26
618,3
621,98
623,7
621,08
646,2
665,54
667,7
652,84
640,0
661,04
655,2
651,64
659,38
662,16
663,34
660,98
648,98
653,24
648,7
647,1800000000001
""
""
""
""
""
""
""
""
""
""
""
""
""
""
""
""
""
""
""
""
""
""
""
""
664,4
667,0
659,4
647,3
640,2
649,6
654,5
639,7
646,7
654,9
650,2
650,8
661,3
662,4
659,4
663,7
664,0
670,0
667,2
663,0
670,8
668,7
665,2
675,7
676,9
659,1
639,9
612,5
602,6
627,8
638,8
628,5
633,8
632,0
651,5
650,2
641,4
641,9
639,5
637,0
636,9
635,1
642,5
641,2
646,6
642,6
639,6
631,0
637,5
640,7
638,6
640,9
647,7
645,4
641,9
637,9
642,6
633,2
611,8
631,6
635,0
629,0
643,6
645,8
639,8
623,1
618,1
624,1
628,9
622,5
635,7
630,4
626,9
644,6
632,2
631,3
630,8
619,4
614,2
625,7
621,6
617,8
620,4
619,0
613,0
620,9
620,9
622,7
647,2
644,0
646,6
650,8
647,4
650,7
656,6
654,8
654,5
659,3
647,98
646,13
650,45
649,94
648,27
649,02
660,4000000000001
664,06
655,64
653,7
642,39
649,7
653,21
655,2
655,79
662,97
654,3399999999999
649,4200000000001
649,0799999999999
651,49
649,99
654,4300000000001
647,12
642,01
634,4100000000001
642,11
642,13
638,9100000000001
645,3199999999999
646,04
649,8299999999999
664,35
645,56
670,64
663,4
672,61
671,55
669,69
658,48
666,99
675,27
672,2
661,23
655,29
655,88
650,47
651,0799999999999
632,14
638,28
638,59
633,28
642,5699999999999
655,06
658,85
647,13
653,77
644,72
639,54
633,06
648,13
645,05
662,74
652,51
663,72
667,86
672,04
663,75
662,87
666,65
663,75
661,54
668,29
664,98
664,23
654,3199999999999
647,75
660,24
660,5
661,74
661,22
663,98
666,46
660,94
647,9
652,55
655,13
648,94
655,0699999999999
649,71
653,1
661,1
664,47
663,5799999999999
607,1800000000001
434,32
407,61
406,92
424,48
421,01
414,95
435,11
444,62
440,99
437,34000000000003
436,88
425,78
428,3
428,87
431,09000000000003
425,67
420,72
415,78999999999996
419,81
428,58
429,5
416,65
410,58
423,09000000000003
422,76
424,15999999999997
418,92
433,8
436,92
434,04
425,04
420,68
420,92
416,8
407,44
412,44
413,44
413,56
414,56
410,44
409,44
414,56
415,28
438,12
438,76
422,28
420,04
407,8
413,8
408,8
404,92
410,0
414,8
411,92
407,04
407,04
406,68
403,68
399,8
404,68
405,56
405,8
409,56
407,68
412,56
404,56
404,8
398,68
402,56
393,44
422,44
487,56
564,56
600,44
614,56
614,56
618,2
617,16
634,6
639,36
638,88
631,24
645,0
642,0
641,12
641,0
648,48
653,24
649,36
658,48
657,36
651,36
656,24
657,6
646,48
638,6
645,92
653,44
648,44
649,6800000000001
639,56
637,56
649,64
659,0
658,12
658,24
666,24
661,12
664,36
665,24
662,12
650,24
641,36
657,36
650,6
659,36
650,36
651,12
656,24
646,48
657,36
645,4
649,8
644,56
644,56
654,6800000000001
646,88
652,12
662,0
669,12
657,24
671,24
668,12
671,6
677,36
656,72
660,88
674,88
663,0
649,24
641,12
650,48
660,36
649,52
637,92
634,92
633,92
621,04
627,04
641,8
635,52
160,64
667,12
666,36
655,12
667,12
656,12
649,0
668,0
674,0
677,0
662,36
659,48
666,36
658,36
658,12
667,64
676,24
662,76
627,8
628,6800000000001
620,92
625,8
551,92
500,12
496,24
512,24
494,48
525,48
601,72
642,6
644,48
654,24
654,24
658,48
663,6
659,84
659,6
662,24
665,6
666,48
655,48
655,48
664,48
656,48
656,6
651,72
642,6
642,48
642,12
647,36
650,36
655,36
656,48
656,6
650,36
647,6
650,6
654,6
661,36
663,48
668,6
661,48
643,48
647,48
667,36
672,48
668,36
661,6
660,28
652,04
649,16
650,04
643,16
644,76
649,12
656,48
653,36
651,6
644,36
664,6
658,36
652,6
663,6
674,48
667,6
669,36
671,24
686,24
654,72
644,0
639,44
651,56
647,44
630,88
630,48
661,48
670,6
663,36
670,72
672,72
672,6
681,76
696,6
719,36
737,48
752,6
775,48
808,36
824,6
821,6
856,36
848,48
854,36
852,72
857,48
847,84
853,96
859,48
864,6
868,36
871,12
867,88
866,48
860,48
848,24
353,19
854,24
861,6
856,36
859,6
872,36
870,36
865,48
865,72
865,6
849,36
839,72
839,6
846,6
844,72
844,6
833,48
841,72
862,48
860,72
852,6
855,72
862,6
868,48
877,48
872,6
874,36
870,48
861,48
866,48
881,6
884,6
885,6
884,6
885,0
883,84
877,24
877,36
879,12
871,12
858,6
852,48
860,48
839,48
855,24
855,48
845,48
835,36
832,36
831,36
846,36
842,36
837,48
840,6
843,36
836,48
830,36
830,6
834,6
843,12
836,24
818,72
817,48
809,36
807,48
815,48
849,6
857,48
864,48
858,6
873,6
861,36
849,48
856,48
857,6
853,6
862,6
874,6
879,48
873,72
868,48
858,6
858,72
865,36
877,52
880,04
832,04
816,04
810,04
802,04
789,28
850,36
859,48
861,48
860,48
860,48
860,36
862,84
860,72
856,72
860,6
866,6
863,48
865,6
860,6
856,6
850,48
857,48
854,16
839,8
782,92
787,16
779,04
785,16
797,56
797,8
794,8
791,8
795,92
808,2
308,63
799,8
811,6800000000001
816,6800000000001
813,44
813,56
809,8
813,6800000000001
810,8
809,6800000000001
806,56
799,56
805,6800000000001
808,56
817,6800000000001
823,6800000000001
825,6800000000001
835,8
834,56
819,92
822,3199999999999
830,8
830,8
828,6800000000001
826,56
836,16
839,36
834,12
843,6
849,24
840,24
836,36
852,48
851,24
855,48
856,48
863,48
859,48
858,36
834,48
827,36
832,6
827,6
842,36
850,24
847,24
850,6
843,24
853,36
849,24
856,08
845,6
847,48
866,36
856,36
854,48
852,24
854,36
865,36
862,24
860,12
853,48
838,48
840,48
842,12
843,36
849,48
864,48
866,12
868,6
868,24
870,48
865,36
857,24
863,76
866,0
863,12
859,36
856,36
854,24
867,24
868,0
865,24
876,0
843,04
845,6800000000001
841,6800000000001
817,8
817,56
819,56
832,56
860,12
858,12
859,36
851,24
855,36
840,36
847,36
847,6
848,36
848,12
853,36
830,6
835,48
844,36
864,12
845,0
830,48
827,48
827,0
795,8
789,04
782,8
777,6800000000001
802,16
845,0
865,88
866,24
870,12
638,36
502,24
659,36
858,12
861,48
869,48
846,24
844,36
855,6
848,36
845,12
837,48
794,76
660,12
670,0
667,0
663,0
640,0
655,0
662,0
662,0
668,0
680,0
670,0
656,0
617,0
634,0
640,0
638,0
653,0
666,0
665,0
652,0
656,0
637,0
644,0
630,0
627,0
636,0
638,0
647,0
652,0
639,0
652,0
653,0
664,0
663,0
575,0
487,0
488,0
488,0
485,0
491,61
496,22
494,38
492,71
493,11
493,11
492,58
494,2
554,0
486,56
500,07
536,48
551,63
578,69
623,01
650,78
666,3
672,5699999999999
667,6800000000001
671,1800000000001
659,98
645,46
646,29
646,94
648,3199999999999
594,79
689,77
692,94
686,54
758,12
670,24
674,86
683,5
688,54
683,78
650,9
637,08
634,08
660,55
657,46
654,8199999999999
658,46
659,08
659,29
656,55
656,29
662,64
680,08
680,4300000000001
672,7
683,14
672,17
665,55
661,55
669,67
670,67
665,02
659,7
633,19
629,28
628,02
629,1
629,34
653,54
682,51
680,1
676,84
680,85
686,7
679,53
193,85
679,74
660,12
656,6800000000001
659,41
662,76
648,46
657,38
659,02
658,84
659,19
659,58
665,28
662,1
659,84
656,9300000000001
658,02
644,84
640,1
647,84
647,75
652,87
662,87
663,96
669,34
665,84
659,22
661,5699999999999
661,49
662,87
663,31
665,84
659,17
668,32
665,0
673,0
682,0
683,0
681,0
679,0
675,0
678,0
677,0
675,0
676,0
675,0
673,0
666,0
663,0
680,0
675,0
678,0
675,0
676,0
673,0
674,0
674,0
670,0
668,0
677,0
682,0
685,0
666,0
661,0
671,0
669,0
682,0
687,0
687,0
681,0
687,0
679,0
683,0
676,0
674,0
673,0
677,0
684,0
684,0
688,0
682,0
678,0
679,0
684,0
682,0
673,0
643,0
642,0
643,0
650,0
654,0
677,0
685,0
678,0
688,0
681,0
683,0
685,0
679,0
684,0
687,0
689,0
686,0
682,0
683,0
686,0
685,0
687,0
694,0
687,0
681,0
699,0
725,0
713,0
682,0
687,0
690,0
694,0
737,0
882,0
911,0
714,0
717,0
732,0
745,0
743,0
744,0
624,0
629,0
631,0
631,0
630,0
635,0
641,0
644,0
644,0
643,0
641,0
643,0
642,7
638,8
639,0
638,3
625,1
635,4300000000001
783,52
859,05
870,0699999999999
869,0699999999999
859,35
867,66
873,71
887,52
882,44
854,6800000000001
853,4
861,9200000000001
857,11
863,78
851,3
860,87
855,41
850,5
847,53
849,0799999999999
866,4
871,87
879,8199999999999
879,77
874,2
871,79
862,26
868,25
867,45
860,94
864,62
872,1800000000001
880,63
875,54
876,9200000000001
860,48
835,23
831,52
842,15
870,79
906,6700000000001
976,87
1018,6600000000001
1016,48
1009,4300000000001
1013,1800000000001
1005,46
1025,19
1022,88
1018,89
1015,04
1015,28
1015,4300000000001
1016,76
1022,78
1037,02
1036,57
1033,84
1031,34
1010,17
994,73
984,26
983,26
982,66
995,66
1043,7
1029,49
1036,96
1041,38
1027,76
1025,06
1034,12
1025,2
1028,29
1029,94
1032,0
1024,06
1025,88
1041,06
1044,14
1053,06
1051,7
1013,88
979,23
961,79
925,06
942,14
972,7
969,06
969,97
979,02
1017,22
1012,78
1010,87
1003,22
1006,87
1009,31
999,96
1000,96
987,58
996,49
994,58
991,96
993,49
1013,22
1014,22
1046,96
997,75
1000,22
983,19
968,02
966,63
962,98
970,02
995,44
1035,18
1043,26
1052,56
1047,0
1003,09
978,0
982,91
997,74
998,1800000000001
998,26
1006,8199999999999
1012,74
1012,21
990,12
965,12
940,03
945,12
938,81
947,78
948,9
964,03
956,71
971,5
1007,12
999,94
1024,03
1028,12
1005,86
1004,6800000000001
993,12
994,03
1006,03
1007,74
1008,36
1004,66
1013,27
1034,83
1043,27
1003,6519815368484
978,92
975,01
979,74
972,1
952,74
959,37
959,84
1015,02
1041,13
1049,95
1036,39
1036,86
1037,3
1028,71
1001,15
1023,62
1027,83
1035,66
1039,74
1030,18
1028,48
1027,01
1029,57
1013,95
1010,69
998,5699999999999
960,98
967,1
960,95
968,66
1015,48
1028,66
1035,13
1032,24
1024,42
1032,26
1026,42
1032,74
1035,5
1042,98
1041,54
1046,14
1043,0
1012,0
1024,0
1029,0
1060,0
1050,0
1044,0
1043,0
1037,0
1040,0
1040,0
1042,0
1040,0
1057,0
1057,0
1063,0
1063,0
1040,0
997,0
997,0
986,0
969,0
977,0
980,0
974,14
986,06
999,7
1028,6
1056,48
1059,28
1130,0
1094,0
1082,0
1069,0
1081,0
1095,0
1105,0
1140,0
1141,0
1121,0
1062,0
1077,0
960,0
921,0
946,0
1025,0
1074,0
1086,0
1069,14
1059,06
1062,7
1045,6
1044,48
1039,28
1033,06
1001,8199999999999
976,33
958,46
957,3
946,5
957,24
1011,24
1031,33
1020,94
1017,33
1020,77
1021,5
1021,3
1018,42
1019,15
994,24
997,42
1016,7
1021,23
1022,3199999999999
1019,62
1024,88
928,0
810,26
772,62
748,77
733,71
737,56
734,76
734,41
773,62
794,79
801,06
812,06
811,06
806,97
802,79
806,97
800,88
806,06
795,78
834,7
848,49
849,14
843,08
850,9
843,46
809,9
799,55
766,2
766,64
763,55
769,64
787,8199999999999
831,73
827,64
818,8199999999999
813,64
836,64
833,8199999999999
833,46
831,73
831,87
838,22
834,22
822,64
795,9
794,11
791,65
790,86
817,94
851,77
809,21
805,24
785,38
786,03
795,6800000000001
796,77
792,3
809,94
819,94
828,03
814,03
811,12
817,03
809,21
853,03
923,77
972,65
1011,53
1038,14
1033,62
1042,47
1044,06
1034,56
1053,97
1070,32
1097,32
1183,94
1232,67
1247,85
1272,73
1273,64
1294,9
1296,99
1288,9
1283,99
1278,08
1276,08
1266,73
1248,82
1254,88
1263,21
1260,5
1259,5
1257,42
1245,77
1258,15
1246,03
1274,94
1265,21
1246,12
1255,21
1108,26
1016,65
1045,56
1066,44
1049,06
1047,64
1054,52
1171,7
1243,17
1271,99
1279,52
1257,99
1251,17
1254,34
1247,91
1261,14
1272,5
1297,21
1301,03
1261,86
1253,5
1140,86
1102,35
1112,0
1090,3
1100,77
1103,94
1114,53
1108,76
1122,17
1112,76
1116,67
1113,85
1103,64
1092,2
1084,0
1110,7
1125,88
1111,5
1117,97
1110,79
1109,24
1118,89
1084,15
1079,62
1060,15
1039,62
1032,36
1038,56
1043,68
1045,24
1068,71
1094,98
1095,06
1097,66
1107,01
1070,69
1059,34
1055,16
1048,25
1035,42
1035,86
1065,39
1086,39
1085,89
1112,15
1124,41
1104,45
1082,9
1075,81
1041,63
1031,02
1027,28
1025,63
1023,46
1017,96
1046,2
1064,21
1066,42
1065,45
1074,1
1072,22
1071,78
1061,13
1063,66
1050,6
1036,69
1036,95
1031,13
1043,51
1058,48
1068,96
1100,04
1089,58
1070,34
1076,15
1075,86
1081,38
1109,5
1172,54
1196,9
1223,99
1250,38
1252,38
1260,46
1273,26
1255,11
1240,43
1248,99
1250,9
1250,55
1250,17
1259,61
1231,26
1082,99
1080,05
1074,97
1068,14
1020,53
1011,5
1023,89
1043,24
1051,24
1085,65
1091,35
1085,3
1089,03
0,8599999999999994
1228,94
1226,03
1052,5
1195,5
1452,4
1332,81
1307,07
1349,07
1194,28
1290,66
1288,52
1282,2
1261,41
1212,11
1173,94
1181,02
1182,82
1175,45
1192,57
1276,62
1303,89
1300,24
1296,3
1300,06
1309,77
1298,86
1298,15
1314,77
1317,91
1314,65
1306,56
1305,3
1307,21
1322,45
1312,01
1266,92
1247,92
1207,96
1197,28
1173,19
1170,84
1163,36
1193,13
1253,92
1282,66
1272,33
1276,82
1297,79
1306,56
1290,15
1291,83
1292,47
1294,36
1299,39
1301,74
1305,48
1305,48
1305,22
1313,66
1314,57
1274,13
1212,61
1199,66
1194,1
1183,7
1181,01
1213,36
1236,24
1256,4
1249,19
1250,28
1286,28
1283,02
1283,63
1272,23
1266,09
1273,86
1280,89
1267,5
1271,3
1267,21
1283,12
1299,3
1291,09
1277,09
1242,18
1205,0
1199,18
1179,35
1199,35
1218,76
1272,05
1303,31
1311,66
1305,1
1306,02
1286,58
1274,5
1291,96
1276,29
1286,44
1280,26
1269,09
1289,26
1274,26
1295,12
1293,27
1289,54
1221,18
1190,18
1194,82
1203,75
1183,84
1186,59
1157,39
1162,13
1177,48
1188,57
1189,6
1207,42
1213,69
1217,42
1216,51
1200,25
1219,34
1204,42
1238,42
1257,69
1278,07
""
""
""
1223,4619815368485
1191,1719815368485
1172,4719815368485
1184,5619815368484
1194,8219815368484
1194,4719815368485
1210,6519815368486
1297,7319815368485
1302,9019815368486
1285,5919815368484
1280,3319815368484
1287,6819815368485
1279,5019815368485
1292,4119815368485
1294,6819815368485
1285,8519815368484
1289,5019815368485
1294,5919815368484
1293,5019815368485
1295,2419815368485
1299,2419815368485
1299,6219815368486
1292,5319815368484
1284,8919815368486
1273,3819815368486
1240,5719815368484
1221,0919815368484
1222,2719815368484
1243,0919815368484
1224,1819815368485
1214,6919815368485
1269,0619815368484
1289,0119815368485
1285,3119815368484
1285,6919815368485
1278,4619815368485
1284,2319815368485
1287,4419815368485
1284,7019815368485
1298,7019815368485
1288,2619815368485
1289,4419815368485
1279,3519815368484
1264,3519815368484
1268,9119815368485
1276,9119815368485
1283,7019815368485
1267,4919815368485
1243,15
1206,46
1201,95
1195,86
1198,78
1221,95
1240,72
1264,33
1259,15
1276,33
1278,68
1271,42
1266,33
1269,62
1272,62
1275,01
1258,42
1255,42
1292,24
1285,5
1301,64
1299,03
1281,3
1264,47
1263,38
1226,45
1198,27
1175,45
1172,01
1179,45
1200,18
1207,62
1239,74
1256,57
1246,04
1246,9
1227,81
1219,69
1237,9
1248,42
1255,34
1262,34
1252,51
1242,34
1257,46
1271,69
1284,81
1265,81
1228,42
1163,39
1157,79
994,14
987,14
1005,97
1036,18
1028,18
1042,09
1044,0
1047,26
1055,64
1041,33
1045,5
1041,64
1041,06
1038,0
1026,24
1024,71
1023,98
1024,89
1033,92
1160,34
1178,69
1129,42
1116,38
1111,9
1102,06
1075,22
1098,22
1108,39
1171,21
1187,0
1188,68
1146,74
1147,68
1179,26
1205,73
1196,76
1183,3
1168,16
1174,25
1151,34
1166,07
1172,42
1184,66
1205,79
1177,72
1221,0
1195,0
1173,0
1184,0
1169,0
1171,0
1165,0
1192,0
1183,0
1225,0
1280,0
1290,0
1277,0
1263,0
1251,0
1243,0
1251,0
1240,0
1232,0
1240,0
1242,0
1261,0
1258,0
1231,0
1178,0
1164,0
1164,0
1172,0
1166,0
1170,0
1170,0
1225,0
1237,0
1259,0
1266,0
1264,0
1264,0
1275,0
1282,0
1264,0
1264,0
1254,0
1271,0
1285,0
1279,0
1290,0
1310,0
1307,0
1320,0
1297,0
1261,0
1269,0
1297,0
1287,0
1333,0
1362,0
1358,0
1349,0
1349,0
1348,0
1361,0
1372,0
1378,0
1384,0
1401,0
1395,0
1389,9
1385,7
1413,4
1418,7
1413,6
1366,0
1379,0
1334,3
1321,4
1305,6
1268,9
1282,0
1299,8
1357,4
543,6300000000001
1361,8
1378,0
1382,1
1355,34
1339,28
1335,98
1313,1
1263,26
1255,7
1290,08
1299,16
1301,8600000000001
1299,5
1290,12
1228,84
1196,4
1182,58
1165,46
1142,8
1167,52
1168,92
1176,5
1200,6
1240,62
1249,18
1267,76
1255,18
1252,38
1250,28
1257,06
1268,1399999999999
1266,32
1280,46
1283,06
1288,94
1282,3
1279,22
1255,84
1203,94
1183,0
1156,98
1164,52
1170,0
1160,56
1158,62
1159,52
1199,7
1221,72
1232,6
1230,24
1232,5
1226,18
1245,92
1246,38
1260,58
1241,02
1246,8
1242,5
1234,7
1247,34
1248,74
1251,84
1234,06
1230,04
1202,6
1190,54
1176,7
1168,76
1179,96
1225,76
1393,5
1231,8
1270,96
1275,2
1235,8
1231,8
1366,16
1259,02
1022,26
1039,82
1168,1
1091,06
1029,2
1434,44
1159,94
1158,12
1393,12
1157,56
1138,56
1137,8600000000001
1130,76
1116,08
1117,18
1128,26
1166,66
1174,62
1238,26
1206,8600000000001
1208,82
1217,6399999999999
1248,9
1263,26
1245,4
1244,6
1251,5
942,8399999999999
1041,92
1247,1399999999999
1264,84
1482,72
1459,24
1179,78
1184,1399999999999
1176,26
1180,04
1170,8600000000001
1183,8600000000001
1199,6399999999999
1247,76
1245,26
1230,52
1229,96
1219,26
1239,72
1239,6399999999999
1230,54
1163,84
1062,1399999999999
1149,42
1227,6399999999999
1235,72
1258,32
1303,82
1408,1399999999999
1234,6399999999999
1055,44
1032,94
1009,06
1002,56
1010,94
1015,36
1018,86
1056,12
1072,6
1091,6399999999999
1079,5
1066,44
1067,18
1087,02
1082,3600000000001
1120,24
1104,02
1084,32
1091,04
1095,48
1088,3600000000001
1089,46
1087,96
1055,78
1038,0
1038,98
1013,22
1003,64
1007,94
1011,6800000000001
1019,8399999999999
1083,48
1097,5
1083,24
1062,42
1069,28
1063,12
1059,22
1027,82
834,2
1043,2
1054,1399999999999
1149,92
1151,24
1058,96
838,2
1175,18
1135,6
1038,76
1046,2
1077,04
1073,58
1058,46
1050,72
1055,3
1056,28
1054,38
1057,12
1058,8600000000001
1062,0
1055,0
1058,34
1074,22
642,8399999999999
1286,22
1123,28
1226,08
1048,5
1050,88
1064,4
1095,1
1075,38
1075,3
1060,4
1064,6
1040,3
1026,7
1048,82
1051,2
1062,0
1046,5
1042,94
1045,62
1046,24
1046,42
1051,2
1056,2
1050,06
1036,4
1040,58
1045,7
1046,88
1048,28
1053,08
1061,52
1062,9
1068,44
1069,26
1047,46
1038,6399999999999
1036,6399999999999
1033,3600000000001
1068,74
1180,6399999999999
1229,74
1234,02
1219,62
1234,44
1238,3600000000001
1234,42
1243,6
1226,22
1228,92
1229,92
1243,22
1239,12
1244,82
1253,22
1246,94
1196,54
1190,04
1179,82
1166,22
1157,42
1157,5
1153,66
1147,16
1183,22
1206,46
1238,5
1240,1399999999999
1231,32
1225,82
1224,22
1208,8
1203,92
1233,22
1265,32
1258,3600000000001
1267,22
1267,32
1262,3600000000001
1267,74
1254,62
1205,16
1152,6399999999999
1163,96
1166,84
1164,76
1155,42
1178,68
1224,96
503,61
1212,42
1198,66
1208,92
1212,26
1213,9
1240,08
1273,92
1290,28
1251,9
1214,96
1208,98
1237,34
1254,76
1258,04
1235,16
1260,3
1255,1399999999999
1260,82
1264,56
1263,58
1292,94
1309,54
1302,22
1298,34
1305,24
1290,92
1300,5
1298,76
1319,96
1302,68
1245,18
1245,95
1278,06
1312,68
1319,94
1321,3
1334,06
1321,8600000000001
1294,94
1110,06
1071,7
1048,8
1033,52
1030,65
1028,82
1035,06
1043,76
1056,6
1062,88
1061,72
1044,92
867,29
1033,18
1036,54
1037,47
1030,83
1042,54
1024,08
1009,7
1016,4
1029,6
1038,73
1026,5900000000001
1030,06
1020,51
1022,9300000000001
1024,93
1033,07
1036,01
1055,51
1051,31
1062,6599999999999
1077,08
1079,87
1071,1
1067,6399999999999
1062,17
1047,78
1058,8899999999999
1047,08
952,76
958,05
959,22
950,17
952,4200000000001
974,07
1009,3599999999999
1026,54
985,11
969,8
947,0
949,48
972,5799999999999
971,04
1028,84
1047,8600000000001
1043,92
1065,04
1072,24
1059,73
1052,52
1053,81
1052,46
1074,89
1142,1
1132,3600000000001
1132,6
1134,48
1129,9
1094,09
1059,51
1040,8899999999999
989,35
971,75
956,82
961,76
971,36
1034,22
1164,8600000000001
1233,08
1245,25
1261,19
1255,81
1261,04
1263,4
1262,54
1250,25
1258,72
1258,8899999999999
1229,26
1221,93
1223,04
1245,6100000000001
1255,15
1168,8600000000001
1032,1
1006,4300000000001
983,1
969,4200000000001
932,1
825,85
825,78
825,4300000000001
834,48
836,65
828,85
821,46
818,28
826,44
852,98
841,3
850,5
846,06
846,44
837,61
846,9300000000001
848,4
846,6800000000001
842,31
844,02
849,94
864,53
881,96
938,85
1044,85
1064,47
1068,6599999999999
1053,22
1043,58
1043,78
1036,48
1042,32
1011,5699999999999
1071,85
1184,08
1259,88
1279,84
1272,45
1242,9099999999999
1245,04
1249,5
1276,3899999999999
1276,82
1237,59
1215,4
1178,6
1151,62
1170,47
1193,57
1211,34
1255,34
1275,1
1279,94
1256,19
1254,6399999999999
1250,46
1235,16
1239,06
1240,22
1248,3400000000001
1254,26
1247,29
1261,35
1265,38
1264,56
1273,07
1255,0
1246,78
1216,0
1183,88
1187,26
1181,3
1202,93
1235,33
1259,71
1261,28
1279,99
1278,95
1279,45
1256,25
1241,02
1240,19
1241,81
1257,04
1256,51
1255,39
1263,3899999999999
1269,32
1276,68
1292,5
1296,97
1265,93
1223,2
1191,52
1183,49
1179,76
1211,78
1237,5
1260,17
1250,3
1238,38
1253,84
1252,32
1256,0
1245,4
1246,62
1240,32
1252,31
1257,52
1265,3899999999999
1263,22
1271,04
1270,5
1267,45
1255,27
1244,81
1201,62
1185,67
1213,4
1207,3600000000001
1205,8
1239,6100000000001
1252,32
1272,5900000000001
1263,65
1265,81
1281,19
1269,28
1242,75
1238,6599999999999
1239,53
1241,96
1244,08
1242,9
1228,05
1228,32
1226,67
1244,02
1244,33
1096,62
1082,4
1045,8400000000001
1045,68
1038,16
1072,3
1074,77
1095,6100000000001
1076,32
1077,83
1084,16
1082,04
1072,3899999999999
1061,22
1047,79
1047,0
1036,21
1035,56
1036,58
1046,95
1052,46
1064,5
1068,08
1063,85
1074,12
1057,52
1035,94
1011,88
1022,22
1072,82
1079,58
1075,0
1062,24
1060,54
1074,65
1073,52
1053,42
1036,15
1037,78
1040,76
1047,43
1044,56
1036,58
1023,28
1050,8600000000001
1067,93
1079,56
1077,67
1081,9
1084,58
1083,32
1089,71
1089,68
1094,79
1102,08
1098,9
1096,07
1095,16
1089,95
1079,83
1069,84
1059,39
1032,9
1017,52
1018,14
1024,37
1025,6100000000001
1021,96
1038,99
1041,0
1054,84
1071,08
1106,57
1139,58
1172,0900000000001
1169,4
1126,22
1098,22
1102,69
1088,96
1090,16
1089,74
377,32
1083,34
1067,96
1074,5
1072,78
1065,3899999999999
1073,18
1074,94
1065,84
1078,32
1074,24
1087,53
1094,78
1086,4
1068,08
1038,74
1014,79
1016,48
1014,22
1019,47
1068,3
1102,98
1099,71
1102,49
1110,1399999999999
1117,9
1109,48
1106,24
1105,82
1099,98
1107,02
1130,5
1120,53
1123,92
1115,97
1114,6
1114,8899999999999
1053,29
993,87
970,86
951,06
947,66
942,05
959,65
986,14
1000,94
1014,86
1007,77
988,44
999,12
1008,8299999999999
993,48
991,52
994,53
1000,69
1009,24
1001,66
989,5699999999999
991,26
993,59
1004,16
1036,34
1090,23
1069,13
1047,35
1052,6
1040,02
1052,95
1101,46
1111,32
1097,23
1110,1399999999999
1116,6
1112,35
1107,3899999999999
1116,06
1117,09
1110,8600000000001
1153,83
1113,32
1113,46
1118,91
1119,6100000000001
1113,74
1120,31
1118,32
1113,74
1060,8899999999999
1035,22
1030,46
1025,1399999999999
1051,73
1054,91
1051,28
1082,45
1092,92
1097,18
1089,01
1078,34
1073,88
1078,81
1091,62
1100,5
1111,38
1112,66
1113,04
1100,91
1078,3600000000001
1079,08
1142,08
1076,92
1065,94
1051,54
1041,35
1050,0
1052,62
1038,91
1047,17
1083,08
1090,54
1092,46
1106,7
1100,57
1109,7
1115,67
1094,96
1083,6
1073,6100000000001
1089,88
1096,1
1096,6
1092,6
1093,5
1085,57
1079,24
1061,79
1032,32
1028,3
1028,06
1053,79
1074,91
1090,13
1090,5
1095,16
1091,38
1078,85
1072,44
1074,99
1075,72
1072,02
1069,4
1078,04
1078,82
1078,82
1087,56
1097,68
1116,31
1112,5
1116,37
1081,8
1075,05
1055,3600000000001
1047,76
1082,78
1116,16
1159,3600000000001
1188,8600000000001
1215,29
1241,83
1254,76
1268,21
1270,44
1274,1
1279,31
1276,83
1283,33
1102,93
1061,8600000000001
1081,12
1197,04
1220,26
1184,38
1229,56
1207,26
1177,21
1177,77
1161,6
1190,65
1227,38
1252,99
1289,5
1560,4
1421,48
1267,31
1274,26
1280,94
1344,32
1072,22
1268,76
868,6700000000001
1064,32
1058,34
1457,54
1467,62
1519,15
1165,55
1219,38
1164,53
1154,58
1139,3899999999999
1149,13
1167,3899999999999
1191,88
1222,46
1267,6399999999999
1265,08
1260,45
1263,33
1259,6100000000001
1266,0
1255,79
1253,73
1249,7
1252,88
1226,43
1235,75
1226,83
1222,32
1230,23
1218,43
1210,04
1196,31
1164,97
1171,55
1171,8
1179,6
1205,48
1271,93
1292,6
1284,96
1271,13
1270,48
1277,44
1282,2
1285,18
1273,8600000000001
1274,0
1274,88
1268,98
1262,08
1273,2
1274,82
1256,95
1247,79
1258,88
1215,06
1184,54
1188,42
1177,68
1199,96
1203,09
1205,88
1209,34
1205,3
1203,1
1206,4
1211,84
1244,6100000000001
1242,59
1219,21
1215,74
1214,41
1212,31
1223,91
1227,66
1239,92
1250,83
1243,05
1227,45
1186,74
1169,62
1166,34
1165,98
1180,34
1185,43
1201,15
1231,59
1234,44
1219,26
1224,05
1227,3
1234,85
1239,16
1235,3899999999999
1241,82
1236,4
1233,4
1252,22
1263,02
1259,16
1271,33
1250,92
1205,44
1177,77
1180,88
1188,96
1187,49
1185,05
1201,28
1216,76
1256,29
1259,22
1254,75
1260,7
1246,3
1213,18
1233,03
1236,02
1250,05
1252,56
1268,2
1272,46
1276,51
1287,03
1278,6
1193,92
1207,68
1208,17
1223,96
1230,09
1191,52
1180,31
1191,75
1187,26
1183,93
1184,78
1196,1100000000001
1223,16
1240,08
1254,31
1258,16
1266,66
1255,12
1263,21
1247,22
1266,98
1266,88
1264,91
1270,74
1096,35
943,39
956,4200000000001
956,9200000000001
942,8
993,63
1037,0
1072,8
1080,2
1096,4
1100,6
1070,23
1028,96
991,8199999999999
991,11
1003,74
1023,6
1040,22
1045,13
1051,84
1053,5
1060,3600000000001
1070,24
997,65
981,01
1048,9
1045,2
1047,6
1049,5
1053,5
1088,9
1093,6
1083,18
1101,42
1095,48
1082,3
1064,66
1087,04
1104,42
1084,2
1066,28
1059,04
1038,3
1021,94
1033,88
1044,28
1040,74
1054,0
999,94
974,96
976,76
967,4200000000001
955,44
961,22
1023,86
1068,76
1061,6399999999999
1090,46
1214,22
1249,28
1254,76
1247,06
1258,84
1285,22
1254,3
1262,54
1276,94
1282,8600000000001
1276,34
1282,22
1288,04
1284,6399999999999
1241,42
1253,3600000000001
1232,1399999999999
1184,48
1174,54
1182,0
1184,22
1207,48
1252,18
1269,8600000000001
1267,8
1268,66
1243,18
1240,6399999999999
1242,58
1222,68
1223,8600000000001
1229,26
1223,18
1229,68
1245,38
1262,58
1281,56
1280,26
1264,8600000000001
1249,7
1204,58
1185,76
1182,04
1189,42
1195,76
1201,5
1216,8600000000001
1232,74
1260,06
1271,56
1269,94
1265,94
1259,84
1251,3600000000001
1245,66
1248,22
1243,66
1222,1399999999999
1225,54
1225,8600000000001
1217,76
1239,78
1242,96
1204,78
1184,52
1182,54
1210,1
1205,9
1234,54
1240,04
1265,38
1284,92
1302,58
1285,88
1279,26
1278,1399999999999
1283,54
1288,08
1278,48
1276,3600000000001
1286,22
1280,42
1277,44
1291,16
1287,46
1277,66
1270,24
1266,08
1237,84
1220,98
1205,34
1218,56
1250,1
1278,38
1287,18
1317,92
1357,46
1287,8600000000001
1285,34
1316,74
1354,18
1380,08
1353,6399999999999
1363,54
98,36000000000001
1323,08
1333,6399999999999
1326,16
1283,8600000000001
1253,1399999999999
1251,12
1255,66
1223,98
1212,7
1207,52
1224,42
1237,6
1275,58
1301,7
1294,27
1247,54
1294,85
1283,48
1230,86
1201,06
1180,94
1174,94
1174,31
1196,72
1205,25
1211,44
1224,98
1286,3
1282,6399999999999
1257,92
1256,48
1230,04
1211,8
1207,1
1208,02
1222,72
1231,4
1282,56
1297,6399999999999
1289,68
1283,76
1274,1399999999999
1268,82
1269,32
1259,54
1256,06
1252,34
1258,1100000000001
1249,44
1247,42
1244,16
1248,6100000000001
1255,82
1242,38
1228,44
1235,83
1227,7
1225,79
1220,92
1241,52
1235,56
1264,6
1268,06
1264,12
1252,19
1260,3
1234,59
1220,12
1257,28
1254,75
1259,45
1257,19
1255,53
1253,79
1242,56
1240,08
1246,05
1189,78
974,1800000000001
963,75
951,9100000000001
941,15
936,65
952,51
963,06
957,76
978,66
982,88
972,8199999999999
980,4
963,72
970,87
973,48
974,6
982,4200000000001
988,11
992,84
1009,47
1024,15
1031,56
1024,04
1027,05
1053,68
1035,28
1026,5
1019,45
1021,48
1018,6800000000001
1012,25
1030,31
1035,0
1060,47
1054,17
1059,92
1058,0
1054,29
1043,12
1034,8600000000001
1040,8600000000001
1045,28
1049,99
1066,24
1072,79
1075,3
1066,46
1059,24
1064,76
1046,04
1022,22
1027,14
1001,69
1032,98
1098,46
1135,08
1149,0
1149,3899999999999
1141,3
1122,3
142,1
1122,28
1125,06
1118,98
1134,05
142,66
1137,88
1143,89
1142,76
1159,16
1147,8600000000001
1119,57
1103,71
1071,42
1086,24
1063,73
1079,38
1082,88
1066,88
1088,0
1112,8600000000001
1112,17
1121,46
1116,54
1108,91
1114,98
1106,46
1081,74
1075,43
1073,42
1073,8899999999999
1074,08
1085,48
1086,55
1076,99
1067,6100000000001
1063,04
1048,52
1047,72
1047,33
1049,28
1070,97
1093,44
1098,27
1102,35
1107,13
1096,3899999999999
1085,42
1087,78
1082,8
1085,9
1092,22
1084,49
1082,63
1087,38
1085,02
1071,6100000000001
1058,88
1072,48
1075,34
1094,52
1081,99
1051,05
1042,41
1042,04
1084,05
1100,76
1103,2
1112,3
1112,8
1106,48
1110,8600000000001
1100,37
1105,52
1100,42
1107,42
1105,91
1104,71
1097,66
1101,24
1121,67
1113,13
1113,05
1074,53
1060,17
1048,73
1032,54
1020,81
1055,55
1059,55
1077,7
1089,92
1106,99
1111,34
1110,63
1105,6100000000001
1078,88
1096,52
1105,74
1102,54
1092,94
1090,6399999999999
1095,56
1097,73
1100,71
1094,68
1083,28
1065,16
1027,04
1000,06
980,24
979,55
995,76
1015,39
1005,3199999999999
994,9200000000001
1002,28
999,6800000000001
995,9200000000001
1009,9100000000001
1008,81
1013,0
1019,14
993,06
986,04
985,81
983,51
979,37
992,01
1000,41
1001,81
980,1800000000001
1019,47
1034,32
1004,75
995,22
961,34
964,6800000000001
1046,13
1037,27
1060,55
1050,96
1059,94
1056,08
1049,77
1052,95
1051,87
1046,83
1052,48
1055,72
1053,09
1057,03
1066,22
1064,25
1065,95
1055,52
1064,65
1027,89
1015,3
1006,02
1013,13
1035,94
1066,41
1077,79
1062,84
1080,52
1054,52
1057,62
1059,8899999999999
1069,59
1069,76
1068,15
1068,62
1074,58
1073,77
1081,58
1084,18
1079,0
1081,32
1068,56
1084,66
1085,06
1039,23
1083,1100000000001
1079,82
1085,23
1104,67
1093,28
1087,34
1074,23
1085,92
1087,68
1084,8
1073,12
1076,03
1073,83
1067,47
1064,66
1075,67
1084,1399999999999
1088,56
1073,17
1081,24
1056,98
1057,96
1053,97
1037,23
1044,28
1038,95
1052,09
1070,15
1082,62
1085,41
1075,56
1084,57
1105,23
1108,17
1093,18
1102,68
1096,46
1086,68
1086,8600000000001
1081,3600000000001
1072,37
1065,21
1074,5
1078,73
1084,67
1073,76
1058,67
1021,48
1029,38
1036,21
1065,26
1075,96
1083,54
1084,2
1080,18
1083,02
1069,4
1075,45
1087,59
1085,06
1068,6100000000001
1071,71
1076,1399999999999
1068,62
1085,4
1074,28
1088,66
1099,56
1079,8899999999999
1061,96
1042,21
1021,98
1028,95
1041,53
1064,85
1087,68
1095,68
1093,17
1069,52
1101,67
1105,75
1099,83
1119,53
1118,94
1111,98
1101,38
1083,69
1075,09
1065,22
1071,66
1077,97
1068,55
994,66
867,12
876,53
856,65
845,12
838,54
856,77
860,67
867,56
877,95
878,38
887,75
891,71
872,3
852,7
880,76
889,22
887,84
891,27
897,25
897,6800000000001
894,0
895,37
889,77
882,52
841,41
847,36
818,15
795,24
827,18
822,4
828,8199999999999
830,0699999999999
841,62
847,52
819,1
800,28
807,25
802,36
790,04
785,5799999999999
785,3
807,8199999999999
805,42
810,14
808,14
797,04
801,06
801,75
844,56
852,46
848,1800000000001
132,37
851,49
862,75
868,56
876,36
949,27
978,36
1023,36
1022,71
1029,71
1026,59
1033,7
1032,91
1035,21
1028,12
1044,21
1042,01
1038,74
1034,74
1048,42
1042,86
1046,42
1023,51
1020,86
1011,98
1002,22
1013,1
1047,01
1162,03
1163,77
1067,68
1076,15
1073,42
1225,89
1139,86
1094,89
1085,59
703,5
1002,74
767,34
1068,95
1083,5
994,5
917,15
1187,92
856,71
855,75
851,25
846,16
841,1
845,5
816,39
803,35
812,35
838,3
851,05
851,28
854,35
845,6800000000001
854,08
842,11
828,3299999999999
808,77
834,0699999999999
842,37
839,6
830,8199999999999
843,76
785,62
771,12
784,28
790,6
798,52
806,21
818,63
853,72
870,36
881,04
876,56
869,66
870,47
873,01
886,4200000000001
891,5699999999999
894,85
903,58
880,0
873,03
866,54
883,25
886,36
899,3199999999999
853,16
884,55
875,88
844,22
846,44
847,34
885,8199999999999
905,86
872,45
856,0799999999999
852,1
849,23
837,8
843,3199999999999
838,5699999999999
833,96
838,7
840,0
850,1
857,49
870,64
866,0699999999999
856,41
852,76
817,19
772,9
770,4200000000001
757,46
748,14
749,6700000000001
759,5699999999999
791,86
803,99
809,56
819,75
822,72
817,42
796,8199999999999
792,27
789,48
748,4100000000001
714,05
700,25
672,45
650,78
654,1
628,27
571,4200000000001
554,55
607,36
588,37
543,08
528,15
515,26
516,2
522,87
538,87
590,1
588,5
590,74
590,84
588,54
589,74
593,78
593,1800000000001
585,5
576,29
582,6
596,38
598,09
599,06
590,81
584,0699999999999
569,95
542,52
519,84
516,88
520,1
551,22
585,4200000000001
585,05
568,27
581,86
596,82
629,59
628,76
625,21
631,5
631,28
628,9300000000001
627,4200000000001
629,87
636,47
637,64
667,44
652,74
625,8299999999999
649,49
648,84
647,6
648,09
646,77
661,64
749,59
717,98
716,92
712,08
705,9
686,8
685,15
674,35
673,4300000000001
677,0799999999999
596,1600000000001
676,16
692,26
689,05
696,28
663,11
627,89
649,4
593,97
536,62
536,28
530,33
530,78
563,1600000000001
592,76
592,84
582,8
581,26
578,5
586,67
584,14
590,75
595,88
585,57
587,34
584,4
589,8299999999999
592,9
595,54
584,63
585,4
591,35
566,76
519,12
524,88
525,46
527,4
550,12
569,52
569,87
576,2
588,3199999999999
579,79
579,97
583,03
588,6700000000001
591,3299999999999
592,03
589,28
590,71
586,6600000000001
593,8499999999999
594,0
592,73
588,29
580,6600000000001
583,06
555,44
558,44
545,4
553,27
600,94
606,53
594,4
588,46
593,25
594,3299999999999
596,25
592,0
596,81
599,8299999999999
589,06
594,95
592,1
586,94
584,87
596,69
586,87
593,04
575,34
478,45
458,88
463,38
477,67999999999995
473,05
467,86
485,85
478,66
470,9
474,10999999999996
468,96
467,9
463,44
458,77
464,99
468,8
479,22999999999996
487,65
500,24
513,98
510,20000000000005
519,0699999999999
517,69
524,86
512,54
468,24
446,04
439,8
444,52
453,3
478,58
497,3
489,0
497,2
499,8
475,15999999999997
500,65999999999997
503,76
503,65999999999997
504,78
507,06
494,7
506,15999999999997
495,8
524,36
566,8199999999999
586,4200000000001
572,46
602,8
535,6
494,4
520,5
525,4
544,4
575,5
613,0
653,3
675,7
695,8
687,2
729,6
755,6
757,1
751,0
742,3
750,8
759,0
764,1
738,4
702,44
678,46
673,52
681,7
666,3
606,89
585,0699999999999
574,7
578,0799999999999
573,55
572,06
582,16
591,5
595,41
586,79
605,36
605,1800000000001
613,71
612,08
606,86
603,87
606,88
610,3
602,78
599,9200000000001
603,99
590,97
582,75
537,86
529,38
514,9300000000001
510,03000000000003
554,96
593,9300000000001
596,6700000000001
587,6600000000001
589,37
584,9
567,97
579,62
585,71
593,72
629,19
657,3299999999999
678,27
701,41
730,11
734,15
740,69
741,8299999999999
744,94
768,74
760,76
762,25
769,33
777,04
779,6500000000001
807,77
805,3
788,94
817,67
813,2
833,74
847,34
860,86
859,62
857,86
863,6600000000001
873,23
873,63
873,21
866,3
871,54
870,69
866,3499999999999
839,38
792,01
800,38
795,9300000000001
778,02
800,16
836,14
846,45
852,96
852,9300000000001
853,38
857,3199999999999
858,34
857,31
858,3
865,89
877,19
875,55
870,23
865,76
855,96
863,54
866,28
868,92
792,34
779,29
746,24
794,74
802,26
790,41
782,37
787,9200000000001
783,42
790,94
786,74
786,92
780,77
774,26
772,85
771,77
763,42
766,5
773,51
777,45
779,26
770,66
772,5
811,8
874,3
823,46
799,8
786,2
789,2
779,47
805,13
829,5699999999999
841,29
839,46
843,88
845,23
840,79
834,47
827,23
827,5799999999999
861,38
871,98
872,66
866,01
868,26
872,27
876,13
867,59
891,64
974,33
975,0
963,86
957,13
1007,4200000000001
1081,3
1063,47
1057,18
1053,06
1060,54
1053,67
1041,69
1047,77
1031,8600000000001
1038,24
1051,32
1054,46
1052,06
1053,8899999999999
1064,72
1072,33
1074,13
1072,57
1064,44
983,02
990,53
999,75
1029,88
1029,66
1056,35
1039,1
1073,3899999999999
1065,76
1062,57
1050,94
1045,63
1043,02
1046,8899999999999
1042,75
1037,09
1050,6399999999999
1057,3600000000001
1047,8
1050,85
1062,09
1021,35
1010,15
1000,86
998,52
991,62
987,47
984,26
1013,02
1052,94
1059,77
1075,6399999999999
1079,4
1068,12
1059,4
1075,18
1072,4
1066,98
1055,48
975,1700000000001
846,87
846,74
842,88
845,54
854,58
880,9300000000001
869,35
883,22
885,69
882,6
868,66
832,38
840,0699999999999
842,9200000000001
942,76
962,6600000000001
1004,49
1023,5699999999999
1040,66
1051,3899999999999
1048,26
1041,1
1034,05
1039,44
1048,84
1056,17
1062,57
1070,16
1073,7
1072,7
1063,1100000000001
1010,65
945,71
939,0699999999999
930,24
975,52
1009,64
1068,46
1095,53
1088,3600000000001
1078,1100000000001
1077,4
1069,2
1067,74
1061,29
1072,71
1063,54
1065,42
1063,37
1064,66
1066,74
1070,66
1066,84
1068,3
1022,6
780,09
746,4
731,6800000000001
727,0
725,6600000000001
730,8
765,7
769,1700000000001
777,21
780,12
784,63
777,72
776,99
777,4
779,6700000000001
777,12
772,78
762,85
760,56
767,09
768,56
765,39
784,97
820,39
954,77
1013,0
1004,6
1026,0
1045,4
1098,6
1092,3
1074,4
1073,9
1086,3
1083,0
1080,0
1083,5
1080,7
1091,2
1088,7
1102,8
1109,0
1111,8
1106,1
1108,5
1107,7
1114,3
1107,0
1104,2
1091,5
1082,2
1066,1
1076,1
1111,3
1118,0
1116,6
1117,6
1123,6
1121,2
1114,5
1112,7
1106,8
1099,0
1099,8
1107,1
1112,0
1109,4
1108,3
1121,0
1124,5
1127,8
1122,0
1117,0
1097,2
1086,5
1085,7
1079,7
1105,8
1121,0
1125,8
1136,0
1133,2
1118,6
1122,6
1102,7
1116,5
1124,7
1127,2
1111,0
1109,4
1118,7
1130,8
1128,5
1118,9
1118,7
1122,2
1126,5
1127,6
1132,1
1117,0
1114,2
1136,1
1216,7
1265,6
1303,4
1326,1
1330,1
1266,4
1252,4
1249,5
1277,8
1259,5
1253,7
1263,1
1272,5
1276,8
1276,0
1269,8
1214,0
1139,0
1021,1
1010,4
988,2
986,3
977,6
1032,0
1041,0
1049,9
1052,4
1044,6
858,4
856,2
855,5
874,3
877,4
859,4
857,3
871,0
877,1
868,3
870,5
875,3
884,9
859,6
838,4
830,7
827,3
826,3
832,6
852,0
843,6
826,9
837,6
869,5
877,5
870,6
860,7
859,9
892,7
900,1
815,2
717,2
704,2
811,9
915,1
963,8
932,5
827,7
809,2
899,2
981,5
971,9
977,2
990,2
1000,4
1006,7
1011,6
1020,0
1007,0
992,09
1005,08
1008,73
985,76
962,96
941,31
928,87
960,16
944,1800000000001
940,6
933,22
938,54
937,38
924,82
5059,1
162,48
914,1
885,86
840,02
911,1
884,9
884,76
898,1
908,48
902,9
885,48
892,28
906,92
904,5
915,58
924,0
923,1
910,1
920,14
925,22
704,4
690,62
692,1
683,5
569,0
679,32
673,34
637,14
491,5
490,12
492,12
497,92
502,72
502,92
502,03999999999996
503,32
504,42
500,22
499,72
497,74
496,94
497,76
494,53999999999996
496,22
489,14
494,74
485,06
464,88
468,78
467,46000000000004
445,96000000000004
413,74
425,4
438,88
568,36
663,4
684,3199999999999
703,38
694,5799999999999
693,3
698,0
705,78
700,48
694,6
698,38
704,2
705,8
702,0
703,3
703,4
699,84
681,38
687,36
690,54
690,52
686,22
702,5
679,5799999999999
706,48
700,6800000000001
698,2
698,3
697,28
699,8
691,12
707,28
678,98
711,62
715,98
709,4200000000001
710,7
703,24
687,72
688,8199999999999
685,64
684,86
672,16
670,54
682,0799999999999
690,26
757,3
800,8399999999999
881,94
910,94
914,0
819,4200000000001
684,4
686,1
687,52
695,3199999999999
693,0
674,44
664,64
710,9
692,3399999999999
681,1
679,74
686,54
679,9200000000001
667,6
657,8199999999999
639,8
719,8
846,54
899,2
900,8399999999999
920,5799999999999
931,12
938,04
942,2
944,24
940,3199999999999
942,8199999999999
937,8199999999999
925,9200000000001
928,14
927,86
904,44
896,94
928,64
938,8
935,94
921,5
908,3399999999999
918,2
909,7
856,98
878,62
894,3
895,9
888,3
896,14
913,9200000000001
926,14
924,1
925,3199999999999
918,78
925,8399999999999
923,2
919,16
932,56
940,7
937,72
952,12
933,9
883,72
853,1800000000001
867,1
857,8199999999999
839,14
844,34
848,66
817,3199999999999
819,06
818,56
822,2
854,3199999999999
823,8
836,02
844,9200000000001
873,3199999999999
898,21
855,3399999999999
855,36
877,35
858,64
841,28
836,41
855,67
895,1
877,6
867,02
861,78
847,0
845,26
855,2
891,52
931,26
935,96
918,56
906,48
898,66
908,82
918,14
919,34
956,22
952,44
977,6
970,24
983,76
989,82
1012,44
1017,6
1014,22
987,1
960,84
950,72
947,8
950,6800000000001
962,7
989,34
1003,7
1009,58
994,6
1008,16
1019,06
1024,36
1037,66
1062,31
1074,1
1081,69
1115,27
1100,5
1097,79
1082,05
1039,6100000000001
1010,14
944,54
941,98
937,5699999999999
945,8199999999999
941,59
941,01
926,5
923,95
812,62
773,52
770,26
775,45
764,04
736,04
695,3399999999999
671,34
645,66
619,2266999999999
619,8086000000001
617,06
607,68
647,1299999999999
676,1700000000001
728,63
740,04
739,86
682,85
673,87
690,84
683,88
681,1700000000001
680,43
691,0899999999999
680,16
681,24
697,6700000000001
705,28
693,26
680,35
694,42
709,96
709,03
713,4300000000001
702,73
687,6500000000001
687,47
690,56
695,9
694,76
715,97
683,37
720,73
809,8
857,89
871,89
840,4300000000001
898,9100000000001
916,0699999999999
913,03
917,1700000000001
903,13
897,3299999999999
893,61
883,44
902,45
898,63
925,89
924,54
930,28
915,44
906,9200000000001
916,13
884,65
878,73
849,98
830,5999999999999
846,48
845,14
859,73
880,3299999999999
883,77
872,36
853,71
856,47
840,54
829,29
853,1600000000001
873,72
888,4300000000001
904,58
901,98
900,77
906,56
887,81
885,3199999999999
885,51
862,1800000000001
869,41
886,2
862,7
894,94
896,11
874,1600000000001
876,52
872,97
878,7
859,54
854,99
863,5699999999999
853,99
854,88
872,48
872,26
881,1800000000001
887,72
902,6800000000001
905,51
878,55
867,0799999999999
879,13
874,0799999999999
864,0799999999999
868,6600000000001
860,54
132,5
132,31
902,23
934,41
964,05
1000,27
1033,34
1066,39
1101,9
1152,75
1177,75
1207,79
1199,18
1196,2
1192,66
1211,66
1210,6399999999999
1218,95
1207,5
1186,77
1180,45
1133,8
1072,6100000000001
1035,16
1042,74
1040,09
1015,81
990,51
971,48
1005,7
232,49
1015,8299999999999
1012,21
998,63
1015,79
1010,67
1014,1700000000001
983,54
1016,5699999999999
1021,44
1030,19
1040,3600000000001
1010,97
984,0699999999999
949,27
1002,6
1024,1
1021,41
1012,29
1014,13
1015,15
1023,72
1018,73
1004,44
1011,78
1032,73
1063,3600000000001
1076,65
1054,58
1089,94
1071,18
1061,96
1059,84
1073,31
1076,8600000000001
1075,3600000000001
1089,45
1095,58
1107,63
1120,53
1111,1100000000001
1092,66
1075,43
1079,96
1079,28
1077,98
1079,6599999999999
1065,47
1047,8899999999999
1042,63
1058,4
1053,56
1039,42
1032,87
1032,18
1030,63
1026,53
1028,6100000000001
1046,4099999999999
1047,54
1062,38
1070,77
1065,12
1017,25
875,65
864,96
861,34
857,79
860,8299999999999
887,17
913,15
911,35
900,8199999999999
922,7
919,06
908,84
890,05
890,4
902,97
911,28
895,53
898,77
898,5799999999999
890,49
885,69
895,26
913,5699999999999
934,27
943,89
952,62
946,64
947,96
936,04
902,66
921,1700000000001
932,1800000000001
922,12
937,83
939,62
934,94
938,36
930,91
933,1
937,35
933,76
941,99
933,76
920,42
909,0
916,0
919,26
909,1
902,6
912,11
896,5699999999999
890,3199999999999
899,05
911,84
915,47
908,35
892,14
908,67
922,15
917,27
910,4300000000001
882,48
864,45
861,51
876,14
904,59
903,63
894,1
893,58
899,3
906,16
905,8299999999999
908,38
910,8
150,25
897,85
901,03
916,1800000000001
969,72
1050,74
1172,98
1094,2
1254,5
1051,93
1124,3899999999999
1039,38
1030,83
1021,95
982,84
774,8199999999999
802,25
1030,51
1023,61
899,21
1028,55
1008,87
1033,28
1043,1
1032,13
1020,4200000000001
1014,76
962,44
947,28
936,11
929,0
931,14
935,81
923,91
931,6
945,22
941,5
957,19
953,03
959,6800000000001
975,22
965,57
960,73
972,8399999999999
970,95
961,63
955,4
952,75
934,08
915,89
911,84
921,6700000000001
916,28
909,92
892,27
896,49
906,1700000000001
901,48
872,96
893,38
907,9
936,8805
933,9898000000001
926,98
931,63
933,31
926,48
924,11
935,49
909,69
844,8199999999999
820,29
796,5
797,35
801,94
808,0
824,71
839,5799999999999
836,11
835,28
841,75
851,56
836,87
842,65
852,12
865,03
851,8
850,56
846,42
838,16
853,19
843,02
878,55
960,61
940,79
928,8
902,96
899,53
912,96
904,74
936,09
923,1600000000001
917,21
914,62
918,0
942,7
945,89
940,85
944,02
942,5799999999999
947,27
909,36
859,84
834,35
832,2
840,28
839,5
881,0899999999999
915,5
903,49
920,98
916,88
938,1800000000001
932,54
919,4300000000001
910,26
919,6700000000001
944,59
946,86
899,4
938,24
935,53
943,4
951,27
985,87
1035,31
1047,9
1050,63
1048,68
1035,35
1012,65
969,48
953,6
923,11
911,8
908,24
894,84
887,73
893,03
908,37
909,54
928,04
926,84
924,33
925,6800000000001
913,65
907,24
921,8199999999999
918,51
916,77
930,03
936,36
936,36
940,12
949,59
927,87
931,1700000000001
933,21
924,6800000000001
914,31
918,49
952,09
981,2
1019,24
1024,58
1061,24
1096,65
1111,43
1106,58
1119,55
1112,3
1125,13
1122,55
1127,2
1108,3600000000001
1104,57
1134,82
1132,3899999999999
1140,87
1124,79
1095,35
1045,54
1049,3
1058,89
1060,07
1073,59
1117,02
1123,29
1109,02
1125,24
1122,9
1112,1399999999999
1097,28
1124,88
1130,8
1126,8899999999999
1137,32
1151,76
1157,6100000000001
1158,77
1151,97
1156,6100000000001
1159,99
1150,57
1122,28
1081,9
1076,91
1081,21
1072,76
1091,4
1139,35
1135,27
1117,74
1117,1399999999999
1135,32
1138,6
1133,8899999999999
1136,08
1126,8
1136,7
1133,85
1104,77
1080,69
1095,9
1116,95
1144,21
1146,03
1147,83
1101,73
1066,05
1045,62
1047,04
1037,05
1033,56
1055,4
1082,18
1104,71
1124,82
1114,01
1092,66
1076,48
1075,06
1103,37
1113,84
1114,2
1128,3600000000001
1124,46
1128,54
1139,74
1130,23
1097,34
1082,43
1049,88
1056,4
1069,84
1075,0
1021,88
1048,33
1109,73
1129,6
1117,49
1126,03
1139,13
1143,38
1154,5
1134,23
1143,16
1141,99
1131,73
1138,15
1146,15
1143,15
1111,01
981,1800000000001
966,85
981,0799999999999
946,97
945,24
942,65
943,6800000000001
940,25
935,45
958,89
956,03
948,9300000000001
953,46
958,7
946,05
930,71
935,48
933,39
925,6607
872,9245
689,5899999999999
685,37
690,72
825,53
850,4
852,4
815,6
803,1
810,98
808,66
819,42
817,02
821,1
818,1
816,76
814,7
813,48
811,62
806,52
792,62
797,42
814,0
822,86
841,82
892,5
985,38
1019,92
1019,3
1025,1
1014,2
976,76
964,16
969,28
964,04
973,76
1073,14
1151,6
1190,24
1237,16
1251,26
1268,04
1268,84
1274,04
1271,04
1272,1399999999999
1278,06
1251,48
1256,26
1269,76
1293,28
1288,3
1293,54
1308,44
1309,1399999999999
1289,24
1253,72
1258,34
1243,16
1240,86
1235,7
1249,2
1316,32
1307,22
1291,14
1279,6
1264,54
1263,32
1266,18
1268,3
1266,38
1241,04
1252,32
1281,6399999999999
1286,28
1272,8
1279,12
1279,36
1288,74
1284,44
1229,32
1208,62
1207,62
1189,28
1183,28
1199,92
1233,14
1235,28
1243,3600000000001
1233,58
1234,06
1237,82
1228,04
1244,12
1267,34
1269,06
1277,94
1309,58
1316,9
1321,6399999999999
1305,8
1245,74
1209,24
1239,98
1254,46
1229,52
1226,06
1231,58
1237,0
1239,52
1260,88
1279,56
1299,82
1307,1399999999999
1299,38
1338,66
1342,94
1334,74
1351,1399999999999
1345,0
1338,94
1337,6
1331,46
1358,1399999999999
1360,82
1337,68
1280,06
1267,4
1208,26
1185,08
1185,6
1175,4
1162,7
1173,98
1252,68
1264,88
1257,2
1256,78
1207,1399999999999
1221,34
1221,52
1213,48
1244,38
1238,62
1219,6
1233,8600000000001
1249,38
1242,08
1257,26
1301,0
1303,5
1310,7
1241,2
1178,9
1187,4
1184,2
1177,1
1176,6
1174,3
1236,7
1270,1
1277,7
1274,5
1251,7
1256,1
1278,3
1281,6
1290,4
1295,3
1299,3
1281,3
1284,6
1266,1
1259,3
1258,6
1290,3
1242,4
1197,8
1190,6
1196,7
1203,5
1225,8
1258,1
1267,6
1261,0
1248,7
1040,3
1045,1
1043,8
1073,0
1064,8
1051,0
1067,2
1063,2
1057,9
1046,6
1039,5
1054,4
1067,5
1053,1
1049,5
1028,5
1011,9
1000,3
994,9
1011,1
1036,5
1031,1
1045,8
1099,4
1117,6
1156,8
1156,2
1154,4
1142,7
939,2
1129,0
1142,8
1342,4
1223,5
1139,2
1097,1
1272,6
901,5
1059,2
1051,1
1046,9
1054,9
1053,4
1051,9
1078,7
1076,6
1048,54
1043,3
1032,45
1013,24
1005,98
995,5
960,02
972,26
1114,38
1273,92
1145,64
1039,6399999999999
1018,16
715,94
978,76
985,98
1005,04
995,13
990,53
998,92
989,33
988,62
1043,8
1040,1
1061,1
1114,48
1240,4
494,88000000000005
1334,7
1335,12
1431,46
1357,85
1374,85
1331,1
1415,65
1365,52
1250,19
1475,75
1337,37
1191,93
1248,85
1244,7
1237,96
1243,45
1254,86
1217,99
1189,08
1193,23
1180,04
1139,19
1443,8
1288,76
1288,08
1288,84
1310,7
1362,34
1214,45
1475,3899999999999
1328,04
1120,66
1303,35
1205,57
1274,8
1255,12
1210,03
1236,4
1239,45
1229,63
1215,82
1209,57
1235,15
1279,18
1292,79
1314,4
1290,92
1326,82
1291,41
1183,24
1279,01
1631,44
1310,22
1096,02
1312,16
1030,89
1342,96
1504,97
1272,18
1273,1
1205,02
1193,58
1194,66
1188,18
1184,65
1199,1100000000001
1213,13
1214,53
1235,73
1266,5
1279,92
1277,8899999999999
1265,99
1248,33
1209,3
1197,53
1218,4
1234,72
1320,33
1415,8600000000001
1214,73
993,24
1439,36
938,98
1194,83
1206,33
1222,4
1211,63
1215,22
1224,24
1233,34
1222,29
1217,49
1223,81
1229,2
1464,24
1237,82
1415,35
1300,82
1237,6399999999999
1238,3
1304,7
1305,6
1348,18
1107,08
1228,44
1179,63
975,29
1230,21
1234,39
1234,0
1233,65
1238,8
1235,14
1315,12
1346,35
1341,56
1325,7
1338,48
1343,17
1332,54
1324,13
1317,44
1361,16
1324,0
1333,76
1329,73
1307,53
1306,48
1135,85
1306,39
1380,64
1234,26
1246,35
1245,54
1244,14
1214,28
1216,86
1239,08
1400,22
1581,12
1292,7
1276,04
1257,72
1264,7
1105,48
1026,72
1287,34
1293,24
1088,1
1500,86
1354,36
1311,5
1317,48
1319,9
1292,0
1251,85
1237,2
1243,92
1247,23
1242,24
1236,14
1309,2
1312,07
1297,57
1293,81
1469,97
1496,38
1383,75
1329,08
1113,56
1304,32
833,3199999999999
1058,16
1239,78
1052,04
900,1
856,95
1029,74
905,69
988,59
961,19
956,7
962,63
958,46
964,83
980,1
1058,52
1063,26
1053,22
1058,83
1049,53
1067,42
1070,52
1054,42
779,8199999999999
950,4
1290,0
1117,1
1054,17
1050,25
1106,61
1360,26
1228,22
1182,66
1166,2
1174,73
1172,84
1172,16
1190,0
1240,41
1245,68
1249,52
1245,05
1246,72
1247,7
1243,68
1265,16
1259,88
1278,56
1302,04
1312,82
1306,48
1238,41
1199,14
1208,71
1199,68
1125,12
899,28
903,84
903,45
900,54
893,57
905,0699999999999
925,62
921,49
906,56
906,19
906,8
915,22
904,91
903,58
871,74
816,98
769,71
748,78
740,9300000000001
745,75
751,9200000000001
759,99
804,25
914,46
914,14
906,64
899,9
890,69
884,58
890,74
899,17
889,52
885,02
890,81
881,4
908,84
908,19
907,95
916,02
916,15
905,66
913,01
910,36
893,66
884,58
895,62
899,9300000000001
902,51
902,12
904,49
903,04
911,66
904,45
901,09
911,39
922,69
944,69
976,49
1028,9
1082,61
1051,32
1020,94
1012,72
1018,95
1038,75
1063,95
1076,15
1054,95
1021,64
1016,54
876,04
1129,92
998,9
1004,11
1000,04
1000,23
994,67
984,28
1001,9200000000001
968,85
916,44
871,38
872,1800000000001
877,88
901,04
918,84
756,46
918,71
732,54
803,38
1057,93
992,05
1076,44
929,61
739,9300000000001
1117,05
866,9300000000001
845,44
848,46
846,5
864,47
848,5799999999999
900,49
885,36
891,24
898,2
978,25
1120,41
1054,08
656,45
1138,4
744,5699999999999
922,14
922,48
776,11
1051,74
1054,19
760,62
1032,76
665,19
891,16
884,49
896,6700000000001
904,5
903,9100000000001
885,97
894,29
916,96
916,25
903,23
906,21
909,3299999999999
914,1700000000001
919,5699999999999
929,79
927,5799999999999
923,0799999999999
932,1700000000001
944,79
943,56
951,9300000000001
963,3199999999999
979,8299999999999
967,97
933,48
921,37
896,55
893,76
896,6700000000001
895,73
918,3399999999999
927,79
927,4
931,41
924,9
933,3299999999999
939,02
945,65
942,5799999999999
941,47
941,98
957,85
945,64
927,23
931,45
934,45
915,81
905,8399999999999
880,54
872,34
872,85
882,24
871,89
869,0699999999999
887,8
916,53
916,85
915,08
917,28
905,33
893,55
896,5699999999999
884,04
889,2236
893,8765000000001
908,52
930,9300000000001
928,8399999999999
924,3399999999999
914,26
922,9
923,8299999999999
908,75
898,78
885,3299999999999
887,4300000000001
899,63
903,1800000000001
892,47
888,38
908,4
925,65
926,1800000000001
935,94
951,0
970,26
959,28
943,24
930,1800000000001
931,6700000000001
939,98
938,67
936,22
929,6
938,04
918,38
861,02
865,9300000000001
874,29
874,41
875,73
873,28
904,5
888,0699999999999
876,0
886,6
897,37
919,0
919,4
925,8399999999999
931,55
933,4941
930,1475
719,53
718,36
722,85
709,38
717,41
770,44
891,45
925,4100000000001
894,6
918,49
929,35
916,29
906,15
911,56
924,19
910,98
941,14
952,0
958,79
943,97
943,95
914,8299999999999
915,0699999999999
951,96
958,0
958,8199999999999
964,65
934,11
926,89
919,77
915,01
0,0
0,0
0,0
0,0
0,0
0,0
0,0
0,0
0,0
0,0
0,0
0,0
0,0
0,0
0,0
0,0
0,0
0,0
0,0
0,0
0,0
0,0
0,0
