1140,0
1138,0
1136,0
1139,0
1050,0
956,0
923,0
992,0
1070,0
1144,0
1137,0
1139,0
1142,0
1142,0
980,0
1035,0
1131,0
945,0
1330,0
1132,0
1136,0
1140,0
1149,0
1351,0
1136,0
1133,0
0,0
0,0
0,0
0,0
0,0
1129,0
1132,0
1137,0
1137,0
1143,0
1139,0
1132,0
1132,0
1124,0
1121,0
1126,0
1123,0
1136,0
1134,0
1137,0
1136,0
1125,0
1120,0
1122,0
1128,0
1091,0
1129,0
1128,0
1128,0
1127,0
1126,0
1138,0
1177,0
1201,0
1205,0
1203,0
1200,0
1200,0
1158,0
986,0
988,0
995,0
993,0
994,0
1003,0
994,0
999,0
987,0
994,0
976,0
990,0
1039,0
1077,0
1101,0
1157,0
1214,0
1238,0
1237,0
1249,0
1239,0
1234,0
1222,0
1251,0
1253,0
1236,0
1226,0
1223,0
1234,0
1227,0
1213,0
1162,0
1138,0
1136,0
1153,0
1174,0
1219,0
1268,0
1357,0
1426,0
1441,0
1449,0
1466,0
1477,0
1484,0
1494,0
1498,0
1503,0
1518,0
1520,0
1501,0
1484,0
1450,0
1438,0
1438,0
1423,0
1409,0
1402,0
1392,0
1399,0
1402,0
1422,0
1422,0
1428,0
1463,0
1464,0
1469,0
1475,0
1488,0
1493,0
1490,0
1484,0
1485,0
1494,0
1486,0
1483,0
1480,0
1464,0
1449,0
1408,0
1398,0
1404,0
1393,0
1393,0
1392,0
1392,0
1393,0
1401,0
1399,0
1406,0
1393,0
1390,0
1367,0
1366,0
1367,0
1408,0
1429,0
1440,0
1540,0
1528,0
1439,0
1241,0
1412,0
1352,0
1345,0
1349,0
1345,0
1344,0
1358,0
1411,0
1487,0
1498,0
1506,0
1497,0
1282,0
1254,0
1630,0
1196,0
915,0
1676,0
1676,0
1545,0
1514,0
1581,0
1411,0
1339,0
1216,0
1405,0
1374,0
1369,0
1352,0
1350,0
1399,0
1432,0
1452,0
1487,0
1496,0
1500,0
1497,0
1502,0
1506,0
1500,0
1498,0
1488,0
1452,0
1447,0
1446,0
1419,0
1417,0
1423,0
1427,0
1396,0
1366,0
1346,0
1332,0
1320,0
1313,0
1264,0
1249,0
1285,0
1320,0
1317,0
1305,0
1327,0
1340,0
1389,0
1417,0
1435,0
1465,0
1490,0
1490,0
1473,0
1485,0
1491,0
1473,0
1419,0
1397,0
1367,0
1366,0
1370,0
1419,0
1479,0
1482,0
1464,0
1477,0
1491,0
1486,0
1483,0
1490,0
1497,0
1512,0
1518,0
1506,0
1494,0
1494,0
1479,0
1483,0
1446,0
1432,0
1401,0
1652,0
1488,0
1355,0
1357,0
1584,0
1459,0
1684,0
1693,0
1597,0
1497,0
1428,0
1660,0
1550,0
1330,0
1409,0
1183,0
1417,0
1381,0
1611,0
1327,0
1091,0
1153,0
1556,0
1395,0
1388,0
1366,0
1356,0
1355,0
1359,0
1434,0
1473,0
1479,0
1478,0
1469,0
1435,0
1461,0
1455,0
1487,0
1500,0
1508,0
1504,0
1511,0
1484,0
1462,0
1458,0
1463,0
1445,0
1430,0
1424,0
1411,0
1406,0
1406,0
1406,0
1448,0
1476,0
1503,0
1496,0
1509,0
1509,0
1495,0
1501,0
1499,0
1457,0
1404,0
1405,0
1430,0
1444,0
1454,0
1474,0
1463,0
1445,0
1399,0
1380,0
1373,0
1381,0
1387,0
1396,0
1466,0
1481,0
1479,0
1480,0
1484,0
1494,0
1502,0
1502,0
1497,0
1487,0
1462,0
1467,0
1497,0
1480,0
1466,0
1461,0
1484,0
1495,0
1469,0
1406,0
1368,0
1364,0
1365,0
1385,0
1407,0
1414,0
1449,0
1435,0
1438,0
1456,0
1448,0
1442,0
1446,0
1439,0
1459,0
1468,0
1478,0
1471,0
1476,0
1479,0
1475,0
1471,0
1426,0
1383,0
1375,0
1369,0
1375,0
1382,0
1399,0
1419,0
1438,0
1481,0
1484,0
1475,0
1466,0
1475,0
1480,0
1489,0
1484,0
1485,0
1498,0
1495,0
1496,0
1496,0
1502,0
1462,0
1427,0
1391,0
1376,0
1378,0
1381,0
1400,0
1465,0
1498,0
1456,0
1469,0
1504,0
1504,0
1501,0
1502,0
1498,0
1498,0
1510,0
1518,0
1515,0
1505,0
1507,0
1506,0
1509,0
1473,0
1482,0
1443,0
1436,0
1440,0
1450,0
1487,0
1505,0
1509,0
1498,0
1513,0
1523,0
1525,0
1508,0
1493,0
1503,0
1505,0
1506,0
1515,0
1506,0
1503,0
1501,0
1510,0
1496,0
1496,0
1486,0
1451,0
1423,0
1406,0
1407,0
1461,0
1485,0
1480,0
1479,0
1493,0
1514,0
1511,0
1519,0
1515,0
1520,0
1516,0
1505,0
1519,0
1524,0
1517,0
1496,0
1482,0
1509,0
1478,0
1458,0
1428,0
1409,0
1385,0
1388,0
1410,0
1482,0
1503,0
1485,0
1484,0
1506,0
1492,0
1311,0
1472,0
1500,0
1502,0
1479,0
1475,0
1498,0
1497,0
1468,0
1453,0
1462,0
1428,0
1404,0
1401,0
1382,0
1372,0
1379,0
1406,0
1481,0
1489,0
1505,0
1521,0
1499,0
1492,0
1488,0
1497,0
1510,0
1520,0
1511,0
1503,0
1480,0
1483,0
1477,0
1434,0
1380,0
1370,0
1364,0
1358,0
1367,0
1358,0
1357,0
1366,0
1363,0
1373,0
1367,0
1393,0
1400,0
1387,0
1372,0
1374,0
1389,0
1385,0
1376,0
1396,0
1384,0
1368,0
1373,0
1356,0
1364,0
1371,0
1365,0
1356,0
1357,0
1350,0
1356,0
1360,0
1359,0
1363,0
1363,0
1366,0
1364,0
1384,0
1398,0
1435,0
1446,0
1438,0
1434,0
1450,0
1459,0
1417,0
1363,0
1372,0
1356,0
1350,0
1350,0
1352,0
1347,0
1350,0
1355,0
1365,0
1374,0
1373,0
1390,0
1448,0
1440,0
1437,0
1476,0
1468,0
1484,0
1469,0
1482,0
1497,0
1486,0
1454,0
1465,0
1479,0
1392,0
1375,0
1374,0
1367,0
1371,0
1404,0
1408,0
1429,0
1472,0
1495,0
1501,0
1498,0
1493,0
1496,0
1499,0
1492,0
1505,0
1515,0
1484,0
1485,0
1487,0
1477,0
1500,0
1492,0
1471,0
1387,0
1295,0
1288,0
1295,0
1333,0
1418,0
1443,0
1459,0
1492,0
1490,0
1489,0
1493,0
1474,0
1478,0
1476,0
1503,0
1504,0
1498,0
1515,0
1506,0
1513,0
1512,0
1506,0
1501,0
1494,0
1475,0
1449,0
1448,0
1462,0
1388,0
1336,0
1332,0
1405,0
1483,0
1509,0
1508,0
1509,0
1513,0
1498,0
1510,0
1512,0
1510,0
1510,0
1515,0
1518,0
1520,0
1532,0
1532,0
1513,0
1477,0
1433,0
1450,0
1463,0
1468,0
1480,0
1483,0
1507,0
1495,0
1478,0
1485,0
1493,0
1495,0
1495,0
1526,0
1516,0
1512,0
1523,0
1527,0
1502,0
1512,0
1526,0
1496,0
1457,0
1319,0
1269,0
1228,0
1236,0
1264,0
1294,0
1322,0
1317,0
1311,0
1319,0
1328,0
1313,0
1301,0
1314,0
1313,0
1326,0
1323,0
1336,0
1344,0
1342,0
1333,0
1296,0
1253,0
1239,0
1245,0
1238,0
1242,0
1238,0
1240,0
1237,0
1254,0
1244,0
1274,0
1289,0
1299,0
1303,0
1316,0
1330,0
1342,0
1339,0
1328,0
1329,0
1332,0
1332,0
1329,0
1332,0
1339,0
1345,0
1345,0
1337,0
1326,0
1319,0
1318,0
1343,0
1384,0
1412,0
1420,0
1411,0
1400,0
1381,0
1383,0
1389,0
1399,0
1407,0
1413,0
1398,0
1409,0
1420,0
1410,0
1379,0
1372,0
1374,0
1365,0
1349,0
1348,0
1351,0
1339,0
1354,0
1399,0
1416,0
1538,0
1448,0
1389,0
1370,0
1423,0
1462,0
1421,0
1179,0
1440,0
1240,0
1263,0
1131,0
1454,0
1494,0
1673,0
1572,0
1394,0
1381,0
1372,0
1360,0
1363,0
1374,0
1408,0
1383,0
1403,0
1419,0
1410,0
1398,0
1405,0
1654,0
1577,0
1470,0
1546,0
1440,0
1642,0
1299,0
1380,0
1338,0
1287,0
1077,0
1346,0
1337,0
1339,0
1333,0
1333,0
1344,0
1366,0
1398,0
1397,0
1414,0
1212,0
1210,0
1215,0
1210,0
1197,0
1201,0
1207,0
1224,0
1227,0
1216,0
1202,0
1199,0
1208,0
1192,0
1153,0
1133,0
1142,0
1150,0
1152,0
1161,0
1185,0
1197,0
1202,0
1208,0
1202,0
1196,0
1192,0
1189,0
1326,0
1398,0
1425,0
1426,0
1434,0
1433,0
1430,0
1433,0
1429,0
1409,0
1307,0
1265,0
1252,0
1242,0
1236,0
1246,0
1268,0
1308,0
1317,0
1325,0
1319,0
1316,0
1317,0
1312,0
1319,0
1322,0
1320,0
1310,0
1308,0
1305,0
1310,0
1289,0
1260,0
1244,0
1232,0
1244,0
1254,0
1247,0
1249,0
1262,0
1278,0
1265,0
1269,0
1272,0
1301,0
1327,0
1323,0
1328,0
1321,0
1333,0
1326,0
1326,0
1325,0
1323,0
1315,0
1269,0
1219,0
1207,0
1191,0
1194,0
1197,0
1196,0
1210,0
1231,0
1258,0
1279,0
1309,0
1320,0
1325,0
1310,0
1284,0
1309,0
1303,0
1323,0
1304,0
1290,0
1280,0
1277,0
1269,0
1235,0
1235,0
1236,0
1231,0
1236,0
1231,0
1233,0
1233,0
1228,0
1230,0
1230,0
1220,0
1242,0
1227,0
1213,0
1206,0
1226,0
1240,0
1200,0
1197,0
1225,0
1244,0
1221,0
1232,0
1221,0
1181,0
1151,0
1146,0
1137,0
1139,0
1142,0
1142,0
1138,0
1135,0
1145,0
1163,0
1163,0
1145,0
1137,0
1132,0
1157,0
1182,0
1162,0
1150,0
1167,0
1179,0
1152,0
1138,0
1132,0
1122,0
1134,0
1163,0
1200,0
1065,0
1013,0
1017,0
1092,0
1258,0
1207,0
1122,0
1088,0
1101,0
955,0
1113,0
1195,0
1026,0
918,0
1122,0
1165,0
1092,0
1011,0
1075,0
907,0
916,0
1069,0
1066,0
1060,0
1070,0
1056,0
1067,0
1068,0
1069,0
1093,0
1109,0
932,0
1054,0
0,0
938,0
898,0
919,0
940,0
932,0
929,0
977,0
1031,0
1055,0
1070,0
1116,0
1190,0
1059,0
1077,0
1080,0
1080,0
1079,0
1091,0
1145,0
1149,0
1166,0
1184,0
1213,0
1219,0
1225,0
1223,0
1214,0
1229,0
1229,0
1227,0
1217,0
1217,0
1217,0
1233,0
1220,0
1186,0
1158,0
1160,0
1177,0
1183,0
1186,0
1184,0
1211,0
1205,0
1210,0
1218,0
1215,0
1210,0
1201,0
1207,0
1212,0
1193,0
1196,0
1187,0
1191,0
1191,0
1185,0
1199,0
1198,0
1193,0
1184,0
1184,0
1189,0
1181,0
1196,0
1302,0
1336,0
1364,0
1368,0
1370,0
1412,0
1415,0
1409,0
0,0
1313,0
1050,0
1095,0
1341,0
1357,0
1353,0
1357,0
1359,0
1361,0
1357,0
1304,0
1247,0
1130,0
1177,0
1197,0
1216,0
1134,0
1177,0
1210,0
1231,0
1219,0
1210,0
1226,0
1225,0
1219,0
1305,0
1418,0
1425,0
1382,0
1423,0
1422,0
1422,0
1428,0
1425,0
1370,0
1325,0
1313,0
1320,0
1319,0
1314,0
1396,0
1427,0
1426,0
1432,0
1424,0
1421,0
1438,0
1422,0
1422,0
1436,0
1470,0
1615,0
1405,0
1402,0
1406,0
946,0
1460,0
1521,0
1327,0
1306,0
1309,0
1297,0
1308,0
1374,0
1404,0
1425,0
1433,0
1430,0
1424,0
1435,0
1429,0
1416,0
1290,0
1404,0
1135,0
1222,0
1404,0
1551,0
1524,0
1598,0
1539,0
1538,0
1389,0
1398,0
1406,0
1397,0
1393,0
1417,0
1437,0
1442,0
1438,0
1474,0
1508,0
1237,0
1435,0
1438,0
1568,0
1471,0
1220,0
1342,0
1417,0
1507,0
1503,0
1414,0
1417,0
1411,0
1407,0
1364,0
1350,0
1348,0
1345,0
1359,0
1407,0
1402,0
1438,0
1442,0
1441,0
1439,0
1428,0
1436,0
1436,0
1428,0
1424,0
1424,0
1429,0
1429,0
1436,0
1430,0
1446,0
1436,0
1417,0
1387,0
1331,0
1343,0
1349,0
1352,0
1391,0
1416,0
1418,0
1428,0
1424,0
1427,0
1422,0
1416,0
1406,0
1391,0
1389,0
1392,0
1416,0
1431,0
1442,0
1429,0
1428,0
1424,0
1381,0
1335,0
1329,0
1329,0
1326,0
1357,0
1404,0
1413,0
1409,0
1413,0
1415,0
1230,0
1165,0
1409,0
1402,0
1405,0
1424,0
1436,0
1439,0
1435,0
1441,0
1428,0
1429,0
1425,0
1267,0
1344,0
1339,0
1337,0
1341,0
1388,0
1422,0
1432,0
1426,0
1525,0
1433,0
1434,0
1438,0
1206,0
1371,0
1335,0
1498,0
1400,0
1403,0
1562,0
1475,0
1427,0
1224,0
1322,0
1501,0
1338,0
1337,0
1340,0
1610,0
1393,0
1594,0
1553,0
1361,0
1109,0
46,0
1035,0
1014,0
894,0
1198,0
1315,0
949,0
1062,0
717,0
1068,0
1157,0
957,0
1153,0
1203,0
1254,0
1056,0
1143,0
1141,0
1260,0
1125,0
1148,0
1244,0
1245,0
1239,0
1435,0
1424,0
1380,0
1266,0
1280,0
1214,0
1464,0
1405,0
1262,0
1200,0
1217,0
1316,0
935,0
1233,0
1523,0
1540,0
1510,0
1524,0
1484,0
1546,0
1648,0
1618,0
1807,0
1571,0
1452,0
1171,0
1492,0
1213,0
1228,0
1144,0
1423,0
1332,0
1233,0
1024,0
1497,0
1358,0
1447,0
1182,0
1335,0
1289,0
1261,0
1251,0
1247,0
1273,0
1295,0
1308,0
1300,0
1291,0
1261,0
1299,0
1272,0
1270,0
1257,0
1300,0
1329,0
1340,0
1344,0
1342,0
1342,0
1314,0
1286,0
1268,0
1254,0
1250,0
1223,0
1214,0
1228,0
1240,0
1278,0
1296,0
1290,0
1322,0
1324,0
1340,0
1322,0
1339,0
1321,0
1306,0
1299,0
1325,0
1324,0
1343,0
1350,0
1356,0
1317,0
1317,0
1319,0
1316,0
1315,0
1302,0
1298,0
1307,0
1311,0
1301,0
1310,0
1318,0
1318,0
1312,0
1325,0
1323,0
1325,0
1316,0
1309,0
1327,0
1325,0
1320,0
1319,0
1245,0
1173,0
1171,0
1158,0
1254,0
1260,0
1148,0
1191,0
1368,0
1339,0
1204,0
1270,0
1591,0
1260,0
1100,0
1283,0
1484,0
1087,0
1085,0
1358,0
1192,0
1179,0
1135,0
1232,0
1325,0
1119,0
1135,0
1190,0
1205,0
1196,0
1197,0
1208,0
1200,0
1204,0
1197,0
1197,0
1195,0
1198,0
1190,0
1182,0
1193,0
1204,0
954,0
891,0
1150,0
1168,0
1195,0
1206,0
1201,0
1198,0
1206,0
1205,0
1229,0
1205,0
1243,0
1283,0
1302,0
1344,0
1343,0
1341,0
1380,0
1370,0
1363,0
1340,0
1334,0
1332,0
1330,0
1358,0
1366,0
1366,0
1356,0
1357,0
1358,0
1376,0
1361,0
1407,0
1347,0
1325,0
1376,0
1525,0
1416,0
1375,0
1370,0
1373,0
1450,0
1651,0
1159,0
1326,0
1391,0
1051,0
1363,0
1477,0
1186,0
1094,0
1079,0
845,0
889,0
1057,0
905,0
1010,0
984,0
968,0
959,0
952,0
973,0
998,0
1018,0
1033,0
1040,0
1041,0
1040,0
1021,0
1009,0
1005,0
1009,0
1028,0
1037,0
1055,0
1070,0
1057,0
1064,0
1055,0
1050,0
976,0
962,0
970,0
990,0
997,0
987,0
990,0
1036,0
1058,0
1063,0
1065,0
1066,0
1069,0
1058,0
1065,0
1061,0
1056,0
1054,0
1053,0
1060,0
1046,0
1044,0
1047,0
1037,0
988,0
975,0
978,0
972,0
987,0
1036,0
1062,0
1060,0
1062,0
1055,0
992,0
941,0
924,0
877,0
1061,0
1006,0
1073,0
1061,0
1049,0
1057,0
1047,0
1065,0
1079,0
1071,0
1057,0
1013,0
992,0
999,0
1001,0
1016,0
1074,0
1062,0
1060,0
952,0
1043,0
1004,0
775,0
912,0
1041,0
1053,0
1045,0
1059,0
1076,0
1069,0
1081,0
1077,0
1065,0
1060,0
1061,0
1030,0
973,0
968,0
985,0
1025,0
1069,0
1059,0
1049,0
1048,0
1053,0
1053,0
1040,0
1039,0
1022,0
1033,0
1042,0
1049,0
1060,0
1060,0
1048,0
1043,0
1039,0
1034,0
924,0
881,0
873,0
862,0
864,0
0,0
938,0
946,0
939,0
1149,0
947,0
954,0
956,0
952,0
948,0
954,0
950,0
957,0
964,0
963,0
958,0
948,0
957,0
756,0
1207,0
1088,0
985,0
934,0
942,0
948,0
1096,0
991,0
937,0
944,0
948,0
954,0
959,0
744,0
914,0
1015,0
741,0
961,0
923,0
964,0
887,0
962,0
646,0
1195,0
921,0
890,0
882,0
885,0
912,0
928,0
932,0
936,0
929,0
921,0
925,0
925,0
920,0
922,0
922,0
914,0
917,0
930,0
945,0
945,0
955,0
929,0
930,0
936,0
922,0
880,0
880,0
874,0
880,0
881,0
891,0
910,0
933,0
950,0
949,0
950,0
941,0
947,0
832,0
565,0
721,0
749,0
748,0
745,0
720,0
928,0
568,0
573,0
575,0
557,0
585,0
567,0
562,0
570,0
567,0
708,0
891,0
971,0
1046,0
970,0
1222,0
1399,0
1026,0
741,0
952,0
750,0
730,0
923,0
1061,0
679,0
655,0
787,0
937,0
913,0
1023,0
929,0
981,0
1020,0
1036,0
943,0
855,0
938,0
927,0
949,0
976,0
869,0
950,0
852,0
941,0
1147,0
940,0
750,0
936,0
778,0
557,0
943,0
778,0
820,0
634,0
0,0
642,0
680,0
723,0
719,0
770,0
840,0
882,0
717,0
732,0
571,0
885,0
530,0
738,0
546,0
589,0
645,0
865,0
896,0
580,0
748,0
739,0
790,0
783,0
693,0
701,0
734,0
753,0
743,0
751,0
736,0
744,0
685,0
745,0
746,0
732,0
723,0
819,0
1016,0
980,0
1050,0
1080,0
1099,0
1100,0
743,0
1118,0
1237,0
1410,0
1160,0
1163,0
1197,0
1225,0
1480,0
201,0
1229,0
1327,0
1319,0
1210,0
1216,0
1219,0
810,0
1212,0
1062,0
1027,0
1161,0
1142,0
1265,0
996,0
1207,0
1198,0
1182,0
1165,0
1169,0
1172,0
1177,0
1198,0
1201,0
1195,0
1205,0
1204,0
1210,0
1210,0
1208,0
1210,0
1201,0
1188,0
1196,0
1204,0
1204,0
1198,0
1216,0
1224,0
1219,0
1163,0
1168,0
1170,0
1156,0
1150,0
1157,0
1191,0
1197,0
1159,0
1223,0
1216,0
1200,0
1210,0
1218,0
952,0
1220,0
1213,0
1215,0
1219,0
1212,0
1216,0
1222,0
1215,0
1173,0
1163,0
1153,0
1148,0
1138,0
1140,0
1144,0
1188,0
1199,0
1201,0
1195,0
1192,0
1192,0
1196,0
1177,0
1168,0
1191,0
1191,0
1190,0
1190,0
1176,0
1187,0
1201,0
1195,0
1185,0
1389,0
1221,0
1354,0
1147,0
1118,0
1171,0
1177,0
1186,0
1147,0
1200,0
1521,0
1325,0
1026,0
1293,0
1375,0
885,0
895,0
1333,0
1353,0
922,0
927,0
1023,0
1493,0
1615,0
1219,0
1203,0
1219,0
1217,0
1222,0
1217,0
1266,0
1270,0
1464,0
1272,0
1271,0
1286,0
1280,0
1282,0
0,0
1273,0
1281,0
1297,0
1297,0
1291,0
1297,0
1273,0
1272,0
1073,0
1259,0
1257,0
1241,0
1229,0
1252,0
1291,0
1304,0
1283,0
1365,0
1370,0
1279,0
1389,0
1381,0
1268,0
1279,0
1291,0
1296,0
1101,0
1082,0
1300,0
1130,0
1286,0
1359,0
1366,0
1274,0
1259,0
1255,0
1248,0
1267,0
1259,0
1274,0
1252,0
1259,0
1272,0
1283,0
1249,0
1073,0
1288,0
1284,0
1283,0
1220,0
1101,0
1181,0
1149,0
1143,0
1065,0
1050,0
1199,0
1063,0
1043,0
998,0
988,0
997,0
1034,0
1107,0
1140,0
1202,0
1222,0
1279,0
1288,0
1290,0
1273,0
1283,0
1287,0
1248,0
1205,0
1211,0
1145,0
1212,0
1232,0
1229,0
1227,0
1221,0
0,0
0,0
527,0
301,0
305,0
315,0
316,0
315,0
315,0
313,0
312,0
311,0
312,0
311,0
314,0
325,0
319,0
323,0
322,0
323,0
323,0
299,0
323,0
323,0
317,0
319,0
319,0
324,0
339,0
341,0
342,0
1374,0
1381,0
1386,0
0,0
1395,0
1378,0
1362,0
1391,0
1284,0
1405,0
1389,0
1348,0
1338,0
1347,0
1354,0
1331,0
1307,0
0,0
1297,0
1299,0
1291,0
1297,0
1303,0
1348,0
1360,0
1364,0
1366,0
1369,0
1362,0
1312,0
1339,0
1473,0
1403,0
1354,0
1357,0
1367,0
1206,0
0,0
1259,0
1538,0
1336,0
1331,0
1333,0
1337,0
1325,0
1345,0
1352,0
1370,0
1367,0
1375,0
1374,0
1346,0
1285,0
1221,0
1495,0
1355,0
1531,0
1351,0
1360,0
1391,0
1515,0
1163,0
1094,0
1274,0
1133,0
1136,0
1147,0
1147,0
1148,0
1134,0
1144,0
1158,0
1160,0
1158,0
1140,0
1270,0
1203,0
949,0
1161,0
1155,0
890,0
1162,0
1464,0
1350,0
1157,0
992,0
1021,0
1293,0
1146,0
1141,0
1138,0
1127,0
1124,0
1120,0
1129,0
1145,0
1144,0
1136,0
1135,0
1128,0
1122,0
1126,0
1132,0
922,0
1138,0
969,0
1138,0
1193,0
1419,0
1377,0
1141,0
1007,0
918,0
912,0
903,0
896,0
891,0
916,0
950,0
948,0
950,0
949,0
953,0
959,0
958,0
967,0
957,0
948,0
945,0
948,0
943,0
936,0
942,0
943,0
933,0
898,0
774,0
774,0
768,0
767,0
754,0
745,0
772,0
768,0
773,0
777,0
786,0
799,0
795,0
793,0
595,0
782,0
774,0
773,0
767,0
756,0
758,0
854,0
855,0
770,0
767,0
759,0
761,0
769,0
767,0
757,0
767,0
765,0
764,0
770,0
782,0
788,0
797,0
776,0
757,0
762,0
808,0
756,0
760,0
778,0
784,0
518,0
999,0
849,0
779,0
775,0
0,0
785,0
788,0
776,0
783,0
779,0
775,0
776,0
778,0
779,0
618,0
797,0
708,0
788,0
792,0
817,0
862,0
794,0
793,0
802,0
801,0
797,0
789,0
783,0
790,0
784,0
779,0
784,0
790,0
780,0
984,0
838,0
854,0
855,0
887,0
984,0
917,0
929,0
948,0
941,0
751,0
951,0
880,0
969,0
710,0
1258,0
972,0
952,0
0,0
918,0
931,0
966,0
968,0
963,0
992,0
991,0
985,0
987,0
970,0
1077,0
1033,0
1039,0
1122,0
1063,0
1073,0
1110,0
1043,0
869,0
891,0
1293,0
1044,0
970,0
0,0
988,0
989,0
983,0
977,0
968,0
998,0
1041,0
1069,0
1070,0
1067,0
1057,0
1071,0
1081,0
1083,0
1081,0
1079,0
1065,0
1054,0
1054,0
1052,0
1032,0
1025,0
1012,0
1011,0
1013,0
1015,0
1031,0
1049,0
1054,0
1066,0
1061,0
1053,0
1050,0
1047,0
1064,0
1059,0
1047,0
1045,0
1042,0
1035,0
1043,0
1058,0
1065,0
1056,0
982,0
877,0
865,0
848,0
837,0
832,0
838,0
849,0
849,0
863,0
903,0
913,0
919,0
921,0
917,0
914,0
899,0
900,0
899,0
905,0
908,0
924,0
935,0
937,0
917,0
921,0
890,0
864,0
854,0
848,0
860,0
907,0
912,0
910,0
907,0
893,0
892,0
897,0
896,0
897,0
898,0
903,0
908,0
920,0
939,0
937,0
925,0
925,0
917,0
919,0
933,0
0,0
903,0
911,0
912,0
910,0
909,0
906,0
1040,0
978,0
910,0
917,0
915,0
968,0
909,0
908,0
636,0
709,0
904,0
1128,0
901,0
919,0
912,0
906,0
885,0
856,0
854,0
867,0
873,0
891,0
998,0
517,0
1045,0
902,0
903,0
908,0
916,0
920,0
1142,0
859,0
711,0
898,0
627,0
711,0
898,0
624,0
1190,0
912,0
906,0
0,0
877,0
882,0
905,0
924,0
928,0
976,0
1037,0
1071,0
1283,0
1153,0
1070,0
1074,0
1068,0
1077,0
1090,0
990,0
1123,0
1018,0
990,0
801,0
1144,0
1044,0
1048,0
1048,0
1048,0
1041,0
1036,0
1023,0
1007,0
1031,0
1075,0
1067,0
1017,0
1053,0
915,0
996,0
1071,0
1136,0
963,0
703,0
923,0
1033,0
952,0
1096,0
983,0
1044,0
1043,0
1052,0
1058,0
1057,0
1042,0
1041,0
1047,0
1055,0
1057,0
1060,0
1059,0
1056,0
1052,0
1060,0
1067,0
1068,0
1063,0
1083,0
1078,0
1060,0
1064,0
1058,0
1036,0
976,0
980,0
977,0
983,0
981,0
975,0
969,0
959,0
953,0
955,0
958,0
964,0
979,0
941,0
989,0
989,0
985,0
983,0
959,0
986,0
987,0
992,0
993,0
1001,0
998,0
989,0
977,0
968,0
973,0
989,0
990,0
989,0
989,0
996,0
964,0
987,0
998,0
1003,0
998,0
989,0
0,0
999,0
987,0
997,0
1016,0
1017,0
1011,0
997,0
985,0
991,0
996,0
984,0
980,0
971,0
972,0
977,0
978,0
992,0
828,0
824,0
820,0
820,0
824,0
820,0
875,0
962,0
927,0
978,0
971,0
886,0
931,0
977,0
977,0
975,0
965,0
960,0
961,0
965,0
978,0
738,0
983,0
978,0
988,0
982,0
981,0
959,0
982,0
972,0
980,0
990,0
991,0
994,0
993,0
994,0
994,0
998,0
1002,0
999,0
970,0
965,0
957,0
954,0
963,0
975,0
970,0
966,0
949,0
1031,0
1218,0
1014,0
967,0
961,0
820,0
978,0
850,0
1039,0
1205,0
729,0
823,0
955,0
956,0
948,0
963,0
965,0
972,0
974,0
977,0
972,0
966,0
975,0
974,0
941,0
896,0
711,0
701,0
827,0
831,0
912,0
866,0
756,0
640,0
1060,0
777,0
882,0
879,0
877,0
862,0
856,0
857,0
882,0
883,0
869,0
891,0
913,0
906,0
888,0
877,0
878,0
875,0
878,0
876,0
880,0
882,0
890,0
892,0
614,0
501,0
502,0
488,0
480,0
481,0
491,0
481,0
470,0
475,0
490,0
493,0
492,0
757,0
862,0
859,0
879,0
873,0
833,0
832,0
855,0
861,0
860,0
869,0
873,0
878,0
858,0
862,0
854,0
838,0
833,0
827,0
837,0
842,0
843,0
849,0
805,0
810,0
829,0
838,0
840,0
863,0
758,0
851,0
856,0
851,0
855,0
855,0
858,0
863,0
867,0
859,0
857,0
0,0
871,0
881,0
907,0
910,0
910,0
987,0
1010,0
913,0
881,0
909,0
913,0
921,0
914,0
910,0
913,0
916,0
827,0
912,0
777,0
984,0
956,0
932,0
912,0
907,0
906,0
906,0
906,0
922,0
948,0
983,0
915,0
556,0
138,0
805,0
963,0
1063,0
908,0
823,0
1003,0
913,0
905,0
903,0
876,0
1063,0
430,0
909,0
840,0
893,0
891,0
898,0
895,0
914,0
997,0
893,0
919,0
981,0
895,0
899,0
821,0
829,0
857,0
987,0
957,0
927,0
842,0
917,0
923,0
915,0
909,0
910,0
891,0
892,0
889,0
876,0
879,0
881,0
902,0
901,0
913,0
913,0
911,0
907,0
922,0
921,0
1065,0
729,0
906,0
907,0
1250,0
1038,0
734,0
934,0
678,0
872,0
840,0
817,0
824,0
827,0
845,0
847,0
869,0
882,0
876,0
880,0
872,0
878,0
880,0
867,0
878,0
883,0
887,0
889,0
882,0
865,0
839,0
834,0
822,0
823,0
821,0
827,0
823,0
822,0
827,0
828,0
823,0
828,0
832,0
829,0
820,0
803,0
806,0
809,0
811,0
810,0
832,0
870,0
874,0
875,0
876,0
852,0
824,0
794,0
779,0
783,0
783,0
781,0
775,0
774,0
780,0
796,0
868,0
989,0
782,0
781,0
775,0
781,0
789,0
787,0
526,0
805,0
815,0
809,0
805,0
808,0
793,0
787,0
795,0
793,0
795,0
803,0
804,0
824,0
831,0
834,0
833,0
829,0
819,0
819,0
819,0
829,0
814,0
805,0
810,0
820,0
275,0
816,0
826,0
544,0
793,0
780,0
788,0
0,0
795,0
790,0
789,0
796,0
821,0
818,0
826,0
829,0
829,0
831,0
845,0
643,0
864,0
678,0
1003,0
977,0
1103,0
748,0
846,0
663,0
869,0
821,0
833,0
819,0
816,0
816,0
813,0
827,0
824,0
836,0
1043,0
887,0
973,0
927,0
830,0
839,0
757,0
852,0
689,0
802,0
827,0
828,0
840,0
672,0
836,0
841,0
843,0
0,0
844,0
823,0
821,0
821,0
809,0
803,0
798,0
797,0
789,0
789,0
797,0
787,0
807,0
859,0
804,0
867,0
816,0
790,0
700,0
806,0
704,0
797,0
800,0
793,0
799,0
798,0
800,0
803,0
800,0
807,0
812,0
796,0
803,0
805,0
810,0
812,0
801,0
801,0
804,0
800,0
794,0
789,0
796,0
804,0
803,0
804,0
801,0
797,0
806,0
801,0
787,0
775,0
777,0
774,0
785,0
799,0
802,0
820,0
814,0
797,0
779,0
799,0
825,0
828,0
832,0
837,0
838,0
850,0
856,0
861,0
854,0
852,0
835,0
809,0
791,0
835,0
848,0
854,0
809,0
809,0
814,0
813,0
775,0
758,0
825,0
849,0
851,0
854,0
851,0
850,0
856,0
859,0
851,0
0,0
849,0
0,0
809,0
816,0
837,0
864,0
860,0
852,0
848,0
850,0
837,0
838,0
832,0
819,0
542,0
620,0
800,0
670,0
990,0
874,0
874,0
946,0
942,0
799,0
782,0
0,0
746,0
594,0
605,0
620,0
638,0
641,0
642,0
636,0
630,0
621,0
721,0
627,0
626,0
625,0
529,0
763,0
625,0
532,0
354,0
744,0
739,0
620,0
622,0
613,0
592,0
597,0
623,0
627,0
628,0
625,0
626,0
622,0
631,0
632,0
631,0
632,0
631,0
626,0
631,0
634,0
635,0
635,0
639,0
635,0
633,0
632,0
632,0
0,0
629,0
621,0
619,0
621,0
618,0
712,0
803,0
807,0
807,0
834,0
744,0
635,0
683,0
683,0
639,0
638,0
637,0
640,0
643,0
553,0
643,0
641,0
619,0
613,0
609,0
688,0
827,0
832,0
855,0
853,0
853,0
847,0
852,0
851,0
858,0
862,0
853,0
859,0
857,0
859,0
867,0
865,0
865,0
871,0
854,0
770,0
773,0
774,0
777,0
779,0
776,0
779,0
774,0
773,0
774,0
773,0
773,0
775,0
774,0
778,0
764,0
755,0
754,0
758,0
754,0
743,0
741,0
754,0
771,0
772,0
759,0
758,0
761,0
770,0
771,0
763,0
755,0
759,0
761,0
759,0
766,0
764,0
766,0
764,0
765,0
764,0
774,0
778,0
0,0
0,0
0,0
0,0
0,0
767,0
806,0
0,0
773,0
783,0
881,0
889,0
908,0
923,0
925,0
923,0
919,0
921,0
935,0
947,0
961,0
954,0
971,0
987,0
1019,0
0,0
1059,0
958,0
957,0
943,0
945,0
0,0
956,0
1002,0
1015,0
1017,0
1029,0
1027,0
1035,0
934,0
1007,0
992,0
991,0
1001,0
1002,0
1003,0
1025,0
1031,0
1049,0
1078,0
1133,0
1178,0
1195,0
1150,0
1049,0
1058,0
1061,0
1044,0
1038,0
1039,0
1041,0
1037,0
1202,0
1039,0
1036,0
1041,0
1092,0
1106,0
1055,0
1029,0
1029,0
1027,0
1024,0
1021,0
1160,0
1211,0
1000,0
1194,0
1202,0
0,0
1270,0
1274,0
1312,0
1336,0
1351,0
1375,0
1398,0
1421,0
1443,0
1451,0
1454,0
1454,0
1431,0
1241,0
1358,0
1444,0
1636,0
1496,0
1425,0
1420,0
1343,0
1164,0
1128,0
1105,0
1100,0
1077,0
1112,0
1128,0
1161,0
1171,0
1169,0
1165,0
1160,0
1164,0
1154,0
1111,0
1103,0
1127,0
1145,0
1153,0
1158,0
1151,0
1161,0
1158,0
1158,0
947,0
923,0
904,0
906,0
913,0
913,0
916,0
947,0
941,0
934,0
928,0
912,0
909,0
912,0
910,0
926,0
936,0
938,0
943,0
941,0
949,0
952,0
952,0
951,0
943,0
907,0
899,0
898,0
899,0
900,0
938,0
955,0
952,0
956,0
974,0
746,0
961,0
965,0
969,0
968,0
964,0
957,0
956,0
965,0
971,0
963,0
954,0
928,0
923,0
910,0
0,0
906,0
912,0
907,0
938,0
977,0
959,0
956,0
962,0
965,0
968,0
962,0
955,0
962,0
963,0
977,0
971,0
979,0
979,0
986,0
985,0
980,0
955,0
923,0
0,0
884,0
887,0
899,0
962,0
969,0
964,0
965,0
958,0
958,0
965,0
975,0
963,0
963,0
959,0
960,0
966,0
972,0
979,0
983,0
979,0
979,0
961,0
955,0
0,0
925,0
930,0
957,0
977,0
975,0
974,0
976,0
971,0
972,0
968,0
966,0
969,0
965,0
956,0
963,0
956,0
962,0
953,0
969,0
975,0
975,0
972,0
933,0
930,0
903,0
903,0
910,0
976,0
973,0
969,0
972,0
976,0
974,0
967,0
966,0
968,0
970,0
968,0
957,0
967,0
962,0
972,0
963,0
987,0
983,0
983,0
968,0
946,0
922,0
927,0
954,0
964,0
986,0
986,0
986,0
985,0
985,0
985,0
985,0
983,0
986,0
986,0
986,0
985,0
981,0
983,0
983,0
985,0
983,0
979,0
947,0
918,0
919,0
921,0
923,0
919,0
949,0
980,0
985,0
983,0
984,0
959,0
962,0
962,0
965,0
965,0
984,0
980,0
980,0
980,0
982,0
982,0
975,0
964,0
929,0
917,0
915,0
919,0
918,0
954,0
990,0
981,0
964,0
816,0
816,0
811,0
819,0
820,0
820,0
819,0
823,0
826,0
825,0
826,0
824,0
840,0
847,0
850,0
849,0
849,0
885,0
898,0
906,0
920,0
950,0
1001,0
1049,0
1053,0
1059,0
1059,0
1053,0
1062,0
1064,0
1063,0
1064,0
1062,0
1060,0
1054,0
1054,0
1057,0
1058,0
1056,0
1059,0
1059,0
1060,0
1061,0
1061,0
1063,0
1056,0
1050,0
1055,0
1048,0
1049,0
1049,0
1048,0
1053,0
1055,0
1049,0
1049,0
1049,0
1045,0
1052,0
1050,0
1053,0
1059,0
1055,0
1051,0
1042,0
1044,0
1054,0
1055,0
1065,0
1061,0
1056,0
1052,0
1050,0
1053,0
1049,0
1053,0
1055,0
1030,0
1034,0
1049,0
1054,0
1052,0
1056,0
1051,0
1052,0
1047,0
1046,0
1047,0
1049,0
1032,0
1042,0
921,0
878,0
915,0
1055,0
1094,0
1134,0
1171,0
1160,0
1160,0
1164,0
1160,0
1157,0
1160,0
1166,0
1203,0
1214,0
1217,0
1218,0
1167,0
1103,0
1092,0
1053,0
1050,0
1052,0
1068,0
1098,0
1154,0
1130,0
1065,0
1035,0
1044,0
1045,0
1041,0
1038,0
1023,0
1033,0
1007,0
1011,0
1029,0
1034,0
1044,0
1046,0
1048,0
1047,0
1012,0
998,0
994,0
996,0
989,0
994,0
1026,0
1047,0
1023,0
1020,0
1027,0
1031,0
1032,0
1018,0
1001,0
983,0
1005,0
1024,0
1027,0
1066,0
1070,0
1073,0
1085,0
1033,0
995,0
971,0
965,0
973,0
995,0
1061,0
1084,0
1089,0
1094,0
1091,0
1088,0
1090,0
1092,0
1110,0
1108,0
1099,0
1096,0
1100,0
1107,0
1109,0
1106,0
1111,0
1102,0
1081,0
1068,0
1062,0
1057,0
1057,0
1055,0
1077,0
1088,0
1099,0
1097,0
1088,0
1080,0
1081,0
1075,0
1058,0
1035,0
1042,0
1060,0
1062,0
1058,0
1061,0
1067,0
1066,0
1072,0
1080,0
1087,0
1085,0
1077,0
1112,0
1129,0
1168,0
1167,0
1164,0
1172,0
1166,0
1167,0
1163,0
1200,0
1045,0
960,0
1203,0
1286,0
1289,0
1318,0
1361,0
1337,0
1209,0
1057,0
1202,0
1188,0
1175,0
1179,0
1180,0
1179,0
1202,0
1221,0
1253,0
1230,0
1230,0
1236,0
1201,0
1188,0
1175,0
1209,0
1274,0
1394,0
1200,0
1200,0
1207,0
1206,0
882,0
1271,0
1212,0
1212,0
1204,0
1188,0
1189,0
1211,0
1399,0
1230,0
1223,0
1232,0
1238,0
1227,0
1213,0
1212,0
1216,0
1131,0
1217,0
1046,0
1212,0
1364,0
1359,0
1220,0
837,0
1145,0
911,0
881,0
870,0
880,0
874,0
882,0
880,0
879,0
870,0
880,0
871,0
874,0
869,0
841,0
796,0
875,0
876,0
874,0
870,0
877,0
878,0
882,0
883,0
877,0
883,0
882,0
881,0
881,0
881,0
880,0
879,0
882,0
879,0
884,0
883,0
884,0
883,0
859,0
872,0
877,0
875,0
868,0
874,0
879,0
903,0
951,0
1009,0
1045,0
1025,0
1030,0
1015,0
1006,0
1000,0
1013,0
1033,0
1065,0
1067,0
1063,0
1062,0
1030,0
1058,0
1063,0
1068,0
1064,0
1042,0
1056,0
1061,0
1062,0
1062,0
1066,0
1069,0
1071,0
1069,0
1055,0
1027,0
1021,0
1011,0
1016,0
1206,0
1104,0
1052,0
1065,0
782,0
788,0
793,0
789,0
788,0
854,0
1056,0
897,0
1191,0
1271,0
1132,0
1058,0
840,0
1043,0
1059,0
1060,0
1060,0
1062,0
1055,0
1046,0
1045,0
1055,0
1117,0
1056,0
1057,0
1307,0
1046,0
1053,0
1262,0
1168,0
1044,0
1048,0
1048,0
1051,0
768,0
851,0
534,0
831,0
803,0
800,0
798,0
798,0
799,0
794,0
802,0
803,0
804,0
806,0
792,0
779,0
796,0
785,0
801,0
861,0
809,0
704,0
801,0
796,0
799,0
735,0
900,0
811,0
803,0
800,0
797,0
791,0
788,0
777,0
793,0
885,0
1033,0
1099,0
1019,0
1030,0
1032,0
1028,0
1037,0
1038,0
1032,0
1032,0
1034,0
861,0
1035,0
1041,0
1046,0
1054,0
1059,0
1060,0
1060,0
1041,0
1053,0
1055,0
1060,0
1061,0
1056,0
1055,0
1054,0
1046,0
1040,0
1038,0
1039,0
1036,0
1030,0
1027,0
1031,0
1034,0
1034,0
1039,0
1048,0
1034,0
1010,0
1021,0
1030,0
1027,0
1030,0
1025,0
1028,0
1024,0
1007,0
998,0
1021,0
1017,0
1010,0
1007,0
1013,0
1023,0
1004,0
1016,0
1014,0
1016,0
1019,0
1030,0
1034,0
1037,0
1039,0
1041,0
1032,0
1025,0
1032,0
1038,0
1035,0
1039,0
1038,0
1025,0
1020,0
1009,0
999,0
968,0
964,0
965,0
954,0
955,0
966,0
978,0
977,0
988,0
998,0
1000,0
1011,0
1014,0
1021,0
1026,0
1022,0
1024,0
1024,0
1025,0
987,0
964,0
959,0
824,0
810,0
926,0
837,0
787,0
792,0
791,0
547,0
959,0
634,0
837,0
873,0
814,0
810,0
800,0
805,0
812,0
818,0
820,0
807,0
812,0
809,0
803,0
731,0
734,0
788,0
831,0
726,0
627,0
608,0
608,0
608,0
624,0
617,0
624,0
636,0
641,0
775,0
848,0
865,0
879,0
915,0
953,0
981,0
995,0
997,0
1005,0
1004,0
1027,0
1035,0
1002,0
711,0
989,0
1230,0
1165,0
868,0
1286,0
1148,0
1155,0
1411,0
999,0
1177,0
1156,0
1152,0
1150,0
1157,0
1161,0
1196,0
1192,0
1182,0
1177,0
1178,0
1181,0
1181,0
1177,0
1181,0
1149,0
1209,0
1198,0
1224,0
1181,0
1179,0
1094,0
1197,0
1205,0
1204,0
1214,0
1220,0
1216,0
1209,0
1218,0
1217,0
1231,0
1260,0
1274,0
1296,0
1487,0
1343,0
1367,0
1381,0
1381,0
1250,0
1455,0
1509,0
1371,0
1197,0
1365,0
1287,0
1365,0
1304,0
1282,0
1270,0
1269,0
1261,0
1290,0
1301,0
1337,0
1330,0
1316,0
1320,0
1320,0
1483,0
1396,0
1347,0
1354,0
1394,0
1397,0
1407,0
1216,0
1410,0
1418,0
1456,0
1471,0
1425,0
1383,0
1372,0
1377,0
1369,0
1368,0
1539,0
1681,0
1433,0
1438,0
1692,0
1484,0
1493,0
1492,0
1392,0
1412,0
1235,0
958,0
1270,0
1206,0
1470,0
1523,0
1882,0
1515,0
1452,0
1438,0
1430,0
1431,0
1424,0
1487,0
1575,0
1475,0
1489,0
1488,0
1484,0
1476,0
1463,0
1450,0
1453,0
1438,0
1084,0
1181,0
1425,0
1427,0
1430,0
1624,0
1290,0
1866,0
1457,0
1454,0
1464,0
1468,0
1462,0
1467,0
1470,0
1474,0
1472,0
1459,0
1502,0
1510,0
1507,0
1505,0
1504,0
1497,0
1489,0
1348,0
1642,0
1546,0
1658,0
1421,0
1441,0
1547,0
1517,0
1485,0
1469,0
1468,0
1472,0
1484,0
1549,0
1597,0
1580,0
1570,0
1573,0
1565,0
1566,0
1561,0
1555,0
1560,0
1556,0
1558,0
1571,0
1614,0
1699,0
1553,0
1377,0
1570,0
1532,0
1474,0
1461,0
1460,0
1452,0
1449,0
1496,0
1540,0
1541,0
1629,0
1630,0
1559,0
1567,0
1566,0
1562,0
1565,0
1560,0
1431,0
1615,0
1637,0
1634,0
1634,0
1451,0
1648,0
1377,0
1315,0
1292,0
1297,0
1301,0
1298,0
1345,0
1383,0
1386,0
1376,0
1384,0
1385,0
1391,0
1396,0
1395,0
1400,0
1393,0
1405,0
1410,0
1411,0
1391,0
1376,0
1371,0
1369,0
1361,0
1357,0
1358,0
1349,0
1346,0
1353,0
1355,0
1364,0
1358,0
1354,0
1380,0
1398,0
1394,0
1372,0
1768,0
1516,0
1397,0
1402,0
1401,0
1372,0
1104,0
1376,0
1106,0
1361,0
1330,0
1333,0
1309,0
1314,0
1330,0
1330,0
1394,0
1418,0
1421,0
0,0
1406,0
1405,0
1403,0
1404,0
1409,0
1410,0
1410,0
1404,0
1352,0
1475,0
1407,0
1407,0
1406,0
1401,0
1398,0
1371,0
1345,0
1349,0
1360,0
1356,0
1395,0
1391,0
1592,0
1655,0
1737,0
1457,0
1500,0
1510,0
1631,0
1291,0
1594,0
1276,0
1630,0
1463,0
1457,0
1325,0
1388,0
1083,0
1570,0
1508,0
1491,0
1482,0
1470,0
1488,0
1551,0
1584,0
1583,0
1586,0
0,0
1554,0
0,0
1506,0
1451,0
1443,0
1387,0
1285,0
1632,0
1641,0
1367,0
1572,0
1574,0
1395,0
1381,0
1372,0
1366,0
1369,0
1377,0
1388,0
1385,0
1392,0
1325,0
1381,0
1350,0
1019,0
1257,0
1323,0
1317,0
1317,0
1320,0
1316,0
1460,0
1297,0
1326,0
1472,0
1189,0
1388,0
1362,0
1344,0
1310,0
1315,0
1306,0
1318,0
1339,0
0,0
1371,0
1403,0
1382,0
1354,0
1332,0
1352,0
1335,0
1337,0
1608,0
1334,0
1304,0
1208,0
1468,0
1358,0
1356,0
1162,0
1371,0
1368,0
1345,0
1342,0
1349,0
1333,0
1333,0
1353,0
1351,0
1357,0
1372,0
1369,0
1367,0
1384,0
1402,0
1399,0
1391,0
1396,0
1403,0
1404,0
1200,0
1193,0
1197,0
1186,0
1190,0
1192,0
1190,0
1179,0
1174,0
1177,0
1176,0
1165,0
1159,0
1162,0
1159,0
1174,0
1190,0
1216,0
1275,0
1297,0
1305,0
1304,0
1312,0
1326,0
1331,0
1336,0
1337,0
1334,0
1322,0
1331,0
1336,0
1224,0
1159,0
1170,0
1171,0
1163,0
1154,0
1159,0
1160,0
1146,0
1135,0
1136,0
1130,0
1124,0
1127,0
1128,0
1127,0
1122,0
1134,0
1154,0
1175,0
1164,0
1161,0
1157,0
1137,0
1140,0
1129,0
1132,0
1146,0
152,0
51,0
1177,0
0,0
1171,0
1174,0
0,0
0,0
0,0
0,0
1358,0
1106,0
1119,0
1125,0
1143,0
948,0
890,0
1150,0
1144,0
1161,0
1157,0
1159,0
1161,0
1188,0
1197,0
1171,0
1091,0
1138,0
1180,0
1173,0
1157,0
1153,0
1149,0
1059,0
1208,0
1436,0
1404,0
1161,0
1169,0
798,0
1062,0
1181,0
1170,0
1162,0
1127,0
1148,0
1156,0
1198,0
1196,0
1186,0
1032,0
946,0
942,0
945,0
1123,0
925,0
830,0
919,0
1156,0
1071,0
933,0
944,0
951,0
687,0
761,0
946,0
952,0
937,0
908,0
901,0
899,0
947,0
947,0
940,0
943,0
947,0
953,0
1084,0
995,0
943,0
843,0
759,0
947,0
771,0
955,0
965,0
973,0
1036,0
1112,0
928,0
915,0
903,0
908,0
903,0
906,0
918,0
923,0
972,0
1102,0
1160,0
1179,0
1171,0
1179,0
1182,0
1185,0
1199,0
1193,0
1201,0
1208,0
1214,0
1211,0
1156,0
1020,0
1011,0
1013,0
1016,0
1014,0
1005,0
997,0
991,0
989,0
994,0
1034,0
1084,0
1130,0
1157,0
1152,0
1154,0
1158,0
1141,0
1142,0
1158,0
1163,0
1171,0
1172,0
1189,0
1191,0
1188,0
1145,0
1120,0
1124,0
1118,0
1124,0
1158,0
1183,0
1178,0
1197,0
1162,0
1189,0
1192,0
1184,0
1204,0
1190,0
1188,0
1180,0
1185,0
1197,0
1193,0
1193,0
1198,0
1192,0
1191,0
1184,0
1188,0
1175,0
1170,0
1187,0
1191,0
1253,0
1371,0
1169,0
1173,0
1178,0
1193,0
1214,0
1214,0
1197,0
882,0
1206,0
1196,0
1195,0
1191,0
1208,0
1204,0
1164,0
1189,0
1172,0
1177,0
1170,0
1165,0
1185,0
1197,0
1194,0
1177,0
1196,0
1200,0
1200,0
1198,0
1191,0
1147,0
932,0
851,0
1028,0
935,0
945,0
947,0
956,0
955,0
941,0
940,0
931,0
897,0
893,0
903,0
935,0
964,0
965,0
968,0
969,0
969,0
957,0
957,0
980,0
1023,0
962,0
957,0
942,0
938,0
926,0
923,0
919,0
1186,0
1063,0
1166,0
1167,0
1147,0
1145,0
1140,0
1146,0
1166,0
1204,0
1202,0
1201,0
1200,0
1201,0
1208,0
1393,0
1191,0
1193,0
1190,0
1322,0
1238,0
1185,0
1193,0
822,0
1200,0
1200,0
1191,0
1168,0
1149,0
1139,0
1138,0
1165,0
1171,0
1175,0
1170,0
1173,0
1170,0
1166,0
1148,0
1147,0
1168,0
1162,0
1156,0
1150,0
1162,0
1156,0
1158,0
1175,0
1173,0
1165,0
1164,0
1171,0
1156,0
1144,0
1150,0
1148,0
1166,0
1172,0
1168,0
1167,0
1163,0
1159,0
1136,0
1110,0
1103,0
1110,0
1110,0
1131,0
1146,0
1156,0
1170,0
1180,0
1188,0
1182,0
1179,0
1137,0
1130,0
1128,0
1129,0
1127,0
1162,0
1184,0
1163,0
0,0
1161,0
1152,0
1144,0
1076,0
1051,0
1057,0
1054,0
1050,0
1060,0
1104,0
1139,0
1160,0
1174,0
1149,0
960,0
958,0
946,0
936,0
928,0
936,0
961,0
969,0
966,0
960,0
953,0
951,0
931,0
916,0
898,0
905,0
899,0
1012,0
1043,0
1087,0
1115,0
913,0
1175,0
1293,0
1171,0
1150,0
1129,0
1129,0
1140,0
1146,0
1166,0
1183,0
1182,0
1180,0
1164,0
1149,0
1134,0
1119,0
1099,0
1082,0
879,0
1125,0
1224,0
1092,0
1116,0
1147,0
1160,0
1159,0
1155,0
1154,0
1129,0
1118,0
1123,0
1144,0
1159,0
1159,0
1165,0
1183,0
1170,0
1154,0
1156,0
1221,0
1178,0
1137,0
1129,0
1135,0
1119,0
1264,0
1360,0
1158,0
967,0
941,0
1162,0
0,0
1161,0
1155,0
1152,0
1169,0
1179,0
1186,0
1177,0
1171,0
1068,0
997,0
959,0
984,0
0,0
974,0
1050,0
1045,0
1122,0
914,0
1126,0
961,0
1266,0
0,0
1157,0
1139,0
1128,0
1129,0
1120,0
1122,0
1122,0
1156,0
1158,0
1151,0
1143,0
1128,0
1121,0
1118,0
1120,0
1116,0
1115,0
1118,0
1117,0
1120,0
1119,0
1127,0
1141,0
1139,0
1148,0
1138,0
1131,0
1109,0
1107,0
1105,0
1112,0
1133,0
1144,0
1138,0
1120,0
1103,0
1059,0
1059,0
1066,0
1052,0
1012,0
1030,0
1043,0
1060,0
1081,0
1106,0
1122,0
1131,0
1134,0
1146,0
1158,0
1159,0
1144,0
1149,0
1180,0
1183,0
1180,0
1159,0
1168,0
1164,0
1164,0
1164,0
1168,0
1120,0
1218,0
1175,0
1184,0
1233,0
1129,0
1398,0
1197,0
997,0
1180,0
1171,0
1156,0
1161,0
1161,0
1162,0
1167,0
1166,0
1156,0
1149,0
1287,0
1187,0
1111,0
1147,0
1158,0
1158,0
1141,0
1154,0
1156,0
1152,0
1159,0
972,0
1034,0
1295,0
1152,0
1148,0
1146,0
1127,0
1116,0
1124,0
1134,0
1145,0
1157,0
1159,0
1155,0
1162,0
1162,0
1151,0
1146,0
1143,0
1140,0
1138,0
1161,0
1151,0
1145,0
1150,0
1167,0
1168,0
1120,0
1097,0
1086,0
1086,0
1087,0
1110,0
1112,0
1136,0
1142,0
1138,0
1135,0
1130,0
1128,0
1115,0
1120,0
1120,0
1113,0
1030,0
1267,0
1280,0
1144,0
1131,0
925,0
1188,0
1146,0
1137,0
1136,0
1145,0
1151,0
1135,0
1142,0
1150,0
1307,0
1114,0
1111,0
1120,0
1129,0
1127,0
1126,0
1131,0
1129,0
1125,0
1123,0
1116,0
1122,0
1126,0
1122,0
945,0
1123,0
1130,0
1128,0
1115,0
1114,0
1125,0
1126,0
1131,0
1133,0
1133,0
1129,0
1134,0
1124,0
1122,0
1124,0
1114,0
1059,0
1027,0
1035,0
1069,0
1117,0
1133,0
1116,0
1113,0
1100,0
1103,0
1102,0
1094,0
1093,0
1095,0
1100,0
1101,0
1094,0
1108,0
1109,0
1103,0
1088,0
1090,0
1053,0
1046,0
1058,0
1073,0
1071,0
1083,0
1098,0
1108,0
1107,0
1114,0
1119,0
1120,0
1099,0
1105,0
1102,0
1117,0
1135,0
1132,0
1119,0
1129,0
1137,0
1129,0
1121,0
1111,0
1107,0
1109,0
1102,0
1092,0
1093,0
1096,0
1102,0
1127,0
1137,0
1112,0
963,0
962,0
972,0
970,0
965,0
961,0
966,0
967,0
962,0
953,0
951,0
948,0
949,0
947,0
939,0
926,0
916,0
927,0
926,0
933,0
1137,0
951,0
956,0
759,0
951,0
959,0
955,0
950,0
954,0
948,0
1141,0
942,0
946,0
949,0
953,0
946,0
937,0
933,0
943,0
740,0
923,0
738,0
977,0
750,0
1000,0
1120,0
1014,0
994,0
949,0
956,0
961,0
961,0
957,0
966,0
971,0
972,0
966,0
967,0
960,0
959,0
953,0
921,0
936,0
915,0
907,0
917,0
919,0
948,0
987,0
1075,0
1114,0
1114,0
1142,0
1125,0
1104,0
1089,0
1107,0
1101,0
1124,0
1155,0
1142,0
1130,0
1118,0
1116,0
1129,0
1127,0
1112,0
1081,0
980,0
1062,0
1090,0
918,0
864,0
988,0
886,0
642,0
717,0
729,0
729,0
809,0
844,0
870,0
858,0
864,0
861,0
864,0
854,0
839,0
838,0
815,0
818,0
817,0
808,0
792,0
788,0
783,0
802,0
816,0
824,0
812,0
821,0
818,0
825,0
833,0
825,0
832,0
839,0
824,0
807,0
798,0
784,0
768,0
768,0
772,0
783,0
784,0
758,0
741,0
747,0
792,0
877,0
937,0
987,0
887,0
893,0
895,0
895,0
891,0
887,0
884,0
891,0
894,0
904,0
935,0
981,0
1085,0
991,0
973,0
1123,0
1195,0
963,0
961,0
971,0
834,0
999,0
1012,0
810,0
920,0
1043,0
1043,0
1045,0
1050,0
1041,0
1046,0
1049,0
1050,0
1049,0
1045,0
1056,0
1051,0
1051,0
1041,0
1028,0
1025,0
1039,0
1035,0
968,0
960,0
1226,0
972,0
714,0
979,0
976,0
979,0
974,0
966,0
959,0
968,0
978,0
979,0
979,0
982,0
976,0
1002,0
1025,0
1030,0
1029,0
1019,0
1030,0
789,0
1091,0
1099,0
1100,0
1136,0
1160,0
1532,0
1226,0
1247,0
1229,0
1230,0
1249,0
1233,0
1247,0
1282,0
1359,0
1320,0
1294,0
1296,0
1298,0
1291,0
1301,0
1303,0
1274,0
1254,0
1249,0
1055,0
1425,0
1220,0
1332,0
1110,0
1236,0
1208,0
1196,0
1200,0
1204,0
1213,0
1251,0
1271,0
1412,0
1281,0
1285,0
1282,0
1307,0
1280,0
1296,0
1503,0
1296,0
1101,0
1110,0
1389,0
1397,0
1114,0
1314,0
1298,0
1272,0
1240,0
1203,0
1205,0
1207,0
1296,0
1322,0
1272,0
1296,0
1297,0
1283,0
1279,0
1281,0
1278,0
1272,0
1651,0
1341,0
1279,0
1294,0
950,0
1045,0
1312,0
1489,0
1100,0
1253,0
1233,0
1203,0
1207,0
1214,0
1210,0
1255,0
1265,0
1291,0
1285,0
1270,0
1266,0
1261,0
1260,0
1259,0
1269,0
1261,0
1279,0
1276,0
1297,0
1388,0
1395,0
1143,0
1312,0
1284,0
1246,0
1233,0
1201,0
1138,0
1184,0
1207,0
1212,0
1222,0
1221,0
1227,0
1219,0
1204,0
1203,0
1205,0
1203,0
1207,0
1213,0
1209,0
1215,0
1215,0
1214,0
1228,0
1228,0
1222,0
1220,0
1192,0
1182,0
1176,0
1349,0
1246,0
1190,0
1168,0
1186,0
1172,0
1192,0
1211,0
1220,0
1225,0
960,0
986,0
1217,0
1228,0
1215,0
1225,0
1358,0
1307,0
1335,0
1208,0
1174,0
1188,0
1175,0
1201,0
1222,0
1227,0
1223,0
1228,0
1222,0
1237,0
1221,0
1211,0
1256,0
1264,0
963,0
1207,0
1530,0
964,0
1263,0
1255,0
1202,0
1225,0
1152,0
1241,0
1220,0
1219,0
1219,0
1210,0
1178,0
1157,0
1255,0
1265,0
1158,0
1161,0
1158,0
0,0
1338,0
1450,0
1215,0
1223,0
1472,0
1310,0
1179,0
1090,0
1013,0
1016,0
886,0
1203,0
1196,0
1202,0
1176,0
1183,0
1325,0
1333,0
1208,0
1192,0
1189,0
1187,0
1093,0
1168,0
1155,0
1134,0
865,0
1108,0
1036,0
1130,0
1071,0
1054,0
1040,0
1032,0
997,0
951,0
893,0
921,0
916,0
929,0
952,0
968,0
960,0
953,0
949,0
944,0
953,0
963,0
919,0
959,0
946,0
969,0
954,0
973,0
979,0
983,0
967,0
877,0
865,0
861,0
864,0
859,0
855,0
851,0
846,0
854,0
840,0
841,0
838,0
819,0
806,0
809,0
826,0
847,0
861,0
852,0
854,0
876,0
913,0
931,0
952,0
968,0
942,0
932,0
925,0
910,0
901,0
909,0
961,0
986,0
1004,0
1000,0
1025,0
1052,0
1068,0
1107,0
1118,0
1136,0
1118,0
1103,0
1100,0
1024,0
1030,0
1049,0
1062,0
1118,0
1118,0
1112,0
1078,0
1046,0
1048,0
1044,0
1060,0
1091,0
1096,0
1098,0
1042,0
1122,0
1292,0
1289,0
1106,0
1125,0
1126,0
1116,0
1123,0
960,0
1125,0
1041,0
1144,0
1148,0
929,0
1076,0
1042,0
1032,0
1037,0
1039,0
1071,0
1203,0
1144,0
1134,0
1118,0
1212,0
1151,0
1243,0
1470,0
1271,0
1266,0
1358,0
1278,0
1202,0
1315,0
1080,0
1140,0
1184,0
1275,0
1027,0
1012,0
976,0
963,0
968,0
1006,0
1057,0
1070,0
1074,0
764,0
1025,0
948,0
1026,0
1037,0
1033,0
1034,0
1037,0
871,0
1045,0
963,0
1075,0
1136,0
1267,0
1126,0
1054,0
1030,0
991,0
994,0
992,0
1014,0
1019,0
1024,0
1037,0
1039,0
1025,0
1034,0
1042,0
1045,0
1051,0
1054,0
1142,0
1157,0
1064,0
1065,0
990,0
1119,0
1018,0
815,0
1019,0
1021,0
1000,0
984,0
974,0
989,0
1000,0
1038,0
1201,0
1239,0
1251,0
1264,0
1263,0
1271,0
1271,0
1270,0
1276,0
1275,0
1270,0
1270,0
1273,0
1263,0
1268,0
1264,0
1114,0
1086,0
1078,0
1050,0
1065,0
1082,0
1082,0
1096,0
1101,0
1105,0
1106,0
1102,0
1106,0
1103,0
1100,0
1099,0
1100,0
1119,0
1124,0
1121,0
1128,0
1125,0
1122,0
1122,0
1120,0
1090,0
1069,0
1056,0
1054,0
1090,0
1137,0
1135,0
1101,0
968,0
972,0
973,0
960,0
961,0
964,0
962,0
963,0
964,0
964,0
961,0
956,0
965,0
979,0
1103,0
1086,0
1085,0
1061,0
1072,0
1075,0
1095,0
1170,0
1174,0
1254,0
1141,0
1163,0
996,0
1156,0
1154,0
1155,0
1152,0
1156,0
1155,0
1089,0
1020,0
1149,0
1206,0
1162,0
1131,0
1112,0
1108,0
1084,0
1086,0
1081,0
1082,0
1116,0
1084,0
1140,0
1140,0
1140,0
1166,0
1173,0
1170,0
1192,0
1216,0
1143,0
1055,0
999,0
1248,0
1173,0
1207,0
1187,0
1076,0
1109,0
1104,0
1097,0
1098,0
1107,0
1135,0
1153,0
1160,0
1166,0
1165,0
1168,0
1218,0
1202,0
1133,0
1137,0
1167,0
1117,0
1349,0
1283,0
1183,0
1000,0
1162,0
1143,0
924,0
1112,0
1068,0
1074,0
1080,0
1090,0
1086,0
1138,0
1169,0
1144,0
1158,0
1154,0
1150,0
1147,0
1150,0
1163,0
1155,0
1170,0
1221,0
1159,0
1157,0
1166,0
1179,0
1071,0
1152,0
1126,0
1111,0
1099,0
1100,0
1100,0
1102,0
1122,0
1154,0
1161,0
1163,0
1161,0
1155,0
1152,0
1151,0
1160,0
1153,0
1153,0
1170,0
1176,0
1172,0
1169,0
1173,0
1126,0
1106,0
1098,0
1097,0
1104,0
1091,0
1080,0
1089,0
1121,0
1117,0
1109,0
1108,0
1110,0
1114,0
1109,0
890,0
886,0
894,0
874,0
894,0
887,0
884,0
887,0
884,0
883,0
869,0
869,0
853,0
835,0
845,0
840,0
848,0
862,0
865,0
863,0
868,0
884,0
878,0
878,0
870,0
877,0
878,0
874,0
900,0
913,0
946,0
990,0
974,0
895,0
882,0
879,0
870,0
876,0
854,0
859,0
906,0
930,0
904,0
916,0
923,0
920,0
931,0
927,0
931,0
933,0
1008,0
932,0
915,0
1009,0
1093,0
1070,0
1269,0
1253,0
924,0
1126,0
1085,0
1067,0
1060,0
1058,0
1085,0
1126,0
1139,0
1139,0
1147,0
1151,0
1154,0
1150,0
1148,0
1157,0
1163,0
918,0
1153,0
1088,0
1168,0
1255,0
1192,0
1425,0
1147,0
1116,0
1100,0
1085,0
1070,0
1062,0
1092,0
1153,0
1165,0
1169,0
1175,0
1174,0
1175,0
1167,0
1168,0
1203,0
1416,0
1025,0
1332,0
1161,0
1165,0
803,0
1386,0
1001,0
1126,0
1105,0
1064,0
1062,0
1050,0
1041,0
1076,0
1135,0
1166,0
1158,0
1339,0
1283,0
1333,0
1141,0
1133,0
1134,0
1332,0
1161,0
1172,0
1024,0
1266,0
1188,0
983,0
1136,0
683,0
1118,0
1104,0
1059,0
964,0
972,0
973,0
962,0
972,0
981,0
981,0
1060,0
985,0
981,0
979,0
965,0
964,0
958,0
965,0
961,0
973,0
975,0
979,0
892,0
968,0
1048,0
1071,0
1042,0
1036,0
1035,0
1043,0
1067,0
1097,0
1171,0
1212,0
1149,0
1153,0
1154,0
1150,0
1161,0
1175,0
1171,0
1178,0
1162,0
1073,0
1163,0
1157,0
1156,0
1114,0
1094,0
1060,0
1048,0
1053,0
1052,0
1061,0
1144,0
1162,0
1159,0
1158,0
1160,0
1176,0
1167,0
1042,0
1178,0
1173,0
1173,0
974,0
1175,0
1179,0
1384,0
1166,0
1154,0
1137,0
1137,0
1140,0
1128,0
1097,0
1097,0
1129,0
1151,0
1183,0
1187,0
1185,0
1185,0
1169,0
1177,0
1175,0
1175,0
1174,0
1183,0
1335,0
1235,0
1231,0
1183,0
1179,0
1069,0
988,0
1136,0
1130,0
1090,0
1088,0
1105,0
1170,0
1187,0
1192,0
1195,0
1196,0
1192,0
1191,0
1189,0
1189,0
1194,0
1197,0
1194,0
1010,0
1180,0
1170,0
1317,0
1331,0
1287,0
1028,0
1155,0
1106,0
1088,0
1103,0
1146,0
1152,0
1148,0
1135,0
1168,0
1180,0
1176,0
1188,0
1185,0
1237,0
1202,0
1178,0
1175,0
1000,0
1003,0
1320,0
1229,0
1376,0
1170,0
1057,0
1106,0
1082,0
1081,0
1075,0
1077,0
1094,0
1126,0
1138,0
1133,0
1151,0
1165,0
1168,0
1173,0
1189,0
1202,0
1211,0
1315,0
1203,0
1203,0
1220,0
1224,0
1236,0
1125,0
982,0
1069,0
1078,0
1061,0
1060,0
1062,0
1082,0
1105,0
1111,0
1120,0
1113,0
1018,0
1017,0
1014,0
1014,0
1021,0
1023,0
1064,0
1102,0
1098,0
1105,0
1100,0
1093,0
1100,0
1095,0
1097,0
1080,0
1052,0
1041,0
1038,0
1039,0
1066,0
1088,0
1099,0
1104,0
1102,0
1090,0
1087,0
1085,0
1078,0
1066,0
1046,0
1058,0
1096,0
1112,0
1108,0
1104,0
1087,0
1113,0
1090,0
1068,0
1052,0
1051,0
1043,0
1061,0
1108,0
1107,0
1104,0
1092,0
1098,0
1081,0
1074,0
1093,0
1110,0
1116,0
1103,0
1106,0
1113,0
1124,0
1118,0
1124,0
1123,0
1107,0
1101,0
1108,0
1086,0
1081,0
1064,0
1065,0
1290,0
1221,0
1249,0
1105,0
1104,0
1102,0
1108,0
1108,0
1112,0
1097,0
661,0
1103,0
1099,0
1095,0
1091,0
1088,0
1098,0
1095,0
1078,0
1053,0
1021,0
1034,0
1039,0
1056,0
1107,0
1116,0
1112,0
1098,0
1091,0
1087,0
1083,0
1085,0
1103,0
1094,0
1087,0
1186,0
1245,0
1135,0
1233,0
1103,0
726,0
1031,0
1017,0
988,0
986,0
985,0
985,0
987,0
1053,0
1095,0
1147,0
1179,0
1205,0
1228,0
1237,0
1210,0
1208,0
1004,0
1201,0
1205,0
1203,0
1464,0
1356,0
996,0
1152,0
1111,0
1117,0
1140,0
1132,0
1102,0
1116,0
1156,0
1201,0
1218,0
1234,0
1234,0
1232,0
1229,0
1232,0
1229,0
1236,0
1238,0
996,0
1401,0
1329,0
1281,0
1284,0
1194,0
1403,0
1231,0
1193,0
1159,0
1150,0
1148,0
1139,0
1161,0
1212,0
1273,0
1271,0
1289,0
1285,0
1278,0
1272,0
1271,0
1275,0
1259,0
1261,0
1260,0
1261,0
1269,0
1267,0
1262,0
1249,0
1182,0
871,0
870,0
831,0
831,0
828,0
836,0
873,0
894,0
909,0
904,0
903,0
877,0
897,0
921,0
931,0
918,0
923,0
928,0
919,0
910,0
887,0
899,0
917,0
895,0
846,0
814,0
812,0
800,0
799,0
848,0
891,0
881,0
873,0
889,0
910,0
1019,0
1076,0
1144,0
1155,0
1144,0
1150,0
1150,0
1100,0
1072,0
1096,0
1135,0
1167,0
1171,0
1152,0
1118,0
1086,0
1080,0
1074,0
1104,0
1172,0
1187,0
1184,0
1182,0
1182,0
1171,0
1163,0
1167,0
1174,0
1166,0
1073,0
1166,0
1424,0
1194,0
1172,0
1163,0
975,0
1145,0
1127,0
1103,0
1105,0
1095,0
1089,0
1112,0
1158,0
1162,0
1163,0
1164,0
1154,0
1154,0
1154,0
1160,0
1164,0
1169,0
997,0
1362,0
1272,0
1266,0
1167,0
1165,0
965,0
1125,0
1160,0
1149,0
1130,0
1134,0
1159,0
1171,0
1212,0
1226,0
1215,0
1244,0
1256,0
1275,0
1334,0
1271,0
1410,0
1291,0
1156,0
1248,0
1246,0
1340,0
1047,0
1157,0
1243,0
1211,0
1200,0
1175,0
1166,0
1161,0
1140,0
1177,0
1245,0
1373,0
1297,0
1234,0
1338,0
1347,0
1246,0
1246,0
1240,0
1096,0
1294,0
1243,0
1016,0
1251,0
1129,0
1075,0
1286,0
1256,0
1142,0
1120,0
1109,0
1097,0
1083,0
1100,0
1144,0
1146,0
1149,0
1155,0
1154,0
1136,0
1136,0
1128,0
1132,0
1153,0
1171,0
1174,0
1168,0
1153,0
1157,0
1161,0
1170,0
1156,0
1136,0
1103,0
1097,0
1078,0
1068,0
1086,0
1117,0
1122,0
1114,0
1128,0
1139,0
1147,0
1144,0
1150,0
1156,0
1142,0
1134,0
1138,0
1145,0
1133,0
1125,0
1121,0
1121,0
1120,0
1117,0
1095,0
1075,0
1079,0
1068,0
1097,0
1136,0
1123,0
1103,0
1097,0
1102,0
1104,0
1106,0
1122,0
1119,0
1129,0
1124,0
1128,0
1133,0
1124,0
1122,0
1118,0
1117,0
1113,0
1110,0
1077,0
1062,0
1042,0
1038,0
1061,0
1096,0
1104,0
1117,0
1127,0
1148,0
1137,0
1121,0
1136,0
1150,0
1156,0
1189,0
1265,0
1044,0
1165,0
1176,0
1426,0
1096,0
903,0
1133,0
1100,0
1085,0
1065,0
1058,0
1091,0
1131,0
1133,0
1126,0
1167,0
1177,0
1131,0
1146,0
1138,0
1135,0
993,0
1149,0
1144,0
1151,0
1154,0
1119,0
1172,0
1235,0
1160,0
1161,0
1128,0
1109,0
1110,0
1107,0
1128,0
1174,0
1193,0
1177,0
1169,0
1170,0
1158,0
1167,0
1166,0
1155,0
1171,0
1166,0
1179,0
1077,0
1175,0
1182,0
1180,0
1208,0
1263,0
1191,0
1153,0
1139,0
1108,0
1098,0
1129,0
1141,0
1155,0
1136,0
1137,0
1160,0
1177,0
1183,0
1173,0
931,0
1175,0
1171,0
1355,0
1228,0
957,0
1159,0
1315,0
1218,0
1167,0
1155,0
1116,0
1091,0
1060,0
1057,0
1107,0
1141,0
1144,0
1121,0
1128,0
1135,0
1165,0
1188,0
1188,0
1191,0
1184,0
1175,0
1175,0
1163,0
1159,0
1162,0
1165,0
1165,0
1147,0
1154,0
1124,0
1093,0
1100,0
1079,0
1095,0
1103,0
1141,0
1161,0
1168,0
1152,0
1153,0
1159,0
1158,0
1147,0
1146,0
1134,0
1139,0
1144,0
1138,0
1142,0
1158,0
1173,0
1173,0
1219,0
1346,0
1136,0
1100,0
1104,0
1136,0
1158,0
1156,0
1146,0
1146,0
1141,0
1163,0
1244,0
1192,0
1152,0
1142,0
1145,0
1187,0
1189,0
1166,0
1155,0
1068,0
1172,0
874,0
1505,0
1124,0
1131,0
1129,0
1140,0
1514,0
1369,0
1139,0
1324,0
1417,0
1317,0
1147,0
1185,0
1179,0
1118,0
936,0
1112,0
972,0
888,0
964,0
1002,0
863,0
1036,0
629,0
1156,0
986,0
945,0
1158,0
1342,0
1268,0
1144,0
1147,0
1135,0
1111,0
1145,0
1149,0
1129,0
1103,0
694,0
1033,0
984,0
888,0
698,0
899,0
893,0
803,0
971,0
852,0
889,0
926,0
1206,0
877,0
810,0
740,0
845,0
747,0
707,0
0,0
721,0
728,0
745,0
821,0
879,0
680,0
871,0
703,0
878,0
728,0
895,0
943,0
713,0
1009,0
1076,0
1082,0
1076,0
1094,0
1091,0
1084,0
1081,0
1069,0
1078,0
1104,0
1118,0
1122,0
1127,0
1113,0
1125,0
1021,0
911,0
911,0
905,0
899,0
1025,0
740,0
720,0
664,0
839,0
856,0
853,0
862,0
859,0
950,0
1031,0
1078,0
1066,0
1073,0
1074,0
1072,0
1067,0
1075,0
1129,0
1117,0
1107,0
1123,0
1128,0
1126,0
1128,0
1126,0
1123,0
1122,0
1115,0
1089,0
261,0
263,0
264,0
268,0
275,0
272,0
273,0
277,0
283,0
279,0
279,0
278,0
278,0
278,0
282,0
284,0
281,0
280,0
276,0
280,0
279,0
277,0
280,0
276,0
272,0
274,0
278,0
277,0
276,0
0,0
1058,0
1032,0
718,0
747,0
798,0
1110,0
1102,0
1118,0
1134,0
1132,0
1131,0
1143,0
1142,0
1138,0
953,0
883,0
885,0
872,0
873,0
877,0
958,0
1069,0
987,0
895,0
892,0
891,0
1140,0
1045,0
0,0
876,0
890,0
889,0
687,0
890,0
804,0
986,0
779,0
786,0
717,0
727,0
938,0
1041,0
822,0
833,0
971,0
1126,0
1056,0
1295,0
1106,0
1297,0
1526,0
1206,0
1184,0
1346,0
988,0
1029,0
1044,0
1028,0
878,0
1342,0
1139,0
964,0
933,0
1221,0
1085,0
1092,0
1533,0
1320,0
1170,0
1114,0
1171,0
1182,0
1232,0
1303,0
1247,0
1253,0
1258,0
1383,0
1580,0
1035,0
1205,0
1489,0
1326,0
1114,0
1070,0
1107,0
985,0
1112,0
1321,0
1315,0
1300,0
1307,0
1313,0
1323,0
1346,0
1359,0
1364,0
1370,0
1394,0
1395,0
1386,0
1390,0
1216,0
1299,0
1482,0
1395,0
1526,0
1429,0
1386,0
1376,0
1394,0
1372,0
1167,0
1156,0
1152,0
1135,0
1128,0
1139,0
1145,0
1154,0
1148,0
1155,0
1249,0
1305,0
1333,0
1150,0
1164,0
1168,0
1161,0
1160,0
922,0
1167,0
981,0
1163,0
1170,0
1169,0
1162,0
3426,0
0,0
1128,0
1122,0
1120,0
1125,0
1162,0
1182,0
1181,0
1177,0
1174,0
1176,0
1170,0
1161,0
1160,0
1104,0
1081,0
1039,0
751,0
756,0
746,0
739,0
779,0
768,0
788,0
869,0
848,0
836,0
974,0
783,0
939,0
1466,0
1289,0
1178,0
1189,0
1187,0
1258,0
1389,0
1203,0
1194,0
929,0
1329,0
1117,0
919,0
1304,0
1063,0
819,0
682,0
1307,0
1417,0
1316,0
1174,0
1509,0
1312,0
1163,0
1175,0
1171,0
1170,0
1162,0
1217,0
1214,0
1218,0
981,0
1226,0
1037,0
1176,0
1370,0
1135,0
974,0
1072,0
1156,0
1172,0
1216,0
1192,0
1193,0
1185,0
1182,0
1202,0
1220,0
1223,0
1304,0
1290,0
1244,0
1192,0
1206,0
918,0
1192,0
1219,0
1220,0
1229,0
1360,0
1356,0
1228,0
1099,0
1348,0
1221,0
1210,0
1197,0
1200,0
1202,0
1233,0
1300,0
1365,0
1329,0
1312,0
1311,0
1344,0
1356,0
1333,0
1318,0
1383,0
1401,0
1408,0
1399,0
1397,0
1394,0
1372,0
1348,0
1336,0
1228,0
1145,0
1156,0
1171,0
1176,0
1181,0
1182,0
1224,0
1216,0
1201,0
1179,0
1153,0
1184,0
1073,0
0,0
1001,0
1049,0
1127,0
1082,0
1057,0
1058,0
1051,0
951,0
1014,0
991,0
984,0
984,0
984,0
985,0
982,0
987,0
988,0
994,0
990,0
989,0
998,0
1034,0
1051,0
1048,0
1043,0
1035,0
1026,0
1027,0
1028,0
1019,0
995,0
973,0
978,0
980,0
976,0
975,0
977,0
979,0
975,0
975,0
971,0
974,0
969,0
982,0
1000,0
1014,0
1029,0
1009,0
1001,0
994,0
1004,0
1008,0
1009,0
1016,0
1013,0
1017,0
1018,0
1013,0
1002,0
978,0
976,0
980,0
978,0
985,0
992,0
984,0
987,0
1010,0
1103,0
1189,0
1207,0
1214,0
1215,0
1201,0
1207,0
1211,0
1212,0
1208,0
1194,0
1192,0
1194,0
1129,0
950,0
952,0
954,0
957,0
959,0
961,0
973,0
963,0
948,0
974,0
1008,0
1017,0
950,0
1061,0
1006,0
814,0
915,0
1140,0
997,0
990,0
977,0
1011,0
1079,0
942,0
926,0
926,0
931,0
940,0
961,0
1004,0
1085,0
1135,0
1175,0
1258,0
1320,0
1312,0
1259,0
1091,0
891,0
1068,0
1283,0
1110,0
1097,0
926,0
1052,0
1024,0
1078,0
1047,0
1009,0
1025,0
1032,0
1027,0
1046,0
952,0
969,0
971,0
1156,0
1017,0
1220,0
1159,0
1205,0
1193,0
968,0
1132,0
858,0
1178,0
1601,0
1396,0
1000,0
1346,0
1414,0
993,0
1257,0
1266,0
1285,0
1290,0
1185,0
1147,0
1153,0
1155,0
1162,0
1147,0
1179,0
1193,0
1246,0
1101,0
1277,0
1346,0
1505,0
1292,0
1471,0
1301,0
1310,0
1060,0
1304,0
1259,0
1263,0
1253,0
1236,0
1241,0
1249,0
1256,0
1270,0
1279,0
1262,0
1237,0
1222,0
1193,0
1192,0
1185,0
1175,0
1175,0
1170,0
1155,0
1218,0
1228,0
1242,0
1270,0
1270,0
1273,0
1265,0
1255,0
1250,0
1243,0
1246,0
1249,0
1252,0
1269,0
1273,0
1273,0
1283,0
1286,0
1293,0
1290,0
1286,0
1279,0
1274,0
1289,0
1286,0
1285,0
1276,0
1280,0
1283,0
1289,0
1262,0
1252,0
1243,0
1251,0
1260,0
1269,0
1299,0
1398,0
1298,0
1308,0
1327,0
1342,0
1270,0
1269,0
1278,0
1294,0
1285,0
1374,0
1289,0
1240,0
1304,0
1220,0
1198,0
1316,0
1281,0
1252,0
1237,0
1253,0
1247,0
1257,0
1266,0
1290,0
1274,0
1290,0
1309,0
1321,0
1295,0
1543,0
1359,0
1271,0
1275,0
1270,0
1419,0
980,0
1069,0
1303,0
1396,0
1012,0
1365,0
1251,0
1509,0
1504,0
1259,0
1218,0
1219,0
1282,0
1369,0
1321,0
1287,0
1378,0
1257,0
1086,0
996,0
912,0
1057,0
1000,0
1243,0
1455,0
1287,0
909,0
1135,0
1264,0
1233,0
1233,0
1224,0
1239,0
1343,0
1352,0
1369,0
1384,0
1385,0
1613,0
1430,0
1320,0
1255,0
1012,0
1265,0
1121,0
1407,0
1365,0
1164,0
1261,0
1250,0
1266,0
1266,0
1263,0
1259,0
1237,0
1240,0
1239,0
1244,0
1244,0
1256,0
1245,0
1235,0
1224,0
1253,0
1297,0
1344,0
1350,0
1169,0
1246,0
1059,0
1263,0
1270,0
1118,0
1443,0
1467,0
1194,0
1322,0
1322,0
1225,0
1240,0
1239,0
1234,0
1232,0
1234,0
1241,0
1241,0
1233,0
1242,0
1255,0
1249,0
1240,0
1236,0
1230,0
1238,0
1249,0
1263,0
1259,0
1254,0
1253,0
1266,0
1249,0
1220,0
1234,0
1215,0
1217,0
1209,0
1225,0
1230,0
1234,0
1233,0
1238,0
1232,0
1236,0
1239,0
1227,0
1195,0
1194,0
1216,0
1225,0
1220,0
1219,0
1229,0
1242,0
1254,0
1236,0
1220,0
1209,0
1221,0
1220,0
1221,0
1224,0
1228,0
1235,0
1240,0
1225,0
1228,0
1256,0
1273,0
1271,0
1275,0
1255,0
1241,0
1268,0
1273,0
1270,0
1262,0
1264,0
1238,0
1238,0
1236,0
1259,0
1299,0
1303,0
1315,0
1319,0
1353,0
1352,0
1346,0
1328,0
1331,0
1338,0
1335,0
1395,0
1355,0
1209,0
1455,0
1305,0
1375,0
1379,0
1360,0
1350,0
1251,0
1469,0
1314,0
1340,0
1353,0
1349,0
1340,0
1361,0
1367,0
1379,0
1363,0
1371,0
1376,0
1421,0
1419,0
1286,0
1376,0
1235,0
1476,0
1389,0
1467,0
1381,0
1403,0
1411,0
1475,0
1050,0
1266,0
1274,0
1257,0
1258,0
1262,0
1260,0
1293,0
1292,0
1297,0
1308,0
1502,0
1288,0
1284,0
1288,0
1025,0
1217,0
1304,0
960,0
1285,0
1259,0
1331,0
1304,0
1435,0
1290,0
1210,0
1220,0
1231,0
1223,0
1225,0
1220,0
1231,0
1224,0
1205,0
1216,0
1228,0
1225,0
1229,0
800,0
1239,0
1247,0
1231,0
1431,0
1339,0
1254,0
1182,0
1255,0
1275,0
1231,0
1206,0
1210,0
1206,0
1198,0
1192,0
1190,0
1206,0
1214,0
1212,0
1212,0
1209,0
1236,0
1227,0
1190,0
1188,0
985,0
1140,0
1011,0
1206,0
1057,0
1356,0
1171,0
1341,0
1507,0
1208,0
1213,0
1218,0
1222,0
1209,0
1217,0
1225,0
1225,0
1242,0
1262,0
1249,0
1267,0
1196,0
1019,0
1228,0
1220,0
1002,0
1063,0
1427,0
1284,0
1273,0
1334,0
1342,0
1225,0
1225,0
1207,0
1200,0
1194,0
1203,0
1199,0
1214,0
1225,0
1220,0
1226,0
1216,0
1199,0
1210,0
1228,0
993,0
1392,0
1259,0
976,0
1469,0
1215,0
1321,0
1110,0
1181,0
1264,0
1175,0
1171,0
1175,0
1172,0
1179,0
1199,0
1218,0
1200,0
1200,0
1385,0
1276,0
1210,0
964,0
1208,0
1223,0
1228,0
1045,0
1217,0
990,0
1448,0
1397,0
1223,0
1218,0
1208,0
1107,0
1115,0
1108,0
1104,0
1108,0
1106,0
1122,0
1122,0
1113,0
1110,0
1114,0
1107,0
1107,0
935,0
986,0
1252,0
1285,0
1113,0
1030,0
1151,0
1199,0
1235,0
1256,0
896,0
1123,0
1128,0
1132,0
1117,0
1120,0
1119,0
1101,0
1236,0
1298,0
1177,0
1134,0
1132,0
1181,0
1411,0
945,0
929,0
1101,0
1129,0
964,0
1302,0
1046,0
951,0
1054,0
1146,0
1146,0
1145,0
1148,0
1148,0
1152,0
1171,0
1171,0
1159,0
1137,0
1149,0
1164,0
1164,0
1168,0
1170,0
1207,0
1203,0
1032,0
1184,0
1342,0
1100,0
1172,0
1161,0
1208,0
1215,0
1160,0
1158,0
1159,0
1151,0
1148,0
1147,0
1170,0
1182,0
1171,0
1184,0
1184,0
1187,0
1166,0
1156,0
1168,0
1173,0
1184,0
1199,0
1164,0
1152,0
1144,0
1143,0
1151,0
1147,0
1152,0
1119,0
1107,0
1113,0
1114,0
1106,0
1129,0
1154,0
1141,0
1148,0
1146,0
1145,0
1185,0
1195,0
1168,0
1142,0
1141,0
1144,0
1145,0
1142,0
1143,0
1160,0
1176,0
1168,0
1148,0
1143,0
1148,0
1145,0
1135,0
1127,0
1133,0
1134,0
1129,0
1129,0
1178,0
1262,0
1151,0
1294,0
1144,0
1149,0
1150,0
874,0
1225,0
1225,0
1154,0
1214,0
1228,0
881,0
1156,0
1164,0
1172,0
1159,0
1152,0
1159,0
1152,0
1145,0
1161,0
1259,0
1151,0
1150,0
1155,0
984,0
1201,0
1204,0
1489,0
1516,0
1276,0
1121,0
1007,0
999,0
1231,0
997,0
1115,0
1121,0
1134,0
1169,0
1312,0
1363,0
1273,0
1299,0
1176,0
1376,0
1188,0
1392,0
1200,0
1199,0
1004,0
990,0
1324,0
1116,0
1058,0
907,0
1008,0
1098,0
1332,0
1186,0
1005,0
928,0
907,0
895,0
929,0
1022,0
909,0
927,0
938,0
1157,0
1038,0
1045,0
1089,0
1080,0
1097,0
1094,0
933,0
948,0
942,0
1211,0
1076,0
1067,0
1061,0
864,0
1099,0
953,0
904,0
905,0
904,0
910,0
1520,0
1285,0
909,0
1094,0
920,0
905,0
720,0
769,0
946,0
1058,0
1096,0
966,0
1150,0
1014,0
1079,0
913,0
1028,0
768,0
1146,0
1118,0
1116,0
1114,0
1111,0
1129,0
1146,0
1155,0
1157,0
1165,0
1167,0
1163,0
1163,0
1163,0
1168,0
1169,0
1176,0
1176,0
1175,0
1177,0
1166,0
1169,0
1165,0
1155,0
1159,0
1161,0
1159,0
1153,0
1153,0
1153,0
1199,0
1223,0
1231,0
1243,0
1225,0
1217,0
1216,0
1213,0
1221,0
1236,0
1218,0
1228,0
1215,0
1202,0
1203,0
1218,0
1201,0
1188,0
1186,0
1171,0
1153,0
1144,0
1146,0
1153,0
1181,0
1210,0
1198,0
1208,0
1227,0
1250,0
1250,0
1228,0
1223,0
1192,0
1173,0
1165,0
1168,0
1170,0
1160,0
1155,0
1177,0
1165,0
1170,0
1163,0
1157,0
1266,0
1193,0
1156,0
1166,0
1180,0
1182,0
1185,0
1440,0
1170,0
983,0
1319,0
1386,0
987,0
1162,0
890,0
1030,0
935,0
949,0
1414,0
1394,0
1238,0
1169,0
1175,0
1172,0
1178,0
1173,0
1216,0
1216,0
1220,0
1227,0
1235,0
1241,0
1238,0
1230,0
1221,0
1234,0
1221,0
1215,0
1062,0
969,0
973,0
978,0
986,0
990,0
998,0
974,0
944,0
945,0
951,0
969,0
981,0
998,0
1001,0
994,0
991,0
991,0
991,0
981,0
977,0
990,0
973,0
1064,0
1159,0
1131,0
1288,0
1175,0
1185,0
1118,0
1224,0
1228,0
1220,0
1223,0
1214,0
1215,0
1212,0
1230,0
1234,0
1234,0
1303,0
1314,0
1243,0
1238,0
1238,0
1014,0
1235,0
1019,0
1345,0
1342,0
1089,0
1437,0
1231,0
1223,0
1213,0
1192,0
1194,0
1191,0
1199,0
1196,0
1195,0
1205,0
1194,0
1180,0
1177,0
1178,0
1178,0
1187,0
1176,0
1183,0
1183,0
1179,0
1187,0
1179,0
1176,0
1178,0
1169,0
1178,0
1186,0
1178,0
1183,0
1207,0
1220,0
1211,0
1216,0
1219,0
1211,0
1205,0
1198,0
1208,0
1218,0
1231,0
1223,0
1250,0
1244,0
1241,0
1271,0
1264,0
1252,0
1234,0
1223,0
1208,0
1192,0
1204,0
1212,0
1191,0
1199,0
1204,0
1210,0
1200,0
1220,0
1250,0
1289,0
1308,0
1343,0
1348,0
1346,0
1356,0
1358,0
1362,0
1363,0
1366,0
1361,0
1349,0
1356,0
1374,0
1363,0
1320,0
1320,0
1334,0
1338,0
1331,0
1331,0
1337,0
1357,0
1366,0
0,0
0,0
0,0
0,0
0,0
0,0
0,0
0,0
0,0
0,0
0,0
0,0
0,0
0,0
0,0
0,0
0,0
0,0
0,0
0,0
0,0
0,0
0,0
1184,0
1187,0
1263,0
1208,0
1244,0
1235,0
1216,0
1300,0
1201,0
1205,0
1216,0
1168,0
1229,0
1227,0
1177,0
1136,0
1358,0
1340,0
1172,0
1172,0
1374,0
1422,0
1208,0
1211,0
1209,0
1287,0
1399,0
1373,0
1281,0
1171,0
1115,0
1230,0
952,0
1015,0
1368,0
1216,0
989,0
1239,0
1183,0
950,0
1306,0
1492,0
1477,0
1203,0
1286,0
1304,0
1359,0
1259,0
1267,0
1235,0
1217,0
1215,0
1025,0
1142,0
1129,0
919,0
999,0
1170,0
985,0
1021,0
1180,0
995,0
1190,0
1427,0
1085,0
1060,0
1068,0
1069,0
1068,0
1083,0
1086,0
1103,0
1095,0
1096,0
1099,0
1101,0
1104,0
1108,0
1120,0
1128,0
1120,0
1094,0
1090,0
1099,0
1109,0
1081,0
1079,0
1072,0
1066,0
1064,0
1067,0
1072,0
1058,0
1060,0
1058,0
1063,0
1079,0
1074,0
1078,0
1089,0
1091,0
1088,0
1091,0
1074,0
1065,0
1070,0
1069,0
1066,0
1066,0
1063,0
1070,0
1070,0
1080,0
1062,0
1055,0
1046,0
1040,0
1032,0
1077,0
1104,0
1119,0
1147,0
1171,0
1191,0
1195,0
1186,0
1197,0
1199,0
1196,0
1205,0
1210,0
1209,0
1200,0
1108,0
1040,0
1059,0
1072,0
1088,0
1117,0
1141,0
1132,0
1125,0
1159,0
1172,0
1186,0
1167,0
1149,0
1157,0
1146,0
1149,0
1164,0
1186,0
1183,0
1186,0
1180,0
1187,0
1184,0
1174,0
1172,0
1177,0
1157,0
1142,0
1143,0
1136,0
1140,0
1129,0
1137,0
1154,0
1152,0
1155,0
1122,0
1126,0
1125,0
1135,0
1134,0
1142,0
1140,0
1140,0
1148,0
1156,0
1149,0
1149,0
1139,0
968,0
914,0
930,0
924,0
922,0
918,0
922,0
933,0
944,0
908,0
898,0
919,0
941,0
923,0
910,0
899,0
904,0
906,0
947,0
963,0
929,0
930,0
914,0
911,0
902,0
880,0
860,0
865,0
871,0
862,0
865,0
859,0
862,0
874,0
872,0
1007,0
928,0
892,0
888,0
912,0
807,0
888,0
885,0
1045,0
893,0
809,0
882,0
709,0
899,0
0,0
0,0
0,0
0,0
0,0
0,0
0,0
0,0
0,0
0,0
0,0
0,0
0,0
0,0
0,0
0,0
0,0
0,0
0,0
0,0
0,0
0,0
0,0
