851,0
854,0
854,0
847,0
831,0
820,0
814,0
815,0
837,0
856,0
849,0
863,0
873,0
847,0
873,0
917,0
905,0
914,0
921,0
916,0
923,0
921,0
878,0
826,0
817,0
822,0
835,0
824,0
818,0
829,0
844,0
846,0
845,0
843,0
831,0
813,0
815,0
632,0
622,0
619,0
629,0
622,0
634,0
644,0
646,0
648,0
650,0
644,0
633,0
623,0
605,0
597,0
597,0
609,0
617,0
610,0
616,0
626,0
630,0
632,0
635,0
635,0
634,0
633,0
640,0
644,0
650,0
646,0
648,0
658,0
665,0
653,0
606,0
590,0
591,0
664,0
767,0
805,0
831,0
842,0
860,0
870,0
872,0
878,0
876,0
881,0
895,0
886,0
882,0
858,0
893,0
892,0
890,0
878,0
891,0
850,0
805,0
804,0
832,0
832,0
840,0
847,0
864,0
861,0
841,0
843,0
865,0
889,0
906,0
905,0
905,0
911,0
913,0
901,0
901,0
896,0
899,0
896,0
892,0
877,0
946,0
1020,0
1068,0
1082,0
1115,0
1140,0
1178,0
1195,0
1201,0
1212,0
1236,0
1254,0
1241,0
1232,0
1256,0
1240,0
1224,0
1237,0
1250,0
1256,0
1263,0
1246,0
1242,0
1237,0
1168,0
1148,0
1148,0
1153,0
1151,0
1157,0
1234,0
1264,0
1264,0
1265,0
1267,0
1262,0
1257,0
1240,0
1237,0
1245,0
1234,0
1234,0
1230,0
1099,0
1092,0
1095,0
1096,0
1091,0
1099,0
1106,0
1095,0
1090,0
1126,0
1111,0
1111,0
1121,0
1170,0
1205,0
1201,0
1207,0
1231,0
1226,0
0,0
1215,0
1202,0
1218,0
1216,0
1196,0
1219,0
1274,0
1277,0
1241,0
1191,0
1179,0
1177,0
1155,0
1172,0
1238,0
1250,0
1240,0
1231,0
1244,0
1397,0
1284,0
1312,0
1313,0
1259,0
1257,0
1253,0
1260,0
1046,0
1253,0
1253,0
1150,0
1303,0
1097,0
1170,0
1147,0
1132,0
1129,0
1132,0
1139,0
1200,0
1232,0
1224,0
1252,0
1267,0
1229,0
1223,0
1231,0
1247,0
1380,0
1369,0
1030,0
1423,0
1266,0
1052,0
1252,0
1232,0
1218,0
1126,0
1106,0
1118,0
1083,0
1070,0
1076,0
1089,0
1087,0
1086,0
1090,0
1092,0
1095,0
1096,0
1096,0
1085,0
1050,0
1043,0
1067,0
1082,0
1094,0
1083,0
1087,0
1152,0
1182,0
1176,0
1188,0
1187,0
1173,0
1167,0
1165,0
1187,0
1230,0
1256,0
1255,0
1266,0
1268,0
1263,0
1240,0
1224,0
1230,0
1269,0
1278,0
1273,0
1269,0
1268,0
1264,0
1209,0
1193,0
1261,0
1252,0
1246,0
1234,0
1253,0
1291,0
1375,0
1417,0
1434,0
1451,0
1444,0
1454,0
1454,0
1469,0
1495,0
1464,0
1462,0
1454,0
1455,0
1421,0
1404,0
1385,0
1365,0
1354,0
1323,0
1311,0
1311,0
1316,0
1308,0
1330,0
1412,0
1444,0
1444,0
1447,0
1440,0
1676,0
1436,0
1442,0
1434,0
1234,0
1261,0
1436,0
985,0
1465,0
1643,0
1505,0
1712,0
1431,0
1389,0
1358,0
1323,0
1309,0
1314,0
1386,0
1460,0
1465,0
1472,0
1479,0
1472,0
1464,0
1466,0
1464,0
1477,0
1298,0
1277,0
1450,0
1673,0
1526,0
1521,0
1469,0
1465,0
1431,0
1349,0
1312,0
1292,0
1303,0
1308,0
1363,0
1424,0
1422,0
1405,0
1414,0
1407,0
1412,0
1082,0
1706,0
1769,0
1432,0
1330,0
1407,0
1423,0
1342,0
1290,0
1352,0
1666,0
1478,0
1458,0
1351,0
1303,0
1067,0
1071,0
1085,0
1178,0
1275,0
1374,0
1249,0
1256,0
1246,0
1210,0
1226,0
1130,0
1063,0
1180,0
1243,0
1135,0
1276,0
1238,0
1424,0
1316,0
1038,0
1134,0
1089,0
1085,0
1062,0
1060,0
1111,0
1288,0
1393,0
1404,0
1405,0
1400,0
1413,0
1420,0
1437,0
1449,0
1437,0
1432,0
1433,0
1445,0
1463,0
1458,0
1449,0
1435,0
1379,0
1347,0
1295,0
1289,0
1267,0
1255,0
1268,0
1302,0
1310,0
1335,0
1359,0
1357,0
1353,0
1348,0
1357,0
1348,0
1333,0
1363,0
1371,0
1372,0
1376,0
1360,0
1376,0
1386,0
1365,0
1321,0
1283,0
1261,0
1248,0
1243,0
1266,0
1336,0
1378,0
1383,0
1386,0
1395,0
1392,0
1385,0
1138,0
1370,0
1086,0
1606,0
1361,0
1345,0
1353,0
1391,0
1443,0
1386,0
1498,0
1326,0
1278,0
1282,0
1256,0
1244,0
1349,0
1366,0
1402,0
1377,0
1384,0
1360,0
1379,0
1401,0
1399,0
1405,0
1267,0
1163,0
1219,0
1727,0
1459,0
1399,0
1309,0
1409,0
1565,0
1304,0
1303,0
1265,0
1268,0
1267,0
1283,0
1363,0
1377,0
1378,0
1376,0
1363,0
1331,0
1338,0
1101,0
1357,0
1342,0
1354,0
1364,0
1366,0
1427,0
1537,0
1387,0
1386,0
1368,0
1332,0
1275,0
1264,0
1262,0
1258,0
1304,0
1367,0
1345,0
1350,0
1359,0
1345,0
1327,0
1316,0
1332,0
1354,0
1354,0
1361,0
1378,0
1400,0
1405,0
1416,0
1396,0
1409,0
1378,0
1358,0
1353,0
1339,0
1323,0
1298,0
1334,0
1383,0
1386,0
1359,0
1350,0
1367,0
1358,0
1358,0
1339,0
1353,0
1375,0
1376,0
1373,0
1352,0
1361,0
1365,0
1380,0
1383,0
1364,0
1337,0
1307,0
1302,0
1290,0
1289,0
1323,0
1361,0
1357,0
1332,0
1324,0
1321,0
1301,0
1297,0
1313,0
1343,0
1343,0
1324,0
1317,0
1301,0
1308,0
1309,0
1338,0
1326,0
1325,0
1324,0
1325,0
1305,0
1302,0
1311,0
1324,0
1339,0
1337,0
1358,0
1379,0
1363,0
1375,0
1373,0
1363,0
1363,0
1357,0
1365,0
1388,0
1377,0
1364,0
1355,0
1359,0
1361,0
1350,0
1331,0
1315,0
1272,0
0,0
1280,0
1315,0
1369,0
1371,0
1366,0
1379,0
1361,0
1354,0
1363,0
1433,0
1570,0
1165,0
1193,0
1394,0
1371,0
1620,0
1396,0
1626,0
1217,0
1296,0
1342,0
1328,0
1309,0
1288,0
1294,0
1308,0
1367,0
1410,0
1413,0
1412,0
1399,0
1393,0
1394,0
1399,0
1414,0
1407,0
1399,0
1414,0
1431,0
1436,0
1123,0
1478,0
1534,0
1526,0
1353,0
1296,0
1282,0
1271,0
1268,0
1297,0
1368,0
1364,0
1380,0
1383,0
1386,0
1394,0
1402,0
1400,0
1371,0
1375,0
1399,0
1411,0
1611,0
1411,0
1421,0
1423,0
1212,0
1372,0
1356,0
1312,0
1290,0
1273,0
1287,0
1361,0
1399,0
1396,0
1382,0
1349,0
1357,0
1381,0
1391,0
1383,0
1363,0
1340,0
1346,0
1373,0
1287,0
1466,0
1600,0
1490,0
1206,0
1406,0
1339,0
1308,0
1286,0
1270,0
1272,0
1320,0
1389,0
1378,0
1385,0
1389,0
1385,0
1383,0
1375,0
1369,0
1387,0
1393,0
1395,0
1399,0
1400,0
1382,0
1377,0
1383,0
1372,0
1349,0
1123,0
1081,0
1036,0
1035,0
1034,0
1057,0
1090,0
1106,0
1107,0
1116,0
1109,0
1110,0
1116,0
1123,0
1139,0
1135,0
1137,0
1133,0
1138,0
1127,0
1127,0
1127,0
1128,0
1101,0
1082,0
1045,0
939,0
919,0
914,0
930,0
902,0
885,0
792,0
724,0
721,0
723,0
730,0
732,0
740,0
761,0
768,0
757,0
747,0
745,0
781,0
792,0
785,0
808,0
806,0
787,0
776,0
782,0
774,0
823,0
828,0
831,0
837,0
830,0
812,0
797,0
810,0
824,0
816,0
760,0
856,0
811,0
813,0
815,0
821,0
844,0
843,0
838,0
824,0
798,0
782,0
775,0
766,0
785,0
801,0
820,0
836,0
918,0
978,0
1007,0
1028,0
1063,0
1069,0
1064,0
1076,0
1086,0
1081,0
1070,0
1074,0
1079,0
1084,0
1070,0
928,0
879,0
876,0
871,0
875,0
881,0
883,0
888,0
893,0
903,0
893,0
910,0
978,0
1041,0
1082,0
1064,0
1044,0
1043,0
1064,0
1055,0
1048,0
1024,0
1033,0
1034,0
1044,0
1031,0
1028,0
1034,0
1031,0
986,0
886,0
886,0
876,0
871,0
906,0
979,0
1195,0
1184,0
1010,0
1025,0
868,0
1165,0
851,0
1065,0
1143,0
967,0
1063,0
1279,0
1107,0
1092,0
1093,0
1077,0
1075,0
1120,0
1167,0
1240,0
1356,0
1196,0
1215,0
1161,0
1157,0
1183,0
1197,0
1169,0
1172,0
1203,0
1258,0
817,0
1174,0
1245,0
1175,0
1158,0
1176,0
1177,0
1169,0
1167,0
1156,0
1160,0
1192,0
1281,0
1329,0
1334,0
1332,0
1316,0
1310,0
1317,0
1331,0
1332,0
1351,0
1383,0
1375,0
1360,0
1360,0
1360,0
1365,0
1357,0
1325,0
1290,0
1275,0
1245,0
1246,0
1283,0
1326,0
1345,0
1356,0
1347,0
1362,0
1373,0
1374,0
1364,0
1362,0
1360,0
1367,0
1391,0
1372,0
1382,0
1399,0
1398,0
1354,0
1307,0
1322,0
1295,0
0,0
1268,0
1272,0
1330,0
1400,0
1395,0
1380,0
1374,0
1356,0
1202,0
1147,0
1139,0
1168,0
1180,0
1287,0
1325,0
1360,0
1374,0
1343,0
1316,0
1285,0
1269,0
1256,0
1258,0
1257,0
1256,0
1264,0
1261,0
1306,0
1349,0
1353,0
1359,0
1331,0
1275,0
1123,0
1150,0
1162,0
1174,0
1175,0
1170,0
1167,0
1177,0
1181,0
1187,0
1173,0
1173,0
1103,0
1074,0
1081,0
1092,0
1087,0
1094,0
1168,0
1183,0
1183,0
1183,0
1189,0
1182,0
1181,0
1178,0
1155,0
1149,0
1163,0
1171,0
1172,0
1170,0
1173,0
1162,0
1148,0
1127,0
1126,0
1107,0
1085,0
1082,0
1087,0
1108,0
1164,0
1180,0
1172,0
1179,0
1167,0
1167,0
1170,0
1172,0
1148,0
1165,0
1164,0
1168,0
1171,0
1157,0
1155,0
1163,0
1158,0
1154,0
1165,0
1160,0
1129,0
1121,0
1128,0
1157,0
1172,0
1188,0
1190,0
1195,0
1186,0
1172,0
1175,0
1191,0
1187,0
1189,0
1192,0
1182,0
1188,0
1190,0
1183,0
1195,0
1200,0
1187,0
1157,0
1154,0
1120,0
1101,0
1092,0
1139,0
1162,0
1168,0
1175,0
1169,0
1167,0
1171,0
1171,0
1190,0
1201,0
1175,0
1150,0
1155,0
1160,0
1167,0
1174,0
1176,0
1196,0
1191,0
1162,0
1119,0
1090,0
1081,0
1079,0
1092,0
1118,0
1127,0
1144,0
1154,0
1154,0
1121,0
1088,0
1146,0
1130,0
1133,0
1141,0
1153,0
1162,0
1181,0
1187,0
1196,0
1188,0
1142,0
1118,0
1121,0
1096,0
1094,0
1117,0
1152,0
1171,0
1172,0
1176,0
1169,0
1165,0
1182,0
1186,0
1174,0
967,0
1091,0
1169,0
1180,0
1160,0
1163,0
1279,0
1322,0
1425,0
1283,0
1270,0
1242,0
1237,0
1221,0
1223,0
1282,0
1378,0
1361,0
1365,0
1380,0
1592,0
1364,0
1338,0
1358,0
1360,0
0,0
1361,0
1154,0
1285,0
1369,0
1383,0
1383,0
1402,0
1430,0
1328,0
1308,0
1259,0
1267,0
1269,0
1309,0
1376,0
1360,0
1329,0
1343,0
1444,0
1563,0
1360,0
1382,0
1331,0
1442,0
1373,0
1294,0
1372,0
1177,0
1396,0
1403,0
1384,0
1378,0
1314,0
1259,0
1238,0
1240,0
1240,0
1273,0
1367,0
0,0
1396,0
1401,0
1393,0
1358,0
1355,0
1369,0
1384,0
1376,0
1355,0
1343,0
1369,0
1372,0
1382,0
1388,0
1375,0
1361,0
1278,0
1250,0
1258,0
1258,0
1263,0
1317,0
1372,0
1375,0
1374,0
1365,0
1357,0
1338,0
1325,0
1338,0
1358,0
1355,0
1358,0
1374,0
1363,0
1372,0
1386,0
1385,0
1391,0
1353,0
1339,0
1291,0
1248,0
1236,0
1246,0
1305,0
1342,0
1378,0
1385,0
1386,0
1386,0
1375,0
1392,0
1353,0
1341,0
1350,0
1384,0
1381,0
1395,0
1394,0
1384,0
1369,0
1369,0
1359,0
1352,0
1325,0
1282,0
1258,0
1264,0
1252,0
1253,0
1268,0
1307,0
1308,0
1318,0
1249,0
1066,0
1074,0
1096,0
1097,0
1143,0
1146,0
1146,0
1148,0
1151,0
1147,0
1136,0
1103,0
1031,0
1011,0
0,0
993,0
992,0
1024,0
1111,0
1116,0
1120,0
1112,0
1109,0
1182,0
1299,0
1132,0
1140,0
1151,0
1200,0
1288,0
933,0
959,0
1148,0
978,0
1118,0
1279,0
1166,0
1049,0
1032,0
1043,0
1055,0
1089,0
1137,0
1139,0
1146,0
1141,0
1126,0
1124,0
1133,0
1134,0
1097,0
1109,0
1019,0
1226,0
1107,0
1120,0
1016,0
1222,0
1126,0
933,0
1014,0
989,0
1189,0
1058,0
987,0
1183,0
1115,0
1110,0
1186,0
1283,0
1535,0
1712,0
1355,0
1290,0
1215,0
1308,0
1113,0
1111,0
1031,0
1490,0
1123,0
1319,0
1137,0
1150,0
1286,0
1366,0
1257,0
1347,0
1539,0
1386,0
1259,0
1589,0
1376,0
1317,0
1414,0
1286,0
1408,0
1361,0
1379,0
1172,0
1216,0
1212,0
1145,0
1255,0
964,0
950,0
990,0
1495,0
1332,0
1322,0
1258,0
1252,0
1252,0
1292,0
1350,0
1377,0
1380,0
1379,0
1383,0
1388,0
1392,0
1384,0
1369,0
1360,0
1375,0
1376,0
1382,0
1377,0
1362,0
1364,0
1386,0
1378,0
1330,0
1284,0
1254,0
1255,0
1259,0
1279,0
1342,0
1373,0
1361,0
1376,0
1385,0
1387,0
1373,0
1385,0
1389,0
1360,0
1369,0
1382,0
1384,0
1359,0
1266,0
1219,0
1083,0
1079,0
1008,0
970,0
984,0
982,0
959,0
948,0
956,0
997,0
1000,0
1001,0
1001,0
1002,0
1001,0
997,0
985,0
981,0
975,0
984,0
899,0
745,0
753,0
757,0
755,0
754,0
758,0
726,0
691,0
689,0
690,0
693,0
708,0
708,0
716,0
721,0
726,0
728,0
728,0
730,0
733,0
722,0
720,0
771,0
849,0
731,0
733,0
728,0
723,0
563,0
797,0
784,0
706,0
699,0
703,0
804,0
758,0
729,0
724,0
724,0
762,0
868,0
955,0
992,0
993,0
1018,0
1016,0
798,0
1007,0
999,0
930,0
930,0
921,0
913,0
930,0
941,0
939,0
931,0
933,0
936,0
933,0
936,0
990,0
1005,0
1002,0
1000,0
1003,0
1007,0
1010,0
1007,0
998,0
999,0
1007,0
1001,0
1005,0
999,0
964,0
935,0
924,0
916,0
918,0
910,0
916,0
921,0
919,0
951,0
958,0
963,0
959,0
934,0
810,0
813,0
818,0
818,0
815,0
819,0
809,0
811,0
811,0
810,0
817,0
814,0
800,0
775,0
791,0
795,0
785,0
779,0
810,0
805,0
792,0
782,0
782,0
784,0
783,0
796,0
807,0
816,0
806,0
812,0
816,0
820,0
815,0
823,0
799,0
767,0
767,0
775,0
776,0
771,0
764,0
771,0
731,0
619,0
618,0
616,0
617,0
616,0
617,0
658,0
672,0
667,0
676,0
689,0
697,0
702,0
733,0
770,0
805,0
835,0
853,0
869,0
864,0
863,0
861,0
857,0
860,0
855,0
879,0
896,0
901,0
901,0
890,0
896,0
900,0
870,0
887,0
885,0
893,0
888,0
894,0
901,0
895,0
888,0
894,0
904,0
2926,0
1035,0
935,0
1028,0
989,0
1026,0
1024,0
1048,0
1043,0
1336,0
1186,0
1142,0
1066,0
1059,0
800,0
901,0
1058,0
706,0
743,0
1098,0
924,0
677,0
896,0
902,0
908,0
928,0
922,0
924,0
922,0
957,0
977,0
988,0
993,0
988,0
996,0
1018,0
1021,0
1011,0
1001,0
1001,0
999,0
1003,0
1003,0
1008,0
1001,0
1003,0
986,0
961,0
941,0
930,0
920,0
965,0
993,0
986,0
980,0
985,0
975,0
973,0
965,0
986,0
1003,0
1002,0
994,0
997,0
1002,0
996,0
992,0
994,0
1015,0
999,0
983,0
977,0
956,0
951,0
948,0
967,0
982,0
998,0
996,0
994,0
1001,0
1000,0
981,0
995,0
990,0
992,0
986,0
995,0
996,0
991,0
990,0
997,0
1004,0
1005,0
996,0
960,0
957,0
937,0
929,0
984,0
1011,0
1007,0
1014,0
1006,0
998,0
997,0
1001,0
1004,0
1000,0
999,0
997,0
1008,0
1007,0
1006,0
996,0
984,0
984,0
985,0
957,0
932,0
921,0
908,0
923,0
934,0
938,0
956,0
953,0
958,0
963,0
965,0
970,0
964,0
976,0
976,0
977,0
994,0
993,0
1001,0
987,0
977,0
979,0
961,0
957,0
957,0
939,0
926,0
913,0
915,0
913,0
916,0
924,0
922,0
921,0
917,0
913,0
917,0
927,0
923,0
921,0
954,0
968,0
979,0
961,0
972,0
995,0
962,0
919,0
917,0
2746,0
918,0
921,0
940,0
980,0
981,0
974,0
983,0
1108,0
1004,0
962,0
965,0
981,0
984,0
990,0
1002,0
1007,0
1005,0
1006,0
1008,0
1019,0
790,0
916,0
924,0
920,0
921,0
919,0
936,0
991,0
1007,0
1016,0
1003,0
991,0
973,0
986,0
998,0
989,0
982,0
1000,0
996,0
1007,0
1007,0
1017,0
1019,0
1007,0
1000,0
994,0
990,0
967,0
959,0
956,0
986,0
997,0
1002,0
992,0
974,0
981,0
983,0
1000,0
1004,0
1008,0
1007,0
1013,0
1005,0
1011,0
1000,0
1005,0
1011,0
1014,0
1020,0
1014,0
970,0
1188,0
950,0
958,0
1007,0
1011,0
1038,0
1129,0
1159,0
1059,0
1002,0
1004,0
1009,0
1007,0
753,0
988,0
992,0
760,0
997,0
624,0
571,0
1354,0
1301,0
919,0
917,0
910,0
919,0
915,0
906,0
942,0
990,0
987,0
994,0
1003,0
999,0
1000,0
990,0
996,0
1006,0
999,0
996,0
1013,0
1009,0
1001,0
1003,0
989,0
972,0
960,0
961,0
960,0
947,0
958,0
981,0
960,0
960,0
976,0
985,0
971,0
969,0
940,0
954,0
976,0
980,0
969,0
996,0
1007,0
992,0
980,0
982,0
974,0
914,0
660,0
617,0
619,0
620,0
617,0
612,0
603,0
600,0
612,0
624,0
627,0
636,0
633,0
631,0
632,0
637,0
633,0
633,0
634,0
633,0
633,0
637,0
628,0
619,0
617,0
620,0
0,0
761,0
823,0
838,0
847,0
848,0
839,0
843,0
840,0
835,0
838,0
841,0
839,0
835,0
838,0
844,0
850,0
867,0
932,0
970,0
986,0
954,0
949,0
946,0
942,0
940,0
957,0
988,0
1007,0
1007,0
1003,0
995,0
995,0
1005,0
1000,0
998,0
1008,0
1006,0
1020,0
1029,0
1029,0
1028,0
1025,0
1030,0
983,0
989,0
978,0
981,0
969,0
948,0
943,0
960,0
987,0
988,0
977,0
976,0
985,0
992,0
985,0
985,0
978,0
973,0
975,0
978,0
976,0
985,0
984,0
985,0
991,0
997,0
989,0
987,0
982,0
976,0
972,0
1010,0
1014,0
1007,0
1013,0
1007,0
1012,0
1010,0
1007,0
1008,0
1012,0
1006,0
1009,0
1006,0
1001,0
999,0
985,0
1010,0
1010,0
1005,0
1008,0
1018,0
1003,0
982,0
974,0
1013,0
1011,0
1001,0
995,0
1001,0
997,0
994,0
992,0
1001,0
1003,0
997,0
991,0
988,0
1004,0
1013,0
1011,0
1013,0
1011,0
1002,0
1001,0
979,0
925,0
939,0
945,0
957,0
969,0
964,0
979,0
988,0
996,0
996,0
992,0
980,0
992,0
991,0
981,0
983,0
988,0
987,0
985,0
988,0
985,0
980,0
973,0
0,0
944,0
944,0
914,0
916,0
922,0
950,0
986,0
994,0
997,0
988,0
961,0
944,0
952,0
920,0
917,0
952,0
950,0
974,0
992,0
983,0
1000,0
997,0
995,0
964,0
2867,0
948,0
934,0
947,0
978,0
979,0
992,0
981,0
972,0
969,0
986,0
986,0
992,0
996,0
997,0
986,0
971,0
987,0
994,0
1000,0
943,0
916,0
957,0
962,0
949,0
925,0
915,0
938,0
1006,0
1029,0
1046,0
1044,0
1059,0
1079,0
1065,0
1046,0
905,0
838,0
853,0
855,0
851,0
828,0
834,0
842,0
812,0
835,0
978,0
1028,0
1018,0
1006,0
1004,0
1029,0
1070,0
1100,0
1110,0
1078,0
1083,0
1078,0
1058,0
1054,0
1056,0
1060,0
1049,0
1073,0
1084,0
1084,0
1077,0
1077,0
1073,0
957,0
1091,0
1206,0
1178,0
1099,0
1187,0
1233,0
1000,0
1048,0
1079,0
1080,0
1071,0
1028,0
1064,0
1092,0
1081,0
1072,0
643,0
929,0
990,0
1028,0
994,0
1072,0
883,0
1243,0
1045,0
1003,0
985,0
999,0
990,0
1001,0
1057,0
1082,0
1071,0
1074,0
1078,0
1079,0
1073,0
1060,0
1034,0
1040,0
1053,0
1058,0
1058,0
1054,0
1090,0
1108,0
1110,0
1055,0
1024,0
1005,0
966,0
966,0
963,0
961,0
950,0
985,0
1002,0
996,0
1001,0
972,0
976,0
995,0
989,0
999,0
1014,0
1022,0
1029,0
1025,0
1025,0
1027,0
1019,0
992,0
990,0
993,0
976,0
982,0
976,0
971,0
972,0
979,0
981,0
981,0
938,0
982,0
985,0
976,0
975,0
975,0
976,0
999,0
1010,0
1009,0
1004,0
1001,0
1005,0
989,0
985,0
988,0
2913,0
972,0
963,0
965,0
1011,0
1010,0
1005,0
1023,0
1012,0
1016,0
1018,0
1029,0
1027,0
1023,0
1027,0
1025,0
1023,0
1023,0
1011,0
1017,0
1036,0
1036,0
1032,0
995,0
975,0
965,0
966,0
981,0
1014,0
1018,0
1001,0
996,0
990,0
985,0
994,0
989,0
996,0
1001,0
1014,0
1018,0
998,0
999,0
1031,0
1053,0
1084,0
1056,0
1010,0
1002,0
985,0
971,0
971,0
1005,0
1011,0
1026,0
1044,0
1057,0
1061,0
1059,0
1057,0
1048,0
1055,0
1049,0
1056,0
1054,0
1065,0
1069,0
1045,0
1034,0
1064,0
1042,0
984,0
972,0
982,0
971,0
971,0
982,0
1008,0
1029,0
1028,0
1036,0
1022,0
1003,0
1013,0
1022,0
1015,0
1000,0
1006,0
1004,0
992,0
1016,0
1029,0
1026,0
1024,0
998,0
977,0
974,0
956,0
941,0
941,0
951,0
985,0
981,0
982,0
981,0
974,0
976,0
994,0
1005,0
1014,0
1017,0
1017,0
1017,0
1022,0
1039,0
1057,0
1056,0
1067,0
1005,0
713,0
708,0
723,0
725,0
723,0
723,0
740,0
754,0
771,0
786,0
766,0
755,0
742,0
734,0
726,0
746,0
759,0
746,0
746,0
758,0
757,0
764,0
762,0
764,0
764,0
759,0
746,0
735,0
731,0
745,0
765,0
765,0
759,0
759,0
749,0
721,0
723,0
713,0
709,0
698,0
693,0
692,0
695,0
700,0
734,0
733,0
731,0
730,0
713,0
702,0
683,0
0,0
680,0
680,0
700,0
723,0
741,0
744,0
762,0
626,0
628,0
623,0
625,0
627,0
624,0
626,0
633,0
645,0
640,0
653,0
653,0
652,0
646,0
618,0
598,0
436,0
331,0
416,0
548,0
595,0
612,0
603,0
623,0
625,0
612,0
601,0
620,0
619,0
630,0
636,0
618,0
618,0
616,0
813,0
813,0
813,0
813,0
808,0
804,0
797,0
792,0
817,0
834,0
837,0
840,0
834,0
736,0
656,0
656,0
652,0
643,0
643,0
633,0
646,0
775,0
924,0
984,0
1014,0
1014,0
900,0
920,0
946,0
954,0
949,0
958,0
962,0
990,0
991,0
1000,0
1015,0
1008,0
1020,0
1014,0
1021,0
993,0
990,0
1001,0
1024,0
1024,0
1014,0
1010,0
1009,0
1013,0
989,0
961,0
960,0
960,0
929,0
941,0
944,0
967,0
985,0
977,0
988,0
987,0
977,0
984,0
986,0
1004,0
998,0
998,0
1006,0
1210,0
1014,0
1008,0
823,0
1023,0
934,0
760,0
758,0
731,0
723,0
727,0
741,0
780,0
775,0
774,0
775,0
792,0
778,0
757,0
756,0
754,0
756,0
773,0
765,0
766,0
766,0
773,0
776,0
774,0
768,0
744,0
729,0
728,0
726,0
719,0
724,0
740,0
739,0
741,0
744,0
741,0
751,0
761,0
763,0
755,0
748,0
747,0
743,0
754,0
768,0
778,0
776,0
781,0
774,0
750,0
753,0
737,0
729,0
735,0
757,0
784,0
779,0
781,0
791,0
766,0
759,0
756,0
770,0
772,0
760,0
760,0
763,0
775,0
775,0
780,0
777,0
768,0
749,0
745,0
741,0
712,0
704,0
705,0
720,0
751,0
857,0
940,0
958,0
958,0
959,0
958,0
962,0
958,0
947,0
952,0
955,0
946,0
948,0
957,0
956,0
943,0
911,0
932,0
957,0
960,0
946,0
943,0
944,0
954,0
951,0
946,0
942,0
941,0
956,0
951,0
955,0
942,0
950,0
936,0
941,0
937,0
955,0
954,0
949,0
957,0
941,0
927,0
939,0
925,0
889,0
891,0
923,0
939,0
872,0
775,0
789,0
785,0
783,0
784,0
783,0
783,0
776,0
773,0
778,0
765,0
757,0
745,0
763,0
760,0
756,0
768,0
775,0
786,0
795,0
794,0
787,0
787,0
782,0
788,0
848,0
863,0
905,0
918,0
934,0
948,0
951,0
945,0
943,0
954,0
951,0
953,0
956,0
961,0
955,0
941,0
905,0
895,0
893,0
890,0
890,0
894,0
921,0
942,0
948,0
943,0
913,0
930,0
924,0
927,0
927,0
935,0
933,0
937,0
942,0
939,0
944,0
942,0
944,0
912,0
874,0
886,0
884,0
882,0
883,0
880,0
873,0
880,0
918,0
919,0
916,0
918,0
926,0
922,0
927,0
914,0
928,0
938,0
938,0
946,0
943,0
934,0
937,0
940,0
959,0
0,0
970,0
956,0
934,0
938,0
962,0
982,0
971,0
968,0
952,0
962,0
965,0
970,0
973,0
971,0
976,0
971,0
955,0
954,0
959,0
974,0
971,0
966,0
947,0
929,0
943,0
931,0
920,0
955,0
979,0
982,0
982,0
963,0
962,0
966,0
995,0
1003,0
999,0
991,0
987,0
994,0
993,0
999,0
760,0
992,0
1227,0
972,0
965,0
961,0
962,0
949,0
934,0
942,0
963,0
953,0
965,0
967,0
969,0
976,0
970,0
965,0
971,0
967,0
967,0
966,0
976,0
975,0
966,0
944,0
958,0
949,0
921,0
912,0
910,0
915,0
907,0
817,0
749,0
741,0
741,0
724,0
729,0
749,0
754,0
754,0
751,0
756,0
764,0
768,0
766,0
765,0
779,0
776,0
758,0
753,0
737,0
744,0
741,0
737,0
727,0
736,0
715,0
697,0
694,0
716,0
748,0
751,0
748,0
748,0
751,0
736,0
717,0
707,0
703,0
701,0
635,0
553,0
546,0
563,0
555,0
553,0
558,0
560,0
564,0
566,0
580,0
568,0
569,0
573,0
571,0
632,0
677,0
713,0
717,0
728,0
714,0
721,0
740,0
766,0
775,0
768,0
762,0
719,0
700,0
704,0
706,0
705,0
726,0
729,0
716,0
715,0
737,0
735,0
706,0
707,0
723,0
741,0
737,0
723,0
732,0
737,0
725,0
726,0
740,0
739,0
754,0
715,0
719,0
731,0
732,0
727,0
714,0
727,0
774,0
773,0
772,0
771,0
764,0
748,0
748,0
767,0
770,0
740,0
728,0
763,0
767,0
767,0
762,0
753,0
719,0
739,0
768,0
762,0
746,0
745,0
754,0
850,0
852,0
886,0
946,0
917,0
913,0
901,0
915,0
955,0
947,0
962,0
946,0
957,0
979,0
981,0
957,0
910,0
923,0
939,0
930,0
923,0
904,0
903,0
891,0
907,0
917,0
940,0
966,0
994,0
990,0
983,0
928,0
970,0
981,0
971,0
964,0
942,0
954,0
951,0
946,0
914,0
896,0
921,0
937,0
916,0
900,0
895,0
893,0
929,0
952,0
970,0
968,0
969,0
974,0
969,0
962,0
979,0
979,0
973,0
974,0
982,0
986,0
973,0
976,0
986,0
977,0
933,0
924,0
929,0
937,0
911,0
895,0
942,0
985,0
985,0
981,0
982,0
986,0
980,0
970,0
994,0
987,0
977,0
979,0
983,0
975,0
993,0
979,0
988,0
972,0
943,0
898,0
895,0
913,0
896,0
870,0
868,0
908,0
921,0
928,0
917,0
904,0
906,0
910,0
921,0
924,0
922,0
926,0
920,0
949,0
959,0
980,0
990,0
972,0
957,0
951,0
928,0
925,0
915,0
909,0
913,0
894,0
876,0
924,0
943,0
959,0
915,0
898,0
886,0
868,0
861,0
862,0
923,0
964,0
972,0
966,0
970,0
909,0
897,0
909,0
903,0
892,0
879,0
849,0
857,0
943,0
957,0
915,0
911,0
903,0
926,0
926,0
886,0
772,0
750,0
763,0
761,0
768,0
773,0
788,0
793,0
777,0
783,0
771,0
776,0
784,0
785,0
774,0
736,0
591,0
570,0
569,0
575,0
580,0
576,0
584,0
607,0
597,0
598,0
593,0
596,0
595,0
596,0
604,0
610,0
665,0
768,0
856,0
878,0
916,0
912,0
921,0
928,0
960,0
0,0
964,0
165,0
226,0
209,0
209,0
209,0
209,0
748,0
963,0
968,0
976,0
980,0
985,0
959,0
945,0
929,0
901,0
900,0
877,0
879,0
898,0
908,0
948,0
950,0
952,0
964,0
732,0
720,0
720,0
718,0
715,0
716,0
723,0
719,0
727,0
728,0
725,0
727,0
707,0
704,0
686,0
682,0
689,0
689,0
678,0
662,0
714,0
768,0
949,0
961,0
958,0
960,0
968,0
1142,0
1036,0
964,0
965,0
986,0
985,0
766,0
997,0
1008,0
976,0
972,0
915,0
895,0
898,0
894,0
891,0
891,0
937,0
950,0
959,0
952,0
927,0
911,0
902,0
922,0
953,0
954,0
978,0
970,0
973,0
984,0
987,0
970,0
967,0
947,0
940,0
906,0
887,0
884,0
894,0
878,0
879,0
911,0
917,0
889,0
891,0
893,0
897,0
917,0
927,0
917,0
944,0
941,0
935,0
938,0
933,0
943,0
938,0
918,0
903,0
0,0
890,0
874,0
906,0
954,0
975,0
971,0
943,0
971,0
967,0
970,0
970,0
982,0
977,0
971,0
979,0
971,0
972,0
966,0
971,0
971,0
948,0
940,0
915,0
912,0
909,0
888,0
903,0
930,0
956,0
960,0
965,0
968,0
968,0
981,0
986,0
996,0
984,0
969,0
964,0
969,0
973,0
975,0
982,0
987,0
979,0
925,0
913,0
903,0
890,0
888,0
888,0
955,0
992,0
989,0
990,0
985,0
984,0
978,0
979,0
960,0
948,0
954,0
962,0
986,0
984,0
968,0
970,0
955,0
943,0
901,0
866,0
884,0
893,0
858,0
860,0
874,0
1835,0
1867,0
1893,0
929,0
1825,0
1878,0
1880,0
1824,0
1804,0
1848,0
1887,0
1881,0
1929,0
1935,0
1989,0
1970,0
1879,0
919,0
925,0
897,0
912,0
773,0
739,0
738,0
796,0
796,0
797,0
791,0
790,0
795,0
789,0
769,0
761,0
755,0
757,0
812,0
895,0
949,0
964,0
974,0
971,0
972,0
930,0
897,0
916,0
929,0
931,0
937,0
900,0
954,0
961,0
975,0
978,0
948,0
937,0
945,0
952,0
969,0
979,0
983,0
982,0
971,0
968,0
966,0
872,0
780,0
781,0
750,0
748,0
735,0
738,0
740,0
750,0
778,0
783,0
766,0
742,0
746,0
741,0
709,0
690,0
711,0
763,0
776,0
756,0
760,0
761,0
768,0
779,0
781,0
779,0
748,0
744,0
737,0
737,0
749,0
767,0
788,0
799,0
802,0
790,0
787,0
836,0
858,0
879,0
907,0
921,0
919,0
927,0
928,0
923,0
926,0
927,0
898,0
897,0
884,0
890,0
887,0
901,0
955,0
956,0
945,0
958,0
951,0
962,0
0,0
0,0
0,0
0,0
0,0
0,0
0,0
0,0
0,0
0,0
0,0
0,0
0,0
0,0
0,0
0,0
0,0
0,0
0,0
0,0
0,0
0,0
0,0
947,0
939,0
937,0
952,0
938,0
956,0
968,0
957,0
968,0
970,0
948,0
953,0
939,0
929,0
908,0
878,0
871,0
875,0
890,0
954,0
969,0
989,0
1020,0
1011,0
1049,0
1041,0
1049,0
1039,0
1018,0
1026,0
1037,0
1028,0
1037,0
1030,0
1017,0
1030,0
1024,0
964,0
998,0
959,0
947,0
968,0
964,0
994,0
1030,0
1028,0
1050,0
1050,0
1063,0
1030,0
1003,0
999,0
1010,0
1018,0
1049,0
1039,0
1034,0
1035,0
1020,0
1024,0
1037,0
988,0
943,0
948,0
943,0
933,0
943,0
985,0
996,0
1039,0
1024,0
1024,0
1031,0
1042,0
1036,0
1041,0
1048,0
1032,0
1025,0
1044,0
1063,0
1059,0
1034,0
926,0
835,0
0,0
0,0
0,0
0,0
0,0
0,0
0,0
0,0
0,0
0,0
0,0
0,0
0,0
0,0
0,0
0,0
0,0
0,0
0,0
0,0
0,0
0,0
0,0
0,0
847,0
824,0
788,0
784,0
780,0
783,0
835,0
843,0
842,0
860,0
869,0
912,0
919,0
903,0
925,0
904,0
701,0
716,0
722,0
705,0
722,0
732,0
741,0
735,0
730,0
684,0
674,0
674,0
686,0
711,0
735,0
745,0
738,0
747,0
738,0
738,0
724,0
717,0
732,0
721,0
720,0
716,0
757,0
742,0
745,0
755,0
748,0
760,0
759,0
718,0
683,0
665,0
675,0
681,0
730,0
750,0
750,0
745,0
740,0
720,0
736,0
757,0
741,0
709,0
724,0
740,0
736,0
732,0
731,0
734,0
762,0
762,0
734,0
702,0
675,0
659,0
655,0
667,0
704,0
728,0
742,0
739,0
707,0
702,0
691,0
671,0
678,0
671,0
740,0
828,0
752,0
912,0
845,0
569,0
760,0
337,0
732,0
694,0
652,0
656,0
673,0
662,0
657,0
699,0
692,0
754,0
863,0
928,0
930,0
924,0
928,0
932,0
935,0
1095,0
925,0
930,0
927,0
936,0
728,0
1015,0
925,0
909,0
882,0
881,0
881,0
916,0
901,0
922,0
940,0
957,0
963,0
949,0
943,0
934,0
943,0
934,0
935,0
937,0
940,0
940,0
945,0
941,0
948,0
951,0
941,0
945,0
914,0
895,0
887,0
892,0
889,0
869,0
862,0
865,0
934,0
972,0
974,0
954,0
924,0
886,0
895,0
894,0
945,0
970,0
944,0
928,0
928,0
882,0
767,0
780,0
0,0
792,0
802,0
798,0
783,0
769,0
778,0
796,0
799,0
792,0
783,0
780,0
779,0
789,0
789,0
794,0
787,0
797,0
803,0
796,0
796,0
801,0
810,0
772,0
733,0
748,0
754,0
761,0
790,0
784,0
800,0
806,0
794,0
805,0
803,0
805,0
671,0
570,0
569,0
580,0
578,0
560,0
561,0
577,0
586,0
597,0
588,0
580,0
544,0
543,0
545,0
559,0
587,0
588,0
586,0
603,0
654,0
719,0
730,0
735,0
727,0
758,0
756,0
756,0
756,0
744,0
739,0
740,0
742,0
698,0
689,0
729,0
838,0
877,0
882,0
885,0
933,0
971,0
959,0
959,0
966,0
1144,0
956,0
965,0
963,0
951,0
741,0
962,0
959,0
961,0
894,0
654,0
942,0
1111,0
831,0
793,0
785,0
787,0
788,0
796,0
841,0
879,0
876,0
875,0
866,0
865,0
861,0
857,0
876,0
862,0
918,0
1001,0
870,0
837,0
948,0
879,0
716,0
884,0
854,0
840,0
819,0
800,0
784,0
781,0
816,0
836,0
840,0
849,0
856,0
854,0
845,0
847,0
854,0
849,0
831,0
829,0
845,0
863,0
882,0
884,0
886,0
849,0
870,0
824,0
809,0
791,0
788,0
792,0
826,0
830,0
855,0
874,0
877,0
869,0
871,0
866,0
857,0
823,0
831,0
841,0
864,0
871,0
869,0
866,0
876,0
870,0
830,0
810,0
0,0
788,0
782,0
789,0
852,0
893,0
859,0
861,0
872,0
884,0
871,0
868,0
819,0
785,0
769,0
772,0
778,0
807,0
808,0
803,0
801,0
754,0
728,0
741,0
730,0
708,0
712,0
730,0
897,0
923,0
826,0
848,0
854,0
842,0
846,0
835,0
845,0
837,0
629,0
947,0
851,0
1003,0
853,0
697,0
828,0
661,0
803,0
804,0
807,0
814,0
810,0
810,0
861,0
867,0
862,0
879,0
879,0
872,0
866,0
875,0
885,0
880,0
886,0
882,0
869,0
882,0
859,0
861,0
844,0
844,0
822,0
785,0
785,0
775,0
774,0
780,0
850,0
860,0
861,0
834,0
854,0
862,0
863,0
864,0
864,0
861,0
848,0
882,0
891,0
769,0
994,0
879,0
968,0
787,0
876,0
878,0
854,0
841,0
848,0
849,0
869,0
862,0
882,0
887,0
891,0
902,0
895,0
901,0
875,0
838,0
638,0
870,0
978,0
975,0
926,0
869,0
1032,0
648,0
853,0
835,0
814,0
812,0
802,0
796,0
826,0
833,0
856,0
854,0
868,0
877,0
863,0
874,0
870,0
861,0
846,0
858,0
863,0
853,0
859,0
853,0
842,0
844,0
848,0
830,0
822,0
829,0
825,0
830,0
834,0
865,0
870,0
882,0
898,0
897,0
899,0
896,0
895,0
874,0
867,0
873,0
888,0
881,0
872,0
880,0
885,0
883,0
836,0
798,0
0,0
800,0
798,0
794,0
822,0
876,0
875,0
858,0
711,0
724,0
758,0
797,0
816,0
814,0
812,0
809,0
819,0
817,0
810,0
809,0
809,0
794,0
811,0
761,0
746,0
733,0
723,0
725,0
762,0
814,0
931,0
1024,0
1041,0
1048,0
1042,0
1026,0
1031,0
931,0
1234,0
1139,0
1052,0
1060,0
1061,0
1063,0
1026,0
746,0
896,0
841,0
825,0
816,0
805,0
841,0
863,0
903,0
1071,0
1141,0
1289,0
1010,0
926,0
914,0
1157,0
926,0
942,0
793,0
1093,0
924,0
987,0
599,0
712,0
701,0
938,0
942,0
923,0
907,0
904,0
903,0
950,0
983,0
982,0
976,0
975,0
969,0
963,0
970,0
967,0
964,0
955,0
960,0
968,0
974,0
979,0
993,0
993,0
983,0
728,0
717,0
700,0
680,0
680,0
705,0
720,0
759,0
754,0
757,0
761,0
760,0
761,0
760,0
756,0
761,0
757,0
751,0
753,0
756,0
742,0
738,0
751,0
752,0
758,0
725,0
697,0
692,0
681,0
683,0
682,0
707,0
751,0
751,0
756,0
757,0
757,0
753,0
757,0
752,0
747,0
731,0
650,0
660,0
652,0
662,0
712,0
725,0
742,0
731,0
700,0
684,0
689,0
688,0
690,0
670,0
594,0
509,0
514,0
519,0
519,0
532,0
521,0
506,0
516,0
520,0
496,0
490,0
490,0
490,0
492,0
494,0
491,0
488,0
481,0
455,0
454,0
478,0
499,0
520,0
633,0
729,0
755,0
756,0
752,0
713,0
865,0
904,0
896,0
894,0
894,0
890,0
906,0
912,0
895,0
874,0
875,0
866,0
859,0
859,0
863,0
874,0
883,0
941,0
953,0
959,0
0,0
953,0
964,0
964,0
957,0
957,0
951,0
944,0
1012,0
975,0
959,0
956,0
868,0
962,0
935,0
886,0
859,0
860,0
860,0
877,0
901,0
962,0
961,0
960,0
955,0
952,0
953,0
916,0
906,0
734,0
955,0
1015,0
943,0
1127,0
947,0
860,0
952,0
946,0
936,0
890,0
867,0
855,0
851,0
856,0
874,0
930,0
930,0
932,0
944,0
948,0
952,0
944,0
949,0
949,0
938,0
929,0
975,0
963,0
963,0
956,0
963,0
954,0
929,0
888,0
856,0
858,0
856,0
873,0
905,0
953,0
1025,0
954,0
966,0
957,0
960,0
967,0
973,0
748,0
965,0
883,0
1029,0
1059,0
903,0
1010,0
948,0
876,0
770,0
759,0
762,0
765,0
762,0
764,0
766,0
767,0
765,0
769,0
756,0
751,0
775,0
787,0
797,0
792,0
784,0
797,0
797,0
798,0
796,0
794,0
799,0
803,0
795,0
773,0
773,0
785,0
783,0
781,0
776,0
775,0
767,0
771,0
774,0
777,0
791,0
791,0
806,0
786,0
783,0
793,0
867,0
867,0
869,0
860,0
860,0
861,0
831,0
812,0
0,0
771,0
769,0
774,0
802,0
860,0
884,0
889,0
883,0
893,0
896,0
889,0
886,0
883,0
888,0
879,0
878,0
888,0
883,0
877,0
882,0
855,0
870,0
835,0
815,0
793,0
798,0
814,0
846,0
860,0
871,0
889,0
892,0
890,0
885,0
887,0
893,0
892,0
885,0
887,0
893,0
660,0
1012,0
1009,0
894,0
883,0
844,0
807,0
791,0
780,0
767,0
783,0
827,0
885,0
889,0
893,0
881,0
877,0
940,0
1022,0
873,0
875,0
879,0
884,0
888,0
885,0
884,0
688,0
887,0
891,0
866,0
817,0
807,0
798,0
794,0
805,0
823,0
876,0
886,0
890,0
890,0
890,0
799,0
786,0
790,0
586,0
784,0
786,0
973,0
785,0
837,0
938,0
791,0
588,0
755,0
717,0
692,0
691,0
686,0
690,0
694,0
758,0
786,0
765,0
759,0
775,0
887,0
879,0
874,0
879,0
867,0
874,0
880,0
778,0
1107,0
878,0
640,0
846,0
829,0
788,0
779,0
773,0
770,0
769,0
775,0
844,0
875,0
885,0
889,0
891,0
854,0
694,0
673,0
666,0
663,0
663,0
690,0
710,0
672,0
666,0
689,0
708,0
670,0
680,0
690,0
696,0
694,0
701,0
698,0
691,0
723,0
755,0
765,0
764,0
766,0
764,0
752,0
739,0
738,0
767,0
780,0
780,0
779,0
779,0
781,0
783,0
729,0
709,0
0,0
690,0
692,0
705,0
715,0
766,0
776,0
772,0
779,0
785,0
784,0
773,0
774,0
775,0
767,0
772,0
768,0
773,0
769,0
768,0
782,0
784,0
767,0
744,0
724,0
711,0
711,0
711,0
739,0
748,0
741,0
775,0
781,0
772,0
781,0
782,0
783,0
780,0
776,0
790,0
787,0
785,0
786,0
795,0
791,0
790,0
772,0
733,0
714,0
688,0
695,0
709,0
728,0
757,0
736,0
766,0
768,0
763,0
763,0
760,0
757,0
743,0
764,0
816,0
770,0
762,0
768,0
773,0
772,0
725,0
760,0
728,0
692,0
690,0
689,0
753,0
811,0
841,0
890,0
886,0
1040,0
935,0
888,0
893,0
897,0
896,0
894,0
962,0
970,0
700,0
908,0
918,0
916,0
787,0
910,0
893,0
883,0
866,0
864,0
877,0
911,0
940,0
956,0
961,0
959,0
844,0
741,0
751,0
754,0
755,0
748,0
903,0
799,0
751,0
749,0
751,0
546,0
725,0
630,0
578,0
564,0
546,0
542,0
553,0
554,0
555,0
581,0
582,0
596,0
622,0
580,0
552,0
554,0
555,0
539,0
527,0
581,0
638,0
658,0
659,0
631,0
603,0
564,0
529,0
528,0
527,0
527,0
528,0
530,0
531,0
528,0
530,0
529,0
540,0
543,0
539,0
530,0
529,0
521,0
558,0
596,0
605,0
610,0
613,0
606,0
578,0
555,0
554,0
0,0
710,0
749,0
756,0
767,0
836,0
865,0
867,0
854,0
850,0
865,0
881,0
873,0
877,0
873,0
875,0
863,0
872,0
869,0
873,0
878,0
869,0
838,0
801,0
782,0
782,0
780,0
792,0
822,0
854,0
871,0
883,0
887,0
890,0
890,0
888,0
886,0
898,0
896,0
896,0
900,0
901,0
901,0
900,0
898,0
879,0
850,0
805,0
779,0
755,0
754,0
792,0
803,0
862,0
872,0
873,0
873,0
873,0
874,0
883,0
877,0
940,0
884,0
847,0
845,0
852,0
853,0
856,0
799,0
720,0
787,0
834,0
800,0
820,0
823,0
818,0
813,0
833,0
849,0
855,0
947,0
846,0
846,0
840,0
835,0
878,0
930,0
985,0
1044,0
917,0
1107,0
976,0
1211,0
1173,0
1015,0
1006,0
994,0
980,0
975,0
1000,0
1002,0
1039,0
1104,0
1107,0
0,0
0,0
1089,0
1075,0
1066,0
1057,0
1061,0
1061,0
1117,0
1449,0
949,0
1145,0
793,0
703,0
951,0
953,0
930,0
915,0
917,0
947,0
959,0
992,0
1004,0
997,0
994,0
994,0
989,0
973,0
977,0
987,0
974,0
963,0
1018,0
1032,0
1032,0
1021,0
1025,0
1004,0
958,0
951,0
915,0
894,0
894,0
909,0
912,0
926,0
933,0
939,0
947,0
947,0
948,0
951,0
966,0
942,0
956,0
1008,0
1001,0
999,0
987,0
988,0
995,0
997,0
1003,0
966,0
0,0
924,0
925,0
955,0
989,0
1008,0
1025,0
1013,0
1011,0
1021,0
1028,0
1029,0
1023,0
1022,0
1024,0
1044,0
1070,0
1070,0
1042,0
1046,0
1059,0
1066,0
1092,0
1062,0
1010,0
1003,0
1034,0
1059,0
1093,0
1139,0
1135,0
1132,0
1119,0
1112,0
1131,0
1128,0
1112,0
1108,0
1154,0
1252,0
1088,0
1097,0
1110,0
890,0
1224,0
982,0
1072,0
1046,0
1026,0
1023,0
1012,0
1026,0
1044,0
1088,0
1114,0
1113,0
1117,0
1117,0
1113,0
1100,0
1094,0
1089,0
1080,0
1036,0
1169,0
1249,0
1097,0
1108,0
928,0
1118,0
1098,0
1047,0
1032,0
1026,0
1024,0
1034,0
1053,0
1114,0
1121,0
1118,0
1117,0
1108,0
1104,0
1100,0
1093,0
1076,0
1071,0
1077,0
1077,0
1095,0
1096,0
1112,0
1110,0
1107,0
1099,0
1089,0
1052,0
1055,0
1041,0
1098,0
1116,0
1109,0
1107,0
1103,0
1104,0
1104,0
1085,0
1096,0
1092,0
1133,0
919,0
1346,0
1240,0
1091,0
879,0
1098,0
1103,0
994,0
1066,0
1040,0
1017,0
1010,0
1016,0
1013,0
1009,0
1008,0
1008,0
1045,0
1066,0
1047,0
1065,0
1068,0
1067,0
1062,0
1035,0
1059,0
1066,0
1067,0
1063,0
1078,0
1067,0
1056,0
1045,0
1023,0
1008,0
1017,0
1017,0
1019,0
1018,0
997,0
1003,0
1010,0
1040,0
1056,0
1071,0
1057,0
1053,0
1052,0
1044,0
1046,0
1051,0
1066,0
1082,0
1113,0
1103,0
1059,0
1078,0
1042,0
1008,0
0,0
1014,0
1032,0
1070,0
1113,0
1124,0
1122,0
1131,0
1122,0
1114,0
1117,0
1095,0
1083,0
1070,0
1084,0
1085,0
1090,0
1100,0
1115,0
1126,0
1120,0
1057,0
1014,0
1000,0
995,0
1000,0
1012,0
1042,0
1078,0
1124,0
1127,0
1108,0
1094,0
1076,0
925,0
927,0
922,0
925,0
926,0
927,0
925,0
942,0
883,0
903,0
860,0
882,0
896,0
890,0
879,0
869,0
894,0
935,0
939,0
945,0
942,0
943,0
942,0
930,0
928,0
925,0
918,0
931,0
937,0
927,0
917,0
925,0
932,0
934,0
923,0
932,0
921,0
873,0
880,0
876,0
894,0
938,0
919,0
916,0
920,0
921,0
920,0
926,0
917,0
928,0
944,0
960,0
998,0
1034,0
1076,0
1085,0
1066,0
1029,0
956,0
901,0
898,0
875,0
868,0
874,0
884,0
1807,0
918,0
920,0
920,0
921,0
909,0
904,0
1802,0
904,0
902,0
900,0
898,0
899,0
907,0
919,0
921,0
919,0
810,0
649,0
655,0
641,0
629,0
628,0
640,0
646,0
637,0
616,0
649,0
788,0
872,0
892,0
899,0
907,0
910,0
914,0
910,0
916,0
917,0
913,0
901,0
912,0
911,0
901,0
874,0
871,0
866,0
852,0
862,0
865,0
866,0
840,0
856,0
903,0
883,0
882,0
896,0
914,0
913,0
911,0
920,0
936,0
965,0
1009,0
1035,0
1052,0
1007,0
1000,0
990,0
2944,0
976,0
973,0
982,0
1026,0
1044,0
1054,0
1078,0
1057,0
1063,0
1037,0
1053,0
1058,0
1062,0
1045,0
1089,0
1090,0
1065,0
1073,0
1088,0
1074,0
1046,0
1069,0
1076,0
1067,0
1061,0
1057,0
1078,0
1089,0
0,0
1070,0
1088,0
1093,0
1096,0
1093,0
1091,0
1091,0
1084,0
1065,0
1067,0
1072,0
1072,0
1075,0
1073,0
1078,0
1085,0
1066,0
1081,0
1064,0
1049,0
1067,0
1081,0
1099,0
1094,0
1098,0
1093,0
1098,0
1127,0
1165,0
1218,0
1246,0
1250,0
1248,0
1256,0
1252,0
1250,0
1262,0
1266,0
1257,0
1188,0
1169,0
1141,0
1122,0
1106,0
1104,0
1120,0
1139,0
1219,0
1254,0
1245,0
1254,0
1236,0
1201,0
1220,0
1245,0
1224,0
1241,0
1261,0
1247,0
1220,0
1239,0
1240,0
1235,0
1226,0
1206,0
1176,0
1140,0
1133,0
1125,0
1158,0
1179,0
1209,0
1259,0
1231,0
1234,0
1233,0
1217,0
1227,0
1216,0
1208,0
1218,0
1251,0
1236,0
1224,0
1252,0
1147,0
1094,0
1091,0
1035,0
993,0
993,0
996,0
994,0
992,0
998,0
1001,0
983,0
992,0
990,0
991,0
996,0
993,0
1002,0
1020,0
1032,0
1035,0
1057,0
1065,0
1073,0
1084,0
1018,0
977,0
971,0
972,0
976,0
976,0
966,0
975,0
972,0
980,0
976,0
973,0
970,0
974,0
983,0
993,0
984,0
959,0
941,0
977,0
992,0
1008,0
1043,0
1060,0
1050,0
995,0
992,0
959,0
958,0
954,0
954,0
985,0
1007,0
1062,0
1079,0
1089,0
1098,0
1095,0
1090,0
1078,0
1077,0
1068,0
1041,0
1065,0
1073,0
1083,0
1084,0
1094,0
1085,0
1023,0
1008,0
999,0
970,0
968,0
971,0
986,0
1009,0
1037,0
1050,0
1058,0
1068,0
1065,0
1056,0
1066,0
1277,0
1069,0
1069,0
1072,0
1074,0
871,0
821,0
1133,0
1059,0
1254,0
1038,0
990,0
977,0
973,0
979,0
984,0
1019,0
1035,0
1047,0
1044,0
1053,0
1049,0
1042,0
1072,0
1080,0
1063,0
1070,0
1018,0
1125,0
1064,0
1077,0
1079,0
1076,0
1048,0
1021,0
994,0
977,0
973,0
968,0
974,0
997,0
1110,0
1083,0
1057,0
1039,0
1138,0
1032,0
1040,0
1057,0
1053,0
949,0
1075,0
997,0
1087,0
1075,0
960,0
1143,0
992,0
788,0
771,0
759,0
758,0
759,0
769,0
798,0
848,0
879,0
870,0
865,0
866,0
872,0
868,0
876,0
872,0
856,0
836,0
847,0
952,0
1055,0
1089,0
1064,0
1047,0
1035,0
1025,0
1002,0
994,0
983,0
993,0
1008,0
1021,0
1013,0
1023,0
1043,0
1037,0
1029,0
1042,0
1035,0
1037,0
1039,0
1061,0
1069,0
1075,0
1072,0
1072,0
1054,0
1045,0
1029,0
1003,0
978,0
976,0
967,0
974,0
981,0
972,0
954,0
958,0
959,0
962,0
947,0
956,0
962,0
944,0
948,0
960,0
953,0
945,0
1001,0
1015,0
968,0
952,0
948,0
951,0
949,0
942,0
955,0
961,0
991,0
1021,0
1033,0
1052,0
1044,0
1042,0
1050,0
1051,0
1237,0
1044,0
1045,0
1057,0
1048,0
1044,0
1053,0
1055,0
863,0
1031,0
990,0
969,0
0,0
955,0
955,0
956,0
988,0
1050,0
1045,0
1049,0
1048,0
1052,0
1052,0
1054,0
1064,0
1043,0
835,0
1052,0
1056,0
1417,0
951,0
1162,0
1049,0
820,0
993,0
987,0
0,0
953,0
957,0
980,0
1001,0
1041,0
1069,0
1053,0
1056,0
1052,0
1056,0
1063,0
1069,0
1102,0
1137,0
879,0
1073,0
1072,0
1070,0
974,0
1065,0
1272,0
1012,0
974,0
952,0
951,0
945,0
966,0
1006,0
1032,0
1037,0
1042,0
1047,0
1053,0
1066,0
1068,0
1082,0
1057,0
1063,0
1081,0
1074,0
922,0
1231,0
1078,0
1074,0
1053,0
1003,0
967,0
959,0
960,0
962,0
986,0
1023,0
1057,0
1084,0
1078,0
1074,0
1091,0
1087,0
1090,0
1095,0
1080,0
1071,0
1078,0
1082,0
1252,0
1073,0
1069,0
906,0
1058,0
1033,0
1000,0
966,0
966,0
966,0
976,0
1004,0
1003,0
1013,0
1016,0
1014,0
996,0
1013,0
1026,0
1029,0
1040,0
1031,0
1037,0
1046,0
1036,0
1043,0
1047,0
1062,0
1063,0
1010,0
977,0
955,0
959,0
961,0
950,0
943,0
954,0
996,0
1016,0
1037,0
1019,0
1013,0
1018,0
1024,0
1029,0
1041,0
956,0
864,0
872,0
870,0
872,0
877,0
877,0
875,0
914,0
921,0
901,0
911,0
926,0
950,0
971,0
1015,0
1030,0
1053,0
894,0
888,0
917,0
922,0
917,0
923,0
924,0
910,0
916,0
916,0
870,0
815,0
811,0
862,0
869,0
832,0
833,0
833,0
849,0
879,0
878,0
961,0
1073,0
1103,0
1115,0
1110,0
1094,0
1104,0
1038,0
1218,0
1064,0
1058,0
872,0
789,0
884,0
718,0
1028,0
731,0
707,0
687,0
674,0
683,0
705,0
720,0
727,0
737,0
735,0
775,0
734,0
735,0
737,0
644,0
718,0
727,0
734,0
732,0
792,0
738,0
625,0
755,0
886,0
910,0
918,0
915,0
911,0
911,0
937,0
939,0
956,0
953,0
945,0
954,0
962,0
1318,0
1013,0
950,0
787,0
1133,0
957,0
945,0
739,0
891,0
951,0
944,0
785,0
915,0
943,0
932,0
905,0
924,0
927,0
950,0
977,0
1029,0
1055,0
1075,0
1103,0
1248,0
1196,0
1226,0
1186,0
1183,0
1092,0
1192,0
895,0
1172,0
941,0
1225,0
1281,0
788,0
771,0
768,0
768,0
765,0
776,0
801,0
803,0
849,0
853,0
862,0
860,0
834,0
830,0
844,0
858,0
854,0
862,0
872,0
862,0
850,0
861,0
872,0
823,0
795,0
783,0
775,0
764,0
763,0
777,0
784,0
785,0
825,0
858,0
857,0
835,0
827,0
821,0
813,0
801,0
844,0
840,0
830,0
844,0
860,0
868,0
861,0
841,0
799,0
794,0
780,0
773,0
764,0
800,0
838,0
863,0
865,0
856,0
853,0
854,0
839,0
867,0
870,0
871,0
868,0
865,0
862,0
836,0
830,0
835,0
834,0
828,0
817,0
780,0
770,0
779,0
804,0
828,0
875,0
830,0
669,0
674,0
668,0
651,0
644,0
640,0
647,0
639,0
665,0
623,0
630,0
652,0
518,0
667,0
670,0
777,0
665,0
655,0
630,0
623,0
635,0
636,0
729,0
845,0
839,0
833,0
995,0
796,0
798,0
799,0
838,0
849,0
859,0
676,0
871,0
695,0
867,0
908,0
996,0
828,0
815,0
783,0
759,0
752,0
756,0
787,0
830,0
854,0
856,0
845,0
850,0
866,0
868,0
870,0
867,0
864,0
859,0
861,0
861,0
868,0
1048,0
877,0
865,0
657,0
813,0
762,0
754,0
748,0
758,0
778,0
840,0
863,0
1004,0
887,0
838,0
842,0
914,0
1152,0
926,0
872,0
871,0
673,0
873,0
702,0
670,0
864,0
860,0
806,0
806,0
783,0
768,0
762,0
767,0
780,0
819,0
811,0
832,0
829,0
820,0
831,0
834,0
844,0
907,0
1014,0
670,0
662,0
662,0
454,0
668,0
667,0
675,0
626,0
650,0
656,0
648,0
652,0
652,0
643,0
638,0
633,0
644,0
643,0
659,0
661,0
662,0
651,0
645,0
644,0
662,0
657,0
657,0
668,0
680,0
677,0
672,0
724,0
772,0
771,0
761,0
758,0
760,0
797,0
841,0
872,0
864,0
870,0
863,0
912,0
863,0
864,0
838,0
845,0
854,0
862,0
867,0
863,0
866,0
855,0
856,0
772,0
847,0
807,0
774,0
778,0
802,0
819,0
842,0
916,0
920,0
860,0
853,0
849,0
852,0
861,0
867,0
863,0
777,0
867,0
880,0
683,0
875,0
861,0
1041,0
841,0
851,0
850,0
834,0
823,0
840,0
846,0
862,0
877,0
865,0
852,0
876,0
873,0
889,0
912,0
915,0
915,0
921,0
917,0
919,0
913,0
734,0
998,0
965,0
834,0
845,0
877,0
835,0
837,0
836,0
858,0
889,0
930,0
934,0
940,0
948,0
956,0
960,0
966,0
962,0
959,0
957,0
779,0
1313,0
790,0
1052,0
1100,0
884,0
679,0
880,0
870,0
849,0
835,0
833,0
849,0
900,0
934,0
937,0
945,0
945,0
947,0
947,0
1038,0
949,0
942,0
948,0
956,0
964,0
957,0
950,0
865,0
897,0
849,0
832,0
810,0
791,0
802,0
808,0
829,0
861,0
863,0
895,0
888,0
863,0
855,0
866,0
874,0
887,0
893,0
905,0
910,0
904,0
909,0
913,0
911,0
881,0
812,0
812,0
814,0
820,0
827,0
825,0
822,0
839,0
832,0
844,0
870,0
887,0
853,0
823,0
819,0
815,0
813,0
869,0
883,0
909,0
938,0
948,0
945,0
939,0
902,0
874,0
831,0
835,0
844,0
837,0
848,0
912,0
925,0
929,0
929,0
930,0
938,0
941,0
945,0
941,0
945,0
949,0
944,0
942,0
940,0
947,0
942,0
911,0
869,0
865,0
876,0
874,0
846,0
852,0
883,0
941,0
942,0
942,0
941,0
943,0
918,0
949,0
952,0
946,0
961,0
955,0
944,0
954,0
963,0
962,0
957,0
947,0
935,0
905,0
863,0
844,0
842,0
844,0
875,0
929,0
935,0
931,0
928,0
938,0
940,0
937,0
945,0
945,0
946,0
945,0
963,0
972,0
962,0
953,0
930,0
903,0
842,0
756,0
754,0
750,0
749,0
744,0
743,0
789,0
831,0
841,0
843,0
830,0
819,0
830,0
848,0
850,0
835,0
850,0
676,0
676,0
676,0
676,0
676,0
676,0
676,0
676,0
668,0
662,0
668,0
670,0
662,0
658,0
657,0
663,0
660,0
657,0
667,0
666,0
692,0
703,0
700,0
693,0
722,0
738,0
732,0
738,0
738,0
737,0
711,0
594,0
591,0
592,0
596,0
596,0
589,0
613,0
641,0
662,0
667,0
670,0
663,0
658,0
646,0
646,0
653,0
639,0
641,0
640,0
640,0
640,0
644,0
669,0
669,0
633,0
596,0
597,0
609,0
606,0
596,0
584,0
564,0
588,0
617,0
634,0
641,0
638,0
642,0
649,0
654,0
654,0
661,0
668,0
668,0
669,0
664,0
662,0
621,0
635,0
638,0
640,0
636,0
638,0
655,0
740,0
792,0
809,0
172,0
0,0
832,0
835,0
850,0
850,0
856,0
855,0
687,0
852,0
846,0
838,0
986,0
880,0
617,0
808,0
766,0
749,0
746,0
754,0
776,0
819,0
832,0
826,0
823,0
828,0
840,0
850,0
846,0
838,0
849,0
857,0
859,0
858,0
851,0
850,0
841,0
837,0
826,0
824,0
817,0
797,0
804,0
810,0
825,0
829,0
833,0
849,0
883,0
943,0
1001,0
1029,0
1031,0
1051,0
1063,0
1070,0
1083,0
1090,0
1090,0
1079,0
1073,0
1073,0
1059,0
1044,0
998,0
972,0
1001,0
1006,0
1018,0
1077,0
1085,0
1094,0
1089,0
1068,0
1053,0
1054,0
1075,0
1077,0
1067,0
1050,0
1010,0
1106,0
875,0
1254,0
1054,0
1051,0
1027,0
855,0
843,0
857,0
852,0
854,0
895,0
972,0
909,0
885,0
893,0
897,0
888,0
864,0
909,0
920,0
879,0
866,0
862,0
873,0
879,0
883,0
916,0
921,0
816,0
904,0
907,0
875,0
858,0
839,0
854,0
891,0
886,0
887,0
903,0
911,0
898,0
893,0
886,0
890,0
895,0
892,0
884,0
601,0
950,0
1007,0
998,0
893,0
902,0
901,0
879,0
832,0
829,0
826,0
833,0
856,0
864,0
921,0
905,0
894,0
889,0
886,0
968,0
885,0
863,0
923,0
807,0
895,0
808,0
904,0
891,0
902,0
847,0
901,0
896,0
872,0
855,0
867,0
880,0
974,0
1045,0
1048,0
1055,0
1045,0
1048,0
1061,0
1079,0
1081,0
1092,0
1089,0
1074,0
1091,0
1084,0
989,0
974,0
1052,0
985,0
974,0
959,0
933,0
922,0
921,0
925,0
945,0
936,0
939,0
951,0
943,0
947,0
965,0
975,0
974,0
972,0
999,0
1035,0
1106,0
931,0
1073,0
1299,0
1062,0
873,0
1054,0
1052,0
1029,0
1025,0
1029,0
1042,0
1068,0
1059,0
1066,0
1072,0
1089,0
1088,0
1079,0
1091,0
1083,0
1077,0
888,0
1081,0
1268,0
1168,0
1193,0
1083,0
893,0
1093,0
1092,0
1049,0
1010,0
1006,0
1010,0
1049,0
1087,0
1097,0
1094,0
1091,0
1088,0
1091,0
1095,0
1098,0
1101,0
1096,0
881,0
1090,0
1262,0
1140,0
1091,0
1120,0
1261,0
825,0
1041,0
1050,0
1057,0
1045,0
1031,0
1058,0
1098,0
1095,0
1084,0
1079,0
1085,0
1104,0
1107,0
1126,0
1128,0
1119,0
957,0
1131,0
1136,0
1120,0
1353,0
1186,0
1103,0
914,0
957,0
871,0
860,0
861,0
863,0
867,0
864,0
861,0
857,0
863,0
866,0
865,0
858,0
855,0
858,0
858,0
857,0
852,0
847,0
848,0
847,0
840,0
842,0
842,0
835,0
842,0
850,0
838,0
844,0
854,0
855,0
851,0
848,0
848,0
852,0
866,0
878,0
880,0
875,0
859,0
866,0
891,0
924,0
923,0
935,0
973,0
998,0
967,0
972,0
927,0
923,0
937,0
933,0
980,0
1066,0
1073,0
1077,0
1088,0
1095,0
1096,0
1112,0
1117,0
1125,0
1122,0
1114,0
1117,0
1120,0
1113,0
1112,0
1110,0
1090,0
1091,0
1075,0
1053,0
1044,0
1023,0
1018,0
1016,0
1056,0
1080,0
1075,0
1096,0
1133,0
1242,0
1242,0
912,0
1262,0
1233,0
1126,0
1131,0
1125,0
924,0
1122,0
1132,0
1097,0
1176,0
1062,0
1032,0
1011,0
901,0
918,0
979,0
1050,0
1126,0
1144,0
1111,0
1129,0
1113,0
1133,0
1080,0
1191,0
1134,0
1133,0
1348,0
1141,0
803,0
1405,0
931,0
1043,0
1116,0
916,0
922,0
922,0
925,0
925,0
917,0
915,0
917,0
1018,0
926,0
922,0
958,0
937,0
752,0
751,0
887,0
914,0
932,0
837,0
1052,0
1116,0
831,0
906,0
869,0
870,0
871,0
859,0
863,0
857,0
869,0
917,0
967,0
906,0
891,0
902,0
908,0
895,0
729,0
712,0
727,0
968,0
871,0
974,0
1216,0
921,0
875,0
911,0
797,0
741,0
701,0
690,0
700,0
690,0
721,0
735,0
736,0
734,0
733,0
729,0
728,0
728,0
726,0
770,0
767,0
754,0
759,0
761,0
759,0
766,0
766,0
767,0
770,0
731,0
733,0
733,0
733,0
727,0
734,0
741,0
740,0
736,0
738,0
735,0
751,0
783,0
830,0
872,0
881,0
891,0
905,0
904,0
905,0
911,0
916,0
920,0
932,0
927,0
916,0
916,0
905,0
903,0
905,0
907,0
900,0
862,0
883,0
740,0
694,0
696,0
697,0
700,0
758,0
801,0
808,0
861,0
883,0
897,0
906,0
890,0
888,0
921,0
900,0
880,0
870,0
865,0
894,0
922,0
927,0
922,0
915,0
914,0
911,0
912,0
913,0
914,0
898,0
889,0
901,0
910,0
920,0
916,0
923,0
925,0
919,0
911,0
906,0
895,0
895,0
898,0
916,0
906,0
900,0
891,0
913,0
918,0
921,0
923,0
924,0
933,0
923,0
920,0
926,0
932,0
928,0
929,0
904,0
912,0
912,0
906,0
892,0
867,0
869,0
876,0
906,0
935,0
947,0
934,0
936,0
905,0
928,0
928,0
930,0
937,0
939,0
926,0
928,0
939,0
931,0
936,0
928,0
928,0
928,0
928,0
921,0
893,0
904,0
899,0
912,0
929,0
940,0
941,0
931,0
926,0
919,0
920,0
912,0
902,0
915,0
909,0
908,0
907,0
915,0
910,0
911,0
918,0
892,0
913,0
910,0
904,0
910,0
903,0
908,0
921,0
923,0
923,0
915,0
913,0
927,0
933,0
924,0
930,0
927,0
915,0
919,0
919,0
914,0
909,0
918,0
922,0
917,0
871,0
2440,0
0,0
818,0
813,0
810,0
808,0
854,0
899,0
928,0
928,0
927,0
930,0
935,0
921,0
927,0
923,0
918,0
928,0
927,0
936,0
928,0
924,0
927,0
863,0
877,0
863,0
844,0
847,0
862,0
920,0
920,0
924,0
923,0
919,0
923,0
915,0
901,0
894,0
913,0
917,0
926,0
923,0
928,0
937,0
931,0
930,0
922,0
918,0
907,0
883,0
862,0
869,0
869,0
893,0
929,0
1105,0
1070,0
976,0
929,0
938,0
929,0
911,0
920,0
921,0
831,0
826,0
1132,0
558,0
720,0
1028,0
1027,0
909,0
900,0
865,0
856,0
858,0
853,0
876,0
959,0
996,0
1021,0
1056,0
1083,0
1227,0
1124,0
1075,0
939,0
1099,0
787,0
1209,0
1268,0
1387,0
1113,0
849,0
1026,0
1016,0
974,0
973,0
958,0
946,0
943,0
986,0
1022,0
1029,0
1075,0
1035,0
1037,0
1030,0
1031,0
1029,0
1040,0
837,0
1083,0
1183,0
1036,0
1029,0
858,0
833,0
1092,0
1325,0
984,0
938,0
910,0
931,0
930,0
961,0
1020,0
1041,0
1040,0
1052,0
1049,0
1041,0
1024,0
1097,0
1237,0
1046,0
1044,0
938,0
1140,0
1041,0
586,0
1041,0
1236,0
1033,0
997,0
981,0
968,0
961,0
959,0
993,0
1002,0
1048,0
1045,0
1047,0
1050,0
1040,0
1027,0
1024,0
1032,0
1029,0
1043,0
1050,0
1047,0
1049,0
1051,0
1051,0
1045,0
1023,0
955,0
929,0
905,0
900,0
899,0
897,0
899,0
913,0
970,0
981,0
1005,0
973,0
950,0
962,0
990,0
997,0
996,0
1004,0
1003,0
996,0
1000,0
1002,0
995,0
974,0
933,0
884,0
884,0
881,0
881,0
908,0
1018,0
1026,0
1032,0
1035,0
1028,0
1021,0
1015,0
1029,0
1038,0
1022,0
1012,0
1022,0
1027,0
1020,0
1018,0
1023,0
1025,0
979,0
979,0
940,0
908,0
906,0
910,0
946,0
1001,0
1036,0
1018,0
1011,0
1016,0
1034,0
1033,0
1033,0
1031,0
917,0
1147,0
1031,0
1031,0
1035,0
1027,0
1040,0
984,0
984,0
984,0
949,0
937,0
929,0
927,0
973,0
1039,0
1040,0
1018,0
1023,0
1034,0
1043,0
1065,0
1057,0
1131,0
963,0
1150,0
970,0
1336,0
1304,0
1156,0
1271,0
800,0
1226,0
1053,0
1083,0
1074,0
1091,0
1105,0
1126,0
1167,0
1160,0
1139,0
1160,0
1154,0
1202,0
1308,0
1206,0
1327,0
1152,0
1152,0
1292,0
1203,0
908,0
1183,0
922,0
1239,0
921,0
1074,0
1053,0
1048,0
1051,0
1051,0
1074,0
1157,0
1172,0
1175,0
1180,0
1225,0
1322,0
1169,0
1158,0
1042,0
1244,0
1209,0
1300,0
1296,0
955,0
1037,0
791,0
961,0
1004,0
963,0
933,0
917,0
919,0
915,0
935,0
957,0
954,0
986,0
993,0
996,0
991,0
978,0
977,0
976,0
1219,0
998,0
1002,0
1151,0
1040,0
988,0
759,0
992,0
755,0
907,0
907,0
897,0
897,0
898,0
902,0
952,0
970,0
976,0
973,0
970,0
962,0
963,0
964,0
975,0
978,0
838,0
1162,0
981,0
1077,0
1072,0
969,0
739,0
971,0
956,0
962,0
942,0
931,0
927,0
980,0
1024,0
1047,0
1039,0
1060,0
1072,0
1064,0
1073,0
1076,0
1077,0
880,0
1143,0
1248,0
1039,0
1119,0
871,0
885,0
478,0
675,0
688,0
674,0
678,0
689,0
680,0
687,0
704,0
702,0
698,0
696,0
708,0
704,0
713,0
704,0
762,0
547,0
490,0
997,0
1087,0
1081,0
1261,0
1144,0
1243,0
1083,0
1061,0
1016,0
999,0
1005,0
1002,0
1047,0
1073,0
1077,0
1075,0
1082,0
1105,0
1115,0
1108,0
883,0
1126,0
0,0
0,0
0,0
0,0
0,0
0,0
0,0
0,0
0,0
0,0
0,0
0,0
0,0
0,0
0,0
0,0
0,0
1120,0
1124,0
1131,0
1120,0
0,0
1123,0
1121,0
1118,0
1116,0
1117,0
1245,0
1167,0
1122,0
1129,0
1122,0
944,0
1061,0
1039,0
1013,0
998,0
993,0
1008,0
1083,0
1087,0
1080,0
1093,0
1109,0
1105,0
1106,0
1101,0
1058,0
914,0
1186,0
1190,0
1094,0
1097,0
1099,0
1098,0
1085,0
1080,0
1041,0
1016,0
1005,0
991,0
994,0
1013,0
1080,0
1090,0
1083,0
1086,0
1082,0
1074,0
1080,0
1077,0
1095,0
1094,0
1085,0
1077,0
1071,0
1075,0
1075,0
1065,0
950,0
901,0
874,0
848,0
838,0
847,0
854,0
871,0
921,0
934,0
934,0
950,0
952,0
969,0
974,0
978,0
1043,0
1045,0
1022,0
930,0
1025,0
990,0
917,0
1001,0
1012,0
1197,0
1002,0
1007,0
1000,0
998,0
990,0
1017,0
1071,0
1106,0
1143,0
1159,0
1172,0
1179,0
1190,0
1338,0
1049,0
1205,0
1212,0
1216,0
1212,0
1205,0
1009,0
1097,0
1462,0
1100,0
1066,0
1074,0
1066,0
1064,0
1058,0
1076,0
1166,0
1188,0
1195,0
1194,0
1290,0
1292,0
1201,0
1191,0
998,0
1195,0
1309,0
1341,0
1448,0
1344,0
1039,0
1035,0
1215,0
835,0
1082,0
1081,0
1079,0
1064,0
1062,0
1101,0
1166,0
1193,0
1140,0
1198,0
1195,0
1192,0
1388,0
1194,0
997,0
1265,0
1193,0
1240,0
1110,0
1336,0
1076,0
1161,0
1323,0
851,0
1101,0
1076,0
1076,0
1070,0
1072,0
1103,0
1180,0
1196,0
1186,0
1280,0
1225,0
1188,0
1178,0
1182,0
1190,0
1199,0
1341,0
1328,0
1203,0
1144,0
1243,0
921,0
1190,0
1032,0
1092,0
1100,0
1104,0
1113,0
1110,0
1141,0
1192,0
1183,0
1178,0
1182,0
1188,0
1187,0
1186,0
1182,0
1177,0
996,0
979,0
1199,0
1209,0
1371,0
1392,0
1211,0
1167,0
960,0
1097,0
1070,0
1073,0
1077,0
1067,0
1062,0
1082,0
1114,0
1150,0
1152,0
1175,0
1176,0
1176,0
1166,0
1158,0
1153,0
1165,0
1167,0
1177,0
1175,0
1164,0
1170,0
1165,0
1099,0
1015,0
925,0
960,0
1008,0
1021,0
1030,0
1040,0
1036,0
1034,0
1039,0
1041,0
1030,0
1036,0
1027,0
1029,0
1053,0
1049,0
1077,0
1112,0
921,0
918,0
785,0
773,0
773,0
763,0
795,0
793,0
790,0
794,0
790,0
805,0
812,0
809,0
815,0
802,0
798,0
800,0
817,0
817,0
810,0
818,0
842,0
871,0
924,0
926,0
917,0
910,0
903,0
898,0
898,0
913,0
902,0
908,0
953,0
971,0
972,0
987,0
980,0
984,0
987,0
985,0
990,0
988,0
984,0
981,0
972,0
969,0
964,0
968,0
988,0
971,0
942,0
930,0
915,0
886,0
885,0
879,0
897,0
947,0
960,0
963,0
957,0
958,0
998,0
1062,0
1140,0
1193,0
1190,0
1185,0
1193,0
1191,0
1192,0
1198,0
1198,0
1200,0
1159,0
1112,0
1115,0
1104,0
1097,0
1107,0
1128,0
1172,0
1291,0
1203,0
1149,0
1147,0
1414,0
1352,0
1197,0
1161,0
960,0
1276,0
982,0
1029,0
1304,0
940,0
1275,0
977,0
1133,0
1092,0
1090,0
1102,0
1096,0
1117,0
1136,0
1395,0
1202,0
1195,0
1209,0
1207,0
1209,0
1192,0
1197,0
1133,0
1021,0
1340,0
1291,0
1204,0
1319,0
1294,0
1219,0
1038,0
970,0
963,0
949,0
905,0
889,0
899,0
919,0
934,0
932,0
929,0
919,0
931,0
927,0
926,0
931,0
938,0
940,0
956,0
959,0
958,0
956,0
969,0
880,0
1017,0
1005,0
953,0
932,0
914,0
907,0
894,0
976,0
1147,0
1266,0
1167,0
1174,0
1171,0
1163,0
1168,0
1193,0
1196,0
1342,0
1262,0
1320,0
1341,0
1435,0
1080,0
1382,0
1197,0
1328,0
1309,0
1280,0
1274,0
1277,0
1274,0
1293,0
1639,0
1392,0
1426,0
1441,0
1404,0
1391,0
1382,0
1165,0
1390,0
1224,0
1613,0
1195,0
1228,0
1566,0
1560,0
1479,0
1187,0
1417,0
1342,0
1300,0
1262,0
1275,0
1287,0
1326,0
1360,0
1402,0
1420,0
1428,0
1423,0
1409,0
1417,0
1217,0
1420,0
1250,0
1430,0
1489,0
2135,0
1432,0
1595,0
1285,0
1017,0
1357,0
1312,0
1298,0
1280,0
1283,0
1265,0
1300,0
1373,0
1411,0
1408,0
1410,0
1409,0
1402,0
1211,0
1416,0
1151,0
1254,0
1427,0
1842,0
1372,0
1343,0
1346,0
1352,0
1567,0
1630,0
1305,0
1296,0
1282,0
1266,0
1261,0
1259,0
1345,0
1406,0
1396,0
1399,0
1405,0
1410,0
1323,0
1547,0
1421,0
1345,0
1433,0
1476,0
1467,0
1413,0
1415,0
1421,0
1380,0
1304,0
1331,0
1283,0
1239,0
1234,0
1225,0
1266,0
1285,0
1350,0
1373,0
1373,0
1373,0
1350,0
1348,0
1360,0
1371,0
1377,0
1467,0
1474,0
1577,0
1360,0
1360,0
1173,0
1383,0
1102,0
1087,0
1059,0
1064,0
1057,0
1074,0
1073,0
1081,0
1125,0
1154,0
1173,0
1173,0
1178,0
1174,0
1183,0
1179,0
1167,0
1173,0
1173,0
1174,0
1180,0
1177,0
1184,0
1184,0
1137,0
1095,0
1064,0
1072,0
1078,0
1073,0
1086,0
1097,0
1087,0
1112,0
1154,0
1174,0
1183,0
1184,0
1169,0
1180,0
1168,0
1135,0
1130,0
1141,0
1143,0
1150,0
1152,0
1151,0
1087,0
1071,0
1066,0
1058,0
1053,0
1050,0
1061,0
1115,0
1196,0
1181,0
1181,0
1182,0
1177,0
1186,0
1186,0
1183,0
1185,0
1183,0
1203,0
1215,0
1195,0
1178,0
1204,0
1196,0
1195,0
1147,0
1119,0
1113,0
1113,0
1118,0
1158,0
1192,0
1209,0
1223,0
1228,0
1235,0
1243,0
1166,0
1609,0
1330,0
1221,0
1212,0
1033,0
1033,0
1016,0
1406,0
1447,0
1084,0
1096,0
1203,0
1194,0
1181,0
1188,0
1202,0
1222,0
1221,0
1232,0
1233,0
1233,0
1222,0
1183,0
1515,0
1207,0
1221,0
1044,0
1393,0
1222,0
1047,0
1048,0
1216,0
1213,0
1224,0
1253,0
1191,0
1146,0
1137,0
1131,0
1098,0
1188,0
1217,0
1225,0
1221,0
1227,0
1322,0
1050,0
1001,0
1042,0
1039,0
1044,0
1126,0
1035,0
1029,0
1026,0
992,0
868,0
1045,0
1025,0
1017,0
989,0
980,0
966,0
952,0
956,0
972,0
1010,0
1014,0
1110,0
1020,0
1027,0
1025,0
1009,0
1028,0
1042,0
858,0
944,0
1027,0
1075,0
1015,0
1026,0
1140,0
1050,0
964,0
918,0
908,0
911,0
910,0
908,0
917,0
955,0
1071,0
1146,0
1195,0
1208,0
1209,0
1215,0
1216,0
1213,0
1216,0
1230,0
1227,0
1055,0
982,0
1004,0
993,0
974,0
921,0
903,0
890,0
879,0
881,0
883,0
881,0
899,0
934,0
971,0
980,0
996,0
997,0
996,0
994,0
992,0
996,0
997,0
990,0
999,0
1002,0
999,0
1004,0
982,0
940,0
914,0
898,0
888,0
893,0
939,0
995,0
1018,0
1013,0
1012,0
1016,0
1017,0
1017,0
1011,0
1016,0
1015,0
1015,0
1016,0
1014,0
1014,0
1002,0
1004,0
1009,0
993,0
951,0
919,0
1009,0
1107,0
1129,0
1140,0
1176,0
1210,0
1212,0
1291,0
1300,0
1317,0
1266,0
1311,0
1294,0
1195,0
1204,0
1210,0
1204,0
1198,0
1107,0
1226,0
1020,0
949,0
1206,0
1175,0
1129,0
1120,0
1134,0
1199,0
1093,0
1068,0
1198,0
1156,0
1030,0
1037,0
1042,0
842,0
1048,0
869,0
1042,0
1061,0
1434,0
911,0
1038,0
1047,0
773,0
1029,0
1008,0
983,0
973,0
980,0
971,0
1004,0
1021,0
1022,0
1025,0
1036,0
1035,0
1043,0
1037,0
1050,0
1047,0
866,0
841,0
1153,0
1196,0
1260,0
1079,0
829,0
1083,0
1084,0
1023,0
984,0
969,0
936,0
927,0
967,0
1106,0
1108,0
1000,0
1025,0
1084,0
1184,0
1241,0
1040,0
1291,0
1367,0
1285,0
1238,0
1229,0
1060,0
829,0
1141,0
1249,0
1605,0
1059,0
1033,0
1003,0
996,0
994,0
1015,0
1041,0
1031,0
1026,0
1031,0
1038,0
1051,0
1062,0
1061,0
1071,0
1073,0
1068,0
1070,0
1077,0
1076,0
1075,0
1063,0
1059,0
1066,0
1054,0
1021,0
978,0
959,0
963,0
971,0
1006,0
1020,0
1034,0
1057,0
1056,0
1047,0
1048,0
1060,0
1056,0
1041,0
1034,0
1042,0
1057,0
1062,0
1055,0
1047,0
1015,0
1007,0
1018,0
1017,0
987,0
970,0
990,0
1012,0
1017,0
985,0
980,0
991,0
1003,0
1006,0
1006,0
1016,0
1011,0
1000,0
996,0
991,0
1011,0
996,0
1018,0
1033,0
1089,0
1127,0
1109,0
1086,0
1052,0
1047,0
1048,0
1092,0
1157,0
1177,0
1168,0
1208,0
1166,0
1164,0
1176,0
1175,0
1358,0
1165,0
1168,0
1010,0
1081,0
1202,0
1165,0
985,0
1381,0
1115,0
1129,0
1071,0
1084,0
1045,0
1046,0
1085,0
1128,0
1193,0
1189,0
1140,0
1139,0
1128,0
1150,0
1153,0
993,0
1279,0
978,0
1279,0
982,0
1369,0
1382,0
798,0
1036,0
908,0
745,0
746,0
748,0
747,0
750,0
745,0
745,0
743,0
750,0
747,0
743,0
742,0
744,0
742,0
757,0
758,0
752,0
750,0
752,0
743,0
972,0
762,0
545,0
744,0
741,0
743,0
736,0
727,0
724,0
712,0
715,0
714,0
715,0
735,0
727,0
727,0
752,0
753,0
866,0
784,0
726,0
719,0
706,0
707,0
698,0
510,0
899,0
536,0
513,0
512,0
516,0
516,0
515,0
524,0
545,0
534,0
534,0
530,0
522,0
526,0
532,0
532,0
530,0
541,0
558,0
550,0
537,0
537,0
537,0
538,0
512,0
511,0
510,0
503,0
504,0
505,0
502,0
507,0
504,0
501,0
497,0
499,0
499,0
497,0
504,0
502,0
506,0
511,0
509,0
504,0
509,0
506,0
499,0
499,0
507,0
502,0
501,0
494,0
491,0
473,0
473,0
517,0
562,0
641,0
714,0
718,0
702,0
706,0
711,0
704,0
710,0
698,0
709,0
711,0
718,0
718,0
746,0
750,0
757,0
735,0
689,0
713,0
709,0
713,0
733,0
770,0
793,0
1024,0
871,0
862,0
844,0
830,0
981,0
892,0
850,0
871,0
684,0
766,0
897,0
899,0
805,0
935,0
698,0
923,0
850,0
841,0
837,0
840,0
835,0
832,0
857,0
902,0
909,0
919,0
934,0
736,0
933,0
741,0
930,0
1150,0
1018,0
731,0
736,0
735,0
735,0
738,0
746,0
756,0
755,0
862,0
847,0
848,0
849,0
868,0
917,0
939,0
938,0
941,0
938,0
938,0
941,0
942,0
743,0
939,0
933,0
933,0
890,0
980,0
1202,0
1187,0
866,0
514,0
