1064,0
1014,0
936,0
870,0
841,0
1018,0
1071,0
1117,0
1090,0
1147,0
1249,0
1308,0
1233,0
1188,0
1205,0
1216,0
1110,0
1394,0
1342,0
1362,0
1142,0
1105,0
1251,0
1089,0
892,0
828,0
0,0
0,0
0,0
0,0
0,0
1043,0
1223,0
1281,0
1297,0
1293,0
1280,0
1347,0
1290,0
1350,0
1392,0
1402,0
1361,0
1307,0
1292,0
1186,0
1176,0
1130,0
924,0
810,0
629,0
494,0
548,0
628,0
741,0
884,0
1011,0
1097,0
1096,0
1088,0
1105,0
1117,0
1116,0
1096,0
1290,0
1578,0
1630,0
1558,0
1421,0
1306,0
1190,0
1129,0
985,0
959,0
900,0
912,0
924,0
935,0
1144,0
1278,0
1536,0
1540,0
1574,0
1602,0
1581,0
1554,0
1556,0
1587,0
1687,0
1672,0
1641,0
1598,0
1320,0
1203,0
1108,0
1038,0
1010,0
952,0
943,0
902,0
904,0
909,0
1048,0
1150,0
1373,0
1431,0
1400,0
1385,0
1348,0
1418,0
1410,0
1397,0
1358,0
1480,0
1462,0
1454,0
1253,0
1147,0
1062,0
1065,0
915,0
845,0
788,0
800,0
797,0
869,0
1015,0
1104,0
1352,0
1411,0
1456,0
1458,0
1428,0
1448,0
1459,0
1497,0
1519,0
1551,0
1512,0
1479,0
1326,0
1166,0
1069,0
997,0
819,0
645,0
602,0
602,0
656,0
802,0
1008,0
1139,0
1436,0
1470,0
1429,0
1399,0
1348,0
1404,0
1378,0
1382,0
1477,0
1545,0
1545,0
1399,0
1218,0
1190,0
1108,0
971,0
1005,0
923,0
883,0
886,0
901,0
947,0
1070,0
1247,0
1508,0
1624,0
1764,0
1572,0
1387,0
1520,0
1169,0
1446,0
1598,0
1455,0
1621,0
1559,0
1400,0
1187,0
1156,0
1100,0
890,0
773,0
760,0
694,0
715,0
781,0
927,0
1043,0
1296,0
1332,0
1372,0
1383,0
1334,0
1333,0
1321,0
1362,0
1483,0
1623,0
1606,0
1586,0
1349,0
1187,0
1092,0
989,0
712,0
669,0
540,0
517,0
513,0
539,0
735,0
840,0
1007,0
1126,0
1209,0
1371,0
1368,0
1190,0
1149,0
1163,0
1453,0
1493,0
1474,0
1455,0
1438,0
1132,0
986,0
879,0
518,0
487,0
491,0
487,0
493,0
512,0
709,0
1046,0
1361,0
1385,0
1381,0
1398,0
1369,0
1410,0
1413,0
1358,0
1398,0
1449,0
1417,0
1384,0
1261,0
1054,0
909,0
794,0
652,0
605,0
577,0
533,0
515,0
594,0
788,0
1142,0
1365,0
1447,0
1399,0
1301,0
1404,0
1312,0
1613,0
1306,0
1246,0
1304,0
1415,0
1187,0
1048,0
931,0
829,0
865,0
715,0
634,0
596,0
592,0
618,0
692,0
943,0
1215,0
1517,0
1563,0
1394,0
1398,0
1339,0
1369,0
1317,0
1335,0
1449,0
1516,0
1470,0
1438,0
1350,0
1144,0
920,0
847,0
938,0
729,0
692,0
685,0
691,0
875,0
962,0
1100,0
1313,0
1414,0
1414,0
1410,0
1374,0
1393,0
1413,0
1420,0
1474,0
1547,0
1475,0
1423,0
1259,0
1111,0
993,0
857,0
792,0
559,0
523,0
521,0
544,0
721,0
797,0
1106,0
1392,0
1467,0
1444,0
1415,0
1358,0
1376,0
1368,0
1327,0
1463,0
1637,0
1558,0
1437,0
1191,0
1065,0
893,0
775,0
528,0
460,0
452,0
446,0
455,0
491,0
718,0
862,0
1078,0
1212,0
1209,0
1200,0
1176,0
1193,0
1159,0
1144,0
1171,0
1268,0
1211,0
1187,0
1100,0
990,0
850,0
747,0
553,0
431,0
398,0
390,0
398,0
473,0
629,0
771,0
950,0
1026,0
1080,0
1098,0
1095,0
1083,0
998,0
1000,0
1150,0
1230,0
1181,0
1338,0
1088,0
935,0
802,0
674,0
517,0
434,0
430,0
419,0
427,0
486,0
708,0
965,0
1223,0
1084,0
1366,0
1327,0
1282,0
1305,0
1307,0
1303,0
1340,0
1468,0
1385,0
1366,0
1263,0
1095,0
857,0
720,0
541,0
458,0
453,0
433,0
445,0
464,0
713,0
1041,0
1417,0
1465,0
1502,0
1431,0
1416,0
1421,0
1310,0
1275,0
1413,0
1576,0
1555,0
1475,0
1327,0
1153,0
1026,0
817,0
561,0
449,0
452,0
467,0
484,0
465,0
874,0
1202,0
1415,0
1438,0
1384,0
1346,0
1251,0
1241,0
1211,0
1268,0
1366,0
1488,0
1367,0
1280,0
1215,0
1099,0
958,0
821,0
527,0
483,0
472,0
474,0
500,0
534,0
828,0
1143,0
1364,0
1405,0
1314,0
1307,0
1259,0
1276,0
1278,0
1279,0
1383,0
1444,0
1391,0
1306,0
1138,0
1030,0
890,0
769,0
529,0
417,0
385,0
377,0
383,0
444,0
725,0
1034,0
1237,0
1324,0
1284,0
1279,0
1221,0
1205,0
1164,0
1154,0
1236,0
1343,0
1325,0
1261,0
1091,0
971,0
858,0
761,0
624,0
553,0
503,0
490,0
498,0
519,0
655,0
879,0
1157,0
1237,0
1249,0
1254,0
1250,0
1312,0
1318,0
1305,0
1356,0
1482,0
1449,0
1381,0
1275,0
1092,0
983,0
886,0
844,0
764,0
698,0
678,0
660,0
677,0
763,0
939,0
1155,0
1340,0
1400,0
1392,0
1451,0
1387,0
1348,0
1377,0
1487,0
1515,0
1471,0
1483,0
1457,0
1451,0
1371,0
1170,0
996,0
917,0
881,0
877,0
887,0
984,0
1178,0
1382,0
1500,0
1487,0
1465,0
1469,0
1442,0
1483,0
1496,0
1515,0
1527,0
1567,0
1550,0
1591,0
1517,0
1452,0
1413,0
1316,0
1161,0
1074,0
1015,0
955,0
965,0
983,0
1015,0
1260,0
1403,0
1441,0
1420,0
1406,0
1375,0
1396,0
1396,0
1389,0
1437,0
1597,0
1682,0
1587,0
1366,0
1264,0
1122,0
1110,0
1039,0
941,0
898,0
833,0
763,0
788,0
1025,0
1203,0
1466,0
1533,0
1510,0
1523,0
1548,0
1567,0
1544,0
1530,0
1509,0
1591,0
1586,0
1523,0
1498,0
1429,0
1234,0
1154,0
924,0
851,0
805,0
788,0
866,0
1024,0
1303,0
1381,0
1720,0
1734,0
1665,0
1637,0
1574,0
1581,0
1562,0
1534,0
1561,0
1684,0
1645,0
1564,0
1413,0
1305,0
1170,0
1065,0
804,0
740,0
681,0
643,0
674,0
740,0
1096,0
1300,0
1563,0
1597,0
1553,0
1582,0
1555,0
1582,0
1500,0
1489,0
1497,0
1544,0
1531,0
1500,0
1395,0
1238,0
1108,0
1010,0
695,0
627,0
643,0
637,0
628,0
636,0
873,0
1055,0
1378,0
1462,0
1452,0
1436,0
1405,0
1408,0
1346,0
1307,0
1400,0
1547,0
1536,0
1484,0
1374,0
1170,0
1082,0
991,0
683,0
523,0
473,0
447,0
456,0
489,0
617,0
760,0
940,0
1103,0
1189,0
1220,0
1261,0
1222,0
1199,0
1220,0
1283,0
1375,0
1374,0
1348,0
1292,0
1200,0
969,0
817,0
818,0
776,0
772,0
756,0
752,0
793,0
989,0
1238,0
1448,0
1507,0
1488,0
1622,0
1594,0
1602,0
1594,0
1536,0
1551,0
1709,0
1675,0
1658,0
1559,0
1518,0
1445,0
1263,0
1235,0
1145,0
1097,0
1078,0
1087,0
1120,0
1424,0
1521,0
1748,0
1851,0
1752,0
1801,0
1502,0
1668,0
1814,0
1507,0
1589,0
1597,0
1609,0
1455,0
1428,0
1466,0
1387,0
1233,0
1107,0
1020,0
995,0
989,0
1009,0
1074,0
1275,0
1482,0
1603,0
1669,0
1646,0
1636,0
1633,0
1636,0
1540,0
1528,0
1530,0
1604,0
1621,0
1642,0
1500,0
1270,0
921,0
1011,0
1009,0
929,0
876,0
870,0
878,0
965,0
1204,0
1410,0
1582,0
1651,0
1763,0
1754,0
1668,0
1726,0
1706,0
1706,0
1717,0
1764,0
1778,0
1744,0
1706,0
1641,0
1587,0
1446,0
1026,0
931,0
912,0
840,0
964,0
1041,0
1360,0
1557,0
1689,0
1697,0
1675,0
1502,0
1466,0
1483,0
1582,0
1474,0
1319,0
1432,0
1409,0
1340,0
1226,0
1181,0
959,0
877,0
811,0
737,0
710,0
688,0
721,0
771,0
902,0
1117,0
1361,0
1444,0
1449,0
1411,0
1372,0
1376,0
1336,0
1304,0
1417,0
1536,0
1548,0
1502,0
1321,0
1147,0
1029,0
930,0
807,0
699,0
646,0
645,0
652,0
674,0
751,0
916,0
1155,0
1268,0
1298,0
1268,0
1214,0
1174,0
1126,0
1132,0
1259,0
1557,0
1589,0
1566,0
1511,0
1319,0
1172,0
1029,0
942,0
871,0
644,0
620,0
632,0
920,0
1158,0
1454,0
1632,0
1695,0
1613,0
1611,0
1512,0
1499,0
1489,0
1464,0
1512,0
1653,0
1697,0
1666,0
1640,0
1500,0
1364,0
1197,0
1186,0
1051,0
936,0
834,0
859,0
1095,0
1204,0
1544,0
1762,0
1788,0
1789,0
1796,0
1789,0
1798,0
1786,0
1786,0
1767,0
1791,0
1790,0
1787,0
1768,0
1662,0
1658,0
1582,0
1460,0
1424,0
1365,0
1341,0
1334,0
1340,0
1592,0
1690,0
1866,0
1883,0
1886,0
1818,0
1739,0
1735,0
1795,0
1851,0
1854,0
1920,0
1900,0
1876,0
1863,0
1739,0
1750,0
1546,0
1570,0
1500,0
1508,0
1643,0
1600,0
1686,0
1810,0
1876,0
1933,0
2137,0
1930,0
1841,0
1616,0
1582,0
1616,0
1704,0
1350,0
1606,0
1706,0
1759,0
1529,0
1636,0
1552,0
1681,0
1353,0
1257,0
1205,0
1199,0
1212,0
1276,0
1505,0
1668,0
1686,0
1716,0
1657,0
0,0
1437,0
1684,0
1746,0
1760,0
1770,0
1927,0
1937,0
1835,0
1747,0
1625,0
1552,0
1480,0
1593,0
1499,0
1438,0
1412,0
1410,0
1462,0
1551,0
1631,0
1637,0
1733,0
1755,0
1759,0
1791,0
1812,0
1803,0
1748,0
1713,0
1779,0
1794,0
1808,0
1767,0
1717,0
1637,0
1549,0
1582,0
1474,0
1401,0
1386,0
1394,0
1414,0
1445,0
1512,0
1658,0
1798,0
1848,0
1843,0
1814,0
1767,0
1733,0
1757,0
1762,0
1864,0
1865,0
1845,0
1774,0
1712,0
1657,0
1441,0
1435,0
1367,0
1317,0
1317,0
1318,0
1297,0
1491,0
1702,0
1749,0
1739,0
1696,0
1691,0
1690,0
0,0
1727,0
1706,0
1740,0
1797,0
1831,0
1832,0
1813,0
1773,0
1707,0
1555,0
1537,0
1473,0
1552,0
1480,0
1480,0
1516,0
1581,0
1787,0
1940,0
1966,0
1918,0
1841,0
1796,0
1739,0
1818,0
1768,0
1664,0
1759,0
1813,0
1779,0
1728,0
1569,0
1450,0
1298,0
1428,0
1388,0
1346,0
1318,0
1326,0
1385,0
1337,0
1460,0
1564,0
1710,0
1836,0
1771,0
1636,0
1676,0
1690,0
1669,0
1691,0
1656,0
1817,0
1796,0
1728,0
1466,0
1448,0
1168,0
1132,0
1039,0
987,0
985,0
982,0
1020,0
1280,0
1482,0
1643,0
1773,0
1651,0
1561,0
1542,0
1539,0
1377,0
1477,0
1446,0
1528,0
1694,0
1680,0
1807,0
1318,0
1047,0
1110,0
1144,0
1051,0
986,0
971,0
989,0
1046,0
1216,0
1496,0
1859,0
1923,0
1783,0
1761,0
1748,0
1787,0
1617,0
1481,0
1528,0
1611,0
1723,0
1497,0
1403,0
1314,0
1286,0
1085,0
932,0
859,0
825,0
815,0
823,0
855,0
951,0
1151,0
1370,0
1510,0
1524,0
1493,0
1472,0
1423,0
1390,0
1370,0
1397,0
1451,0
1576,0
1539,0
1407,0
1205,0
1097,0
979,0
611,0
573,0
577,0
713,0
711,0
736,0
788,0
890,0
1045,0
1325,0
1357,0
1324,0
1265,0
1055,0
1024,0
1047,0
1252,0
1437,0
1559,0
1562,0
1453,0
1312,0
1051,0
920,0
666,0
655,0
643,0
620,0
642,0
674,0
999,0
1392,0
1525,0
1494,0
1454,0
1402,0
1333,0
1354,0
1345,0
1306,0
1340,0
1460,0
1597,0
1560,0
1476,0
1262,0
1056,0
917,0
674,0
616,0
612,0
596,0
603,0
650,0
996,0
1425,0
1527,0
1537,0
1416,0
1339,0
1308,0
1345,0
1161,0
1280,0
1311,0
1633,0
1663,0
1586,0
1455,0
1064,0
988,0
744,0
700,0
598,0
571,0
577,0
534,0
815,0
1095,0
1436,0
1536,0
1477,0
21,0
1330,0
1017,0
1248,0
1187,0
1249,0
1318,0
1412,0
1686,0
1516,0
1384,0
1204,0
936,0
963,0
753,0
604,0
559,0
614,0
543,0
914,0
1299,0
1586,0
1553,0
1515,0
1498,0
1159,0
1232,0
1163,0
1058,0
1287,0
1236,0
1241,0
1539,0
1415,0
1191,0
1316,0
1348,0
811,0
715,0
647,0
622,0
645,0
707,0
690,0
1143,0
1413,0
1544,0
1474,0
1365,0
1237,0
1130,0
1171,0
1114,0
1186,0
1332,0
1255,0
1385,0
1388,0
1205,0
1155,0
968,0
964,0
601,0
581,0
590,0
582,0
575,0
570,0
810,0
1019,0
1255,0
1276,0
1222,0
1159,0
1143,0
1121,0
1085,0
1081,0
1144,0
1308,0
1468,0
1394,0
1234,0
1115,0
1019,0
860,0
491,0
444,0
379,0
385,0
385,0
397,0
538,0
581,0
880,0
909,0
1044,0
923,0
892,0
874,0
825,0
823,0
895,0
1138,0
1284,0
1265,0
1137,0
1030,0
948,0
833,0
628,0
518,0
480,0
482,0
509,0
608,0
977,0
1190,0
1290,0
1284,0
1257,0
1161,0
1122,0
1168,0
1127,0
1093,0
1154,0
1253,0
1388,0
1360,0
1279,0
1182,0
1119,0
948,0
790,0
657,0
602,0
692,0
711,0
712,0
1158,0
1480,0
1583,0
1548,0
1481,0
1280,0
1303,0
1250,0
1205,0
1378,0
1233,0
1242,0
1475,0
1399,0
1089,0
1146,0
1044,0
878,0
628,0
577,0
578,0
580,0
587,0
676,0
1048,0
1343,0
1471,0
1464,0
1385,0
1240,0
1152,0
1071,0
1073,0
1174,0
1253,0
1328,0
1522,0
1534,0
1432,0
1238,0
1086,0
927,0
633,0
485,0
439,0
400,0
386,0
555,0
856,0
1229,0
1421,0
1352,0
1284,0
1153,0
1004,0
962,0
985,0
1043,0
1207,0
1372,0
1560,0
1568,0
1411,0
1143,0
989,0
833,0
677,0
519,0
508,0
514,0
493,0
813,0
1067,0
1343,0
1691,0
1475,0
1493,0
1232,0
1242,0
1057,0
1171,0
1249,0
1322,0
1630,0
1696,0
1497,0
1429,0
1152,0
1277,0
811,0
536,0
424,0
392,0
380,0
391,0
532,0
706,0
887,0
1078,0
1139,0
1105,0
1092,0
1090,0
1143,0
1120,0
1088,0
1060,0
1219,0
1335,0
1312,0
1158,0
1057,0
955,0
843,0
639,0
461,0
436,0
410,0
412,0
449,0
535,0
723,0
953,0
1037,0
1031,0
987,0
850,0
677,0
638,0
642,0
861,0
1186,0
1383,0
1388,0
1280,0
1108,0
926,0
771,0
518,0
479,0
457,0
452,0
455,0
484,0
938,0
1239,0
1438,0
1450,0
1391,0
1276,0
1152,0
1094,0
1071,0
1090,0
1167,0
1445,0
1594,0
1588,0
1475,0
1129,0
931,0
771,0
440,0
395,0
380,0
351,0
388,0
483,0
828,0
1173,0
1416,0
1428,0
1325,0
1219,0
1079,0
1128,0
1220,0
1259,0
1243,0
1355,0
1514,0
1500,0
1343,0
1095,0
917,0
753,0
496,0
402,0
428,0
432,0
429,0
506,0
895,0
1168,0
1393,0
1077,0
1198,0
1242,0
1088,0
1004,0
979,0
780,0
1069,0
1252,0
1484,0
1503,0
1267,0
1102,0
927,0
774,0
464,0
385,0
350,0
354,0
398,0
27,0
844,0
1089,0
1301,0
1229,0
1060,0
954,0
758,0
761,0
887,0
1031,0
1033,0
1146,0
1480,0
1449,0
1312,0
1126,0
975,0
529,0
557,0
408,0
440,0
395,0
358,0
503,0
747,0
943,0
1196,0
1229,0
1202,0
1277,0
1042,0
869,0
838,0
1045,0
1101,0
1256,0
1286,0
1244,0
1069,0
890,0
841,0
385,0
470,0
325,0
317,0
296,0
342,0
382,0
501,0
757,0
812,0
979,0
866,0
943,0
864,0
796,0
751,0
806,0
902,0
977,0
1181,0
1169,0
980,0
790,0
607,0
460,0
313,0
239,0
214,0
253,0
254,0
256,0
318,0
543,0
251,0
210,0
214,0
310,0
562,0
585,0
502,0
604,0
838,0
1107,0
1202,0
1186,0
1096,0
1001,0
805,0
611,0
681,0
683,0
751,0
603,0
658,0
687,0
909,0
1125,0
1286,0
1304,0
1199,0
1155,0
1015,0
1124,0
1109,0
1109,0
1138,0
1218,0
1234,0
1194,0
1237,0
1169,0
945,0
861,0
680,0
617,0
620,0
697,0
663,0
804,0
1031,0
1272,0
1404,0
1408,0
1373,0
1139,0
902,0
891,0
1161,0
903,0
1246,0
1430,0
1335,0
1478,0
1126,0
1104,0
925,0
545,0
815,0
804,0
785,0
106,0
523,0
623,0
1029,0
1324,0
1456,0
1462,0
1384,0
1166,0
897,0
1183,0
1395,0
1138,0
1353,0
1253,0
1276,0
1432,0
1294,0
1201,0
916,0
913,0
671,0
559,0
576,0
551,0
572,0
686,0
868,0
1199,0
1349,0
1400,0
1323,0
1254,0
938,0
1045,0
1194,0
1261,0
1303,0
1325,0
1411,0
1377,0
1220,0
1022,0
864,0
565,0
635,0
456,0
445,0
514,0
458,0
569,0
743,0
1063,0
49,0
1373,0
1275,0
1360,0
1195,0
1210,0
1179,0
1186,0
1262,0
1242,0
1353,0
1418,0
1317,0
1130,0
899,0
870,0
601,0
462,0
446,0
395,0
409,0
460,0
811,0
1068,0
1294,0
1342,0
1312,0
1294,0
1137,0
1093,0
1074,0
1060,0
1213,0
1350,0
1416,0
1389,0
1280,0
1062,0
912,0
803,0
447,0
328,0
287,0
282,0
291,0
335,0
535,0
787,0
931,0
994,0
933,0
963,0
878,0
874,0
845,0
841,0
1006,0
1136,0
1286,0
1304,0
1177,0
1016,0
811,0
659,0
531,0
391,0
372,0
380,0
389,0
482,0
923,0
1196,0
1344,0
1370,0
1360,0
1322,0
1091,0
1040,0
1041,0
1060,0
1162,0
1382,0
1480,0
1491,0
1407,0
1233,0
908,0
693,0
924,0
723,0
478,0
457,0
488,0
691,0
1004,0
1367,0
1471,0
1528,0
1435,0
1268,0
1028,0
980,0
952,0
853,0
1032,0
859,0
1397,0
1371,0
1249,0
1026,0
754,0
767,0
454,0
381,0
362,0
346,0
356,0
452,0
767,0
1105,0
1253,0
1253,0
1190,0
1343,0
991,0
1060,0
0,0
1065,0
1092,0
1321,0
1418,0
1439,0
1323,0
1159,0
837,0
547,0
437,0
358,0
322,0
316,0
357,0
432,0
779,0
1075,0
1207,0
1162,0
1126,0
968,0
885,0
895,0
848,0
945,0
1069,0
1233,0
1391,0
1451,0
1216,0
1261,0
932,0
622,0
445,0
369,0
335,0
327,0
332,0
426,0
923,0
1165,0
1323,0
1314,0
1187,0
927,0
780,0
779,0
757,0
820,0
1052,0
1235,0
1586,0
1705,0
1634,0
1402,0
1061,0
967,0
397,0
268,0
267,0
265,0
277,0
330,0
631,0
841,0
990,0
971,0
903,0
944,0
740,0
588,0
521,0
510,0
766,0
1182,0
1340,0
1283,0
1276,0
1138,0
865,0
653,0
246,0
0,0
83,0
83,0
43,0
48,0
65,0
110,0
144,0
151,0
148,0
132,0
114,0
103,0
99,0
94,0
167,0
223,0
270,0
301,0
271,0
189,0
150,0
74,0
43,0
33,0
29,0
28,0
67,0
161,0
234,0
301,0
1225,0
1243,0
1181,0
0,0
773,0
702,0
704,0
764,0
719,0
883,0
1062,0
1266,0
1278,0
1230,0
950,0
668,0
354,0
0,0
67,0
88,0
215,0
377,0
860,0
1081,0
1221,0
1253,0
1290,0
991,0
924,0
829,0
761,0
865,0
833,0
881,0
990,0
1097,0
1347,0
16,0
834,0
609,0
347,0
289,0
286,0
285,0
303,0
359,0
817,0
1092,0
1272,0
1228,0
1104,0
877,0
675,0
632,0
636,0
498,0
619,0
846,0
1071,0
1188,0
1243,0
1097,0
936,0
761,0
301,0
167,0
143,0
134,0
221,0
267,0
776,0
978,0
1064,0
1027,0
892,0
676,0
479,0
446,0
403,0
430,0
388,0
502,0
900,0
1257,0
1302,0
1133,0
719,0
602,0
208,0
193,0
111,0
140,0
179,0
193,0
420,0
668,0
783,0
791,0
723,0
549,0
480,0
442,0
506,0
508,0
502,0
655,0
675,0
874,0
895,0
830,0
406,0
251,0
209,0
106,0
83,0
72,0
99,0
118,0
237,0
408,0
562,0
650,0
584,0
426,0
390,0
416,0
332,0
314,0
312,0
408,0
610,0
709,0
753,0
635,0
405,0
265,0
272,0
226,0
186,0
154,0
259,0
287,0
321,0
498,0
623,0
541,0
583,0
568,0
594,0
504,0
490,0
471,0
470,0
535,0
620,0
815,0
914,0
895,0
538,0
348,0
388,0
424,0
376,0
355,0
394,0
453,0
582,0
843,0
844,0
837,0
900,0
599,0
515,0
501,0
470,0
500,0
362,0
554,0
701,0
923,0
981,0
855,0
642,0
631,0
339,0
291,0
0,0
224,0
225,0
344,0
536,0
928,0
1091,0
1120,0
1036,0
954,0
860,0
886,0
870,0
860,0
849,0
913,0
892,0
1190,0
1321,0
1184,0
935,0
703,0
512,0
438,0
390,0
382,0
382,0
462,0
613,0
968,0
1141,0
1108,0
1056,0
909,0
688,0
721,0
701,0
612,0
601,0
803,0
932,0
1130,0
1147,0
758,0
560,0
406,0
287,0
228,0
0,0
116,0
135,0
273,0
655,0
1139,0
1283,0
1293,0
1064,0
981,0
961,0
916,0
962,0
899,0
817,0
785,0
928,0
1205,0
1182,0
1175,0
793,0
504,0
519,0
417,0
0,0
337,0
352,0
445,0
738,0
1073,0
1220,0
1082,0
935,0
838,0
742,0
657,0
652,0
611,0
621,0
647,0
822,0
1121,0
1219,0
1149,0
790,0
623,0
434,0
350,0
304,0
214,0
162,0
278,0
408,0
703,0
852,0
946,0
863,0
802,0
631,0
444,0
339,0
338,0
362,0
558,0
790,0
1009,0
1114,0
916,0
657,0
543,0
329,0
245,0
238,0
203,0
195,0
228,0
277,0
433,0
587,0
652,0
686,0
498,0
428,0
411,0
409,0
440,0
430,0
479,0
598,0
856,0
966,0
851,0
656,0
372,0
234,0
137,0
124,0
125,0
142,0
276,0
577,0
1034,0
1120,0
1053,0
958,0
823,0
769,0
748,0
779,0
765,0
716,0
722,0
884,0
1087,0
1154,0
923,0
725,0
508,0
333,0
260,0
0,0
286,0
257,0
273,0
622,0
931,0
1104,0
1105,0
1045,0
849,0
815,0
824,0
885,0
904,0
828,0
891,0
1144,0
1170,0
1289,0
1162,0
744,0
488,0
387,0
318,0
305,0
359,0
354,0
369,0
666,0
1115,0
1158,0
1165,0
1148,0
1162,0
1086,0
983,0
1001,0
1027,0
931,0
947,0
1109,0
1192,0
1259,0
1063,0
826,0
617,0
421,0
332,0
0,0
364,0
385,0
433,0
705,0
1096,0
1220,0
1108,0
980,0
961,0
830,0
812,0
761,0
836,0
884,0
877,0
1081,0
1308,0
1292,0
1057,0
777,0
653,0
406,0
352,0
325,0
326,0
338,0
414,0
755,0
1171,0
1255,0
1163,0
1006,0
946,0
837,0
838,0
830,0
809,0
783,0
914,0
917,0
1237,0
1227,0
903,0
749,0
591,0
442,0
413,0
337,0
325,0
327,0
341,0
490,0
725,0
993,0
1084,0
1070,0
922,0
864,0
864,0
853,0
821,0
795,0
799,0
1034,0
1147,0
1129,0
984,0
795,0
578,0
435,0
334,0
274,0
298,0
302,0
294,0
335,0
578,0
847,0
896,0
932,0
992,0
935,0
899,0
767,0
752,0
757,0
787,0
998,0
1185,0
1229,0
1155,0
846,0
554,0
441,0
216,0
190,0
226,0
206,0
218,0
583,0
1048,0
1167,0
1177,0
1116,0
1096,0
1005,0
990,0
987,0
978,0
0,0
882,0
1041,0
1211,0
1224,0
1065,0
834,0
640,0
521,0
238,0
225,0
264,0
270,0
461,0
743,0
1149,0
1271,0
1198,0
1137,0
1207,0
1044,0
963,0
1002,0
1011,0
921,0
953,0
1106,0
1265,0
1273,0
1056,0
856,0
702,0
406,0
349,0
359,0
371,0
368,0
385,0
680,0
1055,0
1221,0
984,0
1046,0
949,0
890,0
391,0
327,0
834,0
783,0
822,0
996,0
1152,0
1199,0
1010,0
851,0
643,0
385,0
315,0
311,0
339,0
334,0
361,0
684,0
1078,0
1201,0
1107,0
991,0
863,0
809,0
803,0
826,0
788,0
844,0
938,0
1021,0
1178,0
1232,0
918,0
824,0
635,0
396,0
347,0
315,0
303,0
277,0
256,0
520,0
897,0
1001,0
995,0
813,0
790,0
640,0
678,0
826,0
647,0
734,0
840,0
932,0
1078,0
1169,0
961,0
676,0
662,0
303,0
132,0
127,0
161,0
152,0
143,0
345,0
641,0
757,0
657,0
484,0
420,0
346,0
286,0
259,0
254,0
383,0
525,0
627,0
857,0
938,0
885,0
652,0
354,0
210,0
141,0
74,0
37,0
84,0
145,0
158,0
269,0
444,0
539,0
473,0
228,0
228,0
137,0
94,0
94,0
123,0
373,0
500,0
835,0
905,0
877,0
620,0
321,0
175,0
112,0
114,0
141,0
115,0
215,0
578,0
943,0
1024,0
914,0
816,0
762,0
662,0
652,0
675,0
683,0
707,0
738,0
868,0
1175,0
1136,0
992,0
713,0
445,0
241,0
218,0
0,0
146,0
180,0
173,0
426,0
864,0
991,0
996,0
847,0
838,0
787,0
693,0
678,0
691,0
784,0
838,0
924,0
1143,0
1015,0
724,0
779,0
472,0
241,0
179,0
162,0
161,0
166,0
184,0
432,0
927,0
936,0
911,0
793,0
789,0
770,0
687,0
538,0
837,0
687,0
658,0
835,0
1041,0
856,0
930,0
550,0
500,0
273,0
186,0
157,0
228,0
233,0
191,0
448,0
856,0
936,0
918,0
735,0
695,0
716,0
638,0
551,0
678,0
654,0
752,0
823,0
1070,0
994,0
890,0
726,0
555,0
269,0
146,0
120,0
129,0
114,0
176,0
413,0
601,0
874,0
889,0
772,0
638,0
698,0
584,0
554,0
501,0
565,0
672,0
933,0
1123,0
1062,0
998,0
638,0
431,0
340,0
264,0
284,0
296,0
277,0
274,0
374,0
602,0
671,0
620,0
536,0
666,0
619,0
619,0
570,0
567,0
613,0
658,0
856,0
970,0
1021,0
954,0
743,0
567,0
341,0
272,0
265,0
262,0
262,0
262,0
271,0
390,0
518,0
578,0
578,0
588,0
565,0
474,0
388,0
300,0
416,0
679,0
806,0
1065,0
1103,0
1074,0
888,0
672,0
473,0
444,0
448,0
459,0
442,0
476,0
509,0
718,0
1017,0
1002,0
857,0
777,0
743,0
758,0
794,0
687,0
772,0
805,0
1011,0
921,0
893,0
797,0
780,0
602,0
539,0
509,0
495,0
513,0
484,0
482,0
568,0
762,0
890,0
864,0
836,0
799,0
845,0
728,0
737,0
717,0
694,0
719,0
845,0
0,0
952,0
796,0
715,0
586,0
559,0
491,0
0,0
502,0
476,0
483,0
745,0
1134,0
1193,0
1012,0
904,0
867,0
894,0
796,0
795,0
764,0
686,0
795,0
854,0
1202,0
1221,0
1068,0
815,0
621,0
508,0
393,0
407,0
425,0
403,0
412,0
685,0
1059,0
1105,0
954,0
865,0
933,0
909,0
777,0
745,0
929,0
745,0
796,0
863,0
1118,0
1034,0
1109,0
810,0
625,0
308,0
159,0
0,0
159,0
173,0
180,0
460,0
774,0
955,0
937,0
832,0
810,0
797,0
812,0
906,0
922,0
896,0
868,0
1017,0
1073,0
1081,0
886,0
911,0
569,0
343,0
233,0
221,0
226,0
196,0
188,0
246,0
478,0
604,0
608,0
513,0
478,0
378,0
400,0
390,0
368,0
371,0
371,0
752,0
949,0
897,0
819,0
643,0
476,0
446,0
370,0
312,0
290,0
254,0
297,0
343,0
450,0
519,0
522,0
468,0
459,0
319,0
298,0
291,0
302,0
296,0
350,0
486,0
643,0
683,0
684,0
485,0
348,0
255,0
123,0
119,0
122,0
119,0
168,0
343,0
687,0
738,0
665,0
629,0
618,0
613,0
539,0
520,0
567,0
578,0
559,0
745,0
890,0
989,0
883,0
666,0
512,0
0,0
159,0
0,0
160,0
164,0
159,0
373,0
654,0
793,0
736,0
690,0
664,0
625,0
692,0
629,0
614,0
609,0
620,0
640,0
912,0
901,0
1036,0
852,0
471,0
345,0
227,0
0,0
222,0
390,0
384,0
704,0
953,0
1012,0
1089,0
1000,0
994,0
765,0
635,0
724,0
487,0
575,0
606,0
917,0
1132,0
1149,0
1039,0
820,0
657,0
470,0
333,0
279,0
281,0
306,0
410,0
677,0
837,0
907,0
932,0
797,0
686,0
394,0
448,0
557,0
454,0
458,0
446,0
521,0
734,0
946,0
898,0
677,0
481,0
267,0
182,0
0,0
76,0
149,0
228,0
322,0
534,0
699,0
655,0
650,0
357,0
743,0
628,0
768,0
755,0
663,0
530,0
625,0
797,0
1000,0
982,0
533,0
508,0
405,0
365,0
364,0
348,0
323,0
180,0
200,0
330,0
632,0
724,0
707,0
689,0
630,0
571,0
592,0
584,0
536,0
561,0
701,0
885,0
973,0
899,0
691,0
529,0
399,0
324,0
283,0
271,0
273,0
271,0
282,0
407,0
530,0
609,0
527,0
512,0
511,0
438,0
361,0
375,0
388,0
500,0
684,0
795,0
843,0
828,0
704,0
582,0
304,0
232,0
211,0
207,0
210,0
244,0
402,0
856,0
964,0
832,0
734,0
651,0
647,0
634,0
544,0
622,0
597,0
745,0
794,0
444,0
444,0
444,0
444,0
444,0
444,0
342,0
0,0
351,0
359,0
285,0
455,0
687,0
704,0
673,0
655,0
602,0
576,0
513,0
532,0
517,0
502,0
561,0
754,0
791,0
0,0
824,0
634,0
517,0
470,0
412,0
0,0
273,0
205,0
275,0
405,0
654,0
782,0
787,0
810,0
816,0
755,0
766,0
825,0
808,0
819,0
772,0
768,0
893,0
942,0
874,0
536,0
405,0
303,0
354,0
325,0
310,0
310,0
321,0
483,0
828,0
903,0
770,0
728,0
705,0
671,0
658,0
652,0
520,0
610,0
578,0
643,0
750,0
881,0
641,0
387,0
306,0
223,0
186,0
0,0
122,0
117,0
115,0
254,0
475,0
577,0
529,0
606,0
567,0
590,0
528,0
582,0
645,0
642,0
578,0
586,0
760,0
708,0
650,0
550,0
540,0
253,0
228,0
174,0
168,0
167,0
183,0
223,0
424,0
424,0
426,0
508,0
515,0
464,0
420,0
459,0
326,0
344,0
306,0
374,0
561,0
678,0
650,0
529,0
447,0
195,0
194,0
184,0
181,0
181,0
170,0
219,0
299,0
340,0
415,0
417,0
399,0
325,0
281,0
279,0
298,0
302,0
308,0
406,0
541,0
654,0
654,0
498,0
341,0
144,0
139,0
121,0
120,0
121,0
148,0
291,0
526,0
663,0
675,0
601,0
563,0
575,0
498,0
495,0
500,0
458,0
460,0
475,0
603,0
684,0
670,0
416,0
288,0
49,0
1,0
0,0
1,0
7,0
20,0
46,0
103,0
187,0
183,0
165,0
170,0
142,0
106,0
134,0
122,0
162,0
195,0
193,0
434,0
437,0
293,0
163,0
50,0
26,0
1,0
0,0
1,0
1,0
3,0
75,0
326,0
376,0
249,0
190,0
134,0
111,0
78,0
83,0
70,0
133,0
218,0
283,0
313,0
333,0
275,0
147,0
78,0
52,0
3,0
0,0
1,0
1,0
1,0
64,0
203,0
237,0
219,0
224,0
168,0
138,0
140,0
140,0
151,0
140,0
0,0
238,0
562,0
558,0
248,0
294,0
236,0
71,0
1,0
1,0
1,0
1,0
2,0
28,0
171,0
214,0
198,0
165,0
162,0
140,0
136,0
128,0
97,0
113,0
128,0
250,0
438,0
296,0
259,0
81,0
36,0
38,0
2,0
3,0
3,0
3,0
3,0
27,0
80,0
109,0
123,0
94,0
102,0
70,0
75,0
55,0
43,0
48,0
53,0
73,0
136,0
153,0
134,0
78,0
34,0
5,0
0,0
0,0
0,0
0,0
0,0
9,0
44,0
38,0
51,0
74,0
48,0
30,0
40,0
46,0
47,0
40,0
38,0
103,0
124,0
142,0
146,0
117,0
57,0
0,0
0,0
0,0
0,0
0,0
0,0
32,0
138,0
192,0
183,0
257,0
256,0
245,0
126,0
123,0
97,0
113,0
118,0
99,0
188,0
306,0
200,0
79,0
90,0
95,0
78,0
66,0
55,0
57,0
41,0
178,0
419,0
373,0
159,0
129,0
99,0
123,0
66,0
89,0
96,0
99,0
114,0
121,0
119,0
148,0
157,0
233,0
167,0
138,0
43,0
1,0
0,0
0,0
20,0
98,0
281,0
299,0
244,0
230,0
153,0
144,0
81,0
92,0
84,0
97,0
129,0
156,0
170,0
186,0
200,0
186,0
122,0
77,0
34,0
0,0
0,0
3,0
18,0
66,0
138,0
146,0
150,0
134,0
112,0
108,0
97,0
103,0
97,0
77,0
163,0
218,0
235,0
249,0
259,0
193,0
153,0
64,0
29,0
13,0
0,0
0,0
77,0
161,0
198,0
138,0
127,0
119,0
114,0
136,0
57,0
62,0
76,0
50,0
47,0
43,0
142,0
200,0
155,0
105,0
31,0
33,0
0,0
0,0
0,0
0,0
0,0
6,0
28,0
32,0
121,0
142,0
134,0
39,0
21,0
4,0
0,0
22,0
17,0
143,0
157,0
171,0
181,0
175,0
90,0
21,0
0,0
0,0
0,0
0,0
0,0
1,0
23,0
18,0
45,0
54,0
38,0
0,0
1,0
1,0
59,0
117,0
114,0
153,0
147,0
143,0
182,0
151,0
2,0
0,0
0,0
0,0
0,0
0,0
75,0
79,0
297,0
304,0
196,0
182,0
177,0
174,0
159,0
178,0
177,0
174,0
165,0
142,0
136,0
152,0
164,0
127,0
116,0
102,0
5,0
0,0
0,0
0,0
2,0
81,0
235,0
259,0
178,0
183,0
174,0
181,0
214,0
281,0
255,0
215,0
96,0
206,0
167,0
215,0
161,0
115,0
114,0
147,0
62,0
53,0
38,0
3,0
0,0
87,0
151,0
174,0
165,0
141,0
166,0
165,0
166,0
168,0
181,0
215,0
272,0
313,0
302,0
384,0
250,0
269,0
94,0
80,0
14,0
0,0
0,0
0,0
3,0
139,0
212,0
175,0
181,0
189,0
184,0
198,0
154,0
107,0
106,0
218,0
200,0
238,0
324,0
365,0
177,0
186,0
169,0
115,0
4,0
0,0
0,0
0,0
9,0
159,0
340,0
324,0
163,0
182,0
193,0
193,0
173,0
177,0
209,0
182,0
157,0
173,0
218,0
233,0
207,0
333,0
263,0
143,0
97,0
84,0
87,0
109,0
107,0
222,0
272,0
249,0
211,0
177,0
181,0
275,0
262,0
201,0
103,0
126,0
129,0
130,0
132,0
156,0
198,0
198,0
164,0
45,0
0,0
0,0
0,0
0,0
0,0
13,0
17,0
23,0
21,0
26,0
14,0
0,0
0,0
0,0
0,0
3,0
101,0
206,0
218,0
216,0
219,0
182,0
71,0
78,0
69,0
12,0
0,0
13,0
66,0
127,0
164,0
182,0
204,0
197,0
214,0
207,0
219,0
246,0
254,0
228,0
217,0
199,0
374,0
427,0
455,0
269,0
206,0
108,0
75,0
74,0
67,0
56,0
64,0
134,0
341,0
324,0
187,0
193,0
177,0
211,0
223,0
227,0
226,0
213,0
230,0
203,0
330,0
433,0
440,0
293,0
200,0
104,0
84,0
0,0
0,0
12,0
91,0
170,0
433,0
377,0
256,0
258,0
257,0
263,0
307,0
317,0
296,0
244,0
253,0
221,0
332,0
377,0
296,0
301,0
240,0
109,0
79,0
60,0
58,0
60,0
66,0
151,0
300,0
314,0
306,0
324,0
323,0
288,0
281,0
269,0
192,0
269,0
280,0
294,0
419,0
447,0
332,0
269,0
215,0
168,0
117,0
60,0
60,0
62,0
94,0
233,0
331,0
237,0
215,0
193,0
199,0
193,0
183,0
183,0
154,0
196,0
263,0
317,0
318,0
398,0
288,0
353,0
169,0
160,0
108,0
61,0
60,0
60,0
65,0
152,0
143,0
153,0
196,0
174,0
194,0
164,0
149,0
146,0
152,0
157,0
171,0
187,0
202,0
247,0
261,0
279,0
237,0
233,0
163,0
100,0
22,0
1,0
0,0
2,0
21,0
47,0
59,0
48,0
47,0
54,0
53,0
40,0
35,0
48,0
28,0
101,0
150,0
176,0
222,0
208,0
146,0
133,0
105,0
62,0
59,0
61,0
99,0
181,0
276,0
289,0
296,0
301,0
353,0
357,0
360,0
374,0
379,0
374,0
382,0
361,0
474,0
503,0
411,0
337,0
290,0
206,0
112,0
71,0
60,0
71,0
81,0
129,0
292,0
340,0
334,0
347,0
282,0
264,0
269,0
349,0
349,0
339,0
326,0
339,0
459,0
429,0
306,0
322,0
291,0
222,0
126,0
75,0
62,0
74,0
105,0
205,0
276,0
288,0
298,0
315,0
478,0
251,0
219,0
229,0
348,0
355,0
343,0
502,0
558,0
573,0
546,0
396,0
284,0
136,0
80,0
72,0
57,0
65,0
92,0
156,0
228,0
232,0
239,0
280,0
219,0
147,0
186,0
239,0
232,0
174,0
223,0
446,0
448,0
365,0
297,0
168,0
137,0
89,0
75,0
61,0
59,0
60,0
59,0
104,0
175,0
208,0
222,0
240,0
170,0
222,0
262,0
269,0
255,0
238,0
254,0
261,0
390,0
443,0
346,0
236,0
162,0
141,0
112,0
106,0
100,0
102,0
98,0
150,0
157,0
154,0
168,0
146,0
124,0
35,0
14,0
25,0
18,0
47,0
44,0
48,0
59,0
97,0
117,0
97,0
55,0
25,0
22,0
0,0
0,0
0,0
0,0
0,0
1,0
3,0
53,0
43,0
77,0
82,0
68,0
64,0
77,0
74,0
71,0
80,0
80,0
97,0
195,0
194,0
127,0
79,0
68,0
59,0
60,0
101,0
118,0
191,0
207,0
210,0
209,0
212,0
224,0
185,0
194,0
333,0
379,0
298,0
243,0
226,0
349,0
440,0
396,0
173,0
161,0
79,0
67,0
67,0
65,0
66,0
66,0
94,0
192,0
177,0
190,0
170,0
177,0
178,0
198,0
226,0
242,0
233,0
259,0
299,0
352,0
467,0
458,0
279,0
173,0
70,0
58,0
57,0
56,0
59,0
61,0
100,0
178,0
225,0
239,0
219,0
233,0
247,0
290,0
301,0
281,0
230,0
232,0
339,0
355,0
345,0
241,0
100,0
147,0
68,0
64,0
70,0
70,0
74,0
73,0
88,0
194,0
247,0
255,0
151,0
134,0
135,0
94,0
82,0
76,0
120,0
164,0
185,0
181,0
250,0
155,0
73,0
66,0
66,0
6,0
0,0
0,0
0,0
0,0
56,0
232,0
262,0
291,0
246,0
277,0
247,0
176,0
169,0
161,0
168,0
159,0
234,0
212,0
270,0
272,0
143,0
83,0
83,0
72,0
0,0
0,0
0,0
0,0
2,0
113,0
195,0
222,0
200,0
129,0
79,0
62,0
26,0
16,0
18,0
120,0
235,0
229,0
256,0
305,0
225,0
187,0
70,0
47,0
0,0
0,0
0,0
0,0
0,0
4,0
68,0
89,0
46,0
30,0
23,0
26,0
15,0
28,0
23,0
13,0
140,0
143,0
165,0
255,0
173,0
99,0
0,0
0,0
0,0
0,0
0,0
2,0
106,0
219,0
215,0
0,0
285,0
308,0
411,0
338,0
320,0
319,0
330,0
320,0
218,0
191,0
166,0
133,0
133,0
0,0
53,0
0,0
0,0
0,0
0,0
2,0
130,0
242,0
277,0
272,0
247,0
236,0
263,0
277,0
326,0
338,0
322,0
272,0
264,0
237,0
222,0
249,0
240,0
160,0
16,0
0,0
0,0
0,0
0,0
6,0
127,0
220,0
262,0
250,0
0,0
214,0
0,0
257,0
298,0
305,0
300,0
286,0
349,0
328,0
315,0
309,0
257,0
260,0
136,0
105,0
97,0
85,0
83,0
83,0
126,0
132,0
161,0
202,0
203,0
202,0
238,0
251,0
299,0
284,0
291,0
249,0
292,0
265,0
276,0
303,0
232,0
138,0
131,0
110,0
114,0
103,0
103,0
100,0
127,0
0,0
202,0
205,0
228,0
262,0
299,0
293,0
293,0
266,0
208,0
205,0
261,0
335,0
334,0
332,0
241,0
200,0
49,0
0,0
0,0
0,0
0,0
0,0
1,0
53,0
76,0
78,0
62,0
62,0
43,0
35,0
65,0
69,0
165,0
158,0
175,0
269,0
352,0
380,0
148,0
117,0
98,0
33,0
22,0
0,0
0,0
0,0
0,0
0,0
0,0
22,0
34,0
74,0
189,0
186,0
135,0
84,0
62,0
160,0
165,0
175,0
174,0
187,0
148,0
79,0
40,0
7,0
0,0
34,0
78,0
83,0
76,0
305,0
407,0
428,0
434,0
441,0
297,0
255,0
267,0
277,0
259,0
245,0
234,0
345,0
374,0
257,0
195,0
129,0
133,0
1,0
1,0
1,0
1,0
1,0
100,0
0,0
0,0
191,0
0,0
228,0
229,0
0,0
0,0
0,0
0,0
217,0
246,0
389,0
433,0
211,0
187,0
179,0
55,0
28,0
2,0
0,0
0,0
0,0
60,0
203,0
212,0
208,0
211,0
230,0
242,0
410,0
355,0
446,0
215,0
220,0
292,0
380,0
365,0
241,0
142,0
174,0
100,0
9,0
0,0
0,0
0,0
9,0
134,0
178,0
200,0
220,0
264,0
264,0
373,0
390,0
370,0
319,0
328,0
458,0
497,0
514,0
490,0
311,0
280,0
202,0
175,0
6,0
0,0
0,0
0,0
2,0
127,0
193,0
287,0
328,0
323,0
327,0
278,0
291,0
327,0
335,0
376,0
195,0
303,0
299,0
363,0
326,0
173,0
146,0
28,0
1,0
0,0
0,0
0,0
31,0
110,0
127,0
158,0
178,0
164,0
130,0
127,0
153,0
159,0
126,0
86,0
77,0
77,0
99,0
127,0
179,0
172,0
156,0
208,0
139,0
3,0
0,0
0,0
0,0
0,0
0,0
1,0
25,0
22,0
18,0
40,0
27,0
24,0
33,0
132,0
120,0
93,0
115,0
128,0
147,0
115,0
57,0
0,0
0,0
0,0
0,0
0,0
0,0
66,0
158,0
199,0
213,0
197,0
259,0
355,0
426,0
360,0
373,0
393,0
393,0
438,0
480,0
605,0
526,0
279,0
181,0
117,0
31,0
0,0
0,0
0,0
6,0
159,0
248,0
249,0
242,0
243,0
279,0
281,0
292,0
288,0
275,0
211,0
250,0
351,0
394,0
309,0
191,0
173,0
148,0
48,0
0,0
0,0
0,0
0,0
0,0
85,0
129,0
146,0
188,0
186,0
177,0
175,0
231,0
272,0
305,0
264,0
179,0
270,0
276,0
312,0
302,0
194,0
166,0
27,0
0,0
0,0
0,0
0,0
7,0
133,0
285,0
395,0
256,0
242,0
250,0
286,0
297,0
349,0
346,0
342,0
207,0
327,0
522,0
551,0
529,0
230,0
204,0
133,0
5,0
0,0
0,0
0,0
2,0
114,0
150,0
163,0
176,0
188,0
259,0
270,0
281,0
268,0
261,0
245,0
252,0
261,0
300,0
249,0
272,0
290,0
144,0
19,0
0,0
0,0
0,0
0,0
0,0
4,0
67,0
66,0
73,0
30,0
77,0
81,0
84,0
110,0
125,0
105,0
128,0
151,0
217,0
263,0
229,0
157,0
44,0
48,0
0,0
0,0
0,0
0,0
0,0
0,0
2,0
36,0
35,0
40,0
80,0
74,0
96,0
88,0
76,0
78,0
108,0
147,0
181,0
215,0
208,0
130,0
54,0
1,0
0,0
0,0
0,0
0,0
0,0
65,0
170,0
228,0
0,0
308,0
325,0
390,0
359,0
357,0
323,0
307,0
253,0
308,0
312,0
332,0
370,0
294,0
178,0
78,0
0,0
0,0
0,0
0,0
9,0
105,0
207,0
249,0
251,0
264,0
284,0
299,0
368,0
404,0
336,0
462,0
495,0
465,0
405,0
395,0
370,0
185,0
111,0
25,0
1,0
0,0
0,0
0,0
5,0
99,0
167,0
218,0
244,0
268,0
278,0
309,0
326,0
357,0
442,0
346,0
329,0
377,0
352,0
316,0
388,0
275,0
193,0
136,0
1,0
0,0
0,0
0,0
1,0
109,0
164,0
204,0
209,0
211,0
244,0
247,0
261,0
297,0
292,0
286,0
282,0
259,0
216,0
265,0
325,0
286,0
212,0
145,0
0,0
0,0
0,0
0,0
22,0
127,0
189,0
212,0
227,0
263,0
284,0
304,0
296,0
0,0
283,0
268,0
323,0
339,0
325,0
332,0
311,0
231,0
67,0
67,0
17,0
0,0
0,0
0,0
0,0
2,0
87,0
226,0
255,0
265,0
234,0
194,0
202,0
195,0
178,0
181,0
158,0
212,0
213,0
308,0
321,0
252,0
62,0
47,0
1,0
0,0
0,0
0,0
0,0
0,0
1,0
43,0
60,0
91,0
85,0
96,0
100,0
97,0
116,0
109,0
96,0
91,0
129,0
188,0
298,0
141,0
71,0
22,0
0,0
0,0
0,0
0,0
12,0
170,0
270,0
315,0
337,0
358,0
361,0
336,0
266,0
242,0
232,0
236,0
335,0
339,0
229,0
347,0
287,0
284,0
224,0
130,0
0,0
0,0
0,0
0,0
19,0
223,0
285,0
310,0
276,0
296,0
302,0
347,0
267,0
261,0
235,0
276,0
273,0
238,0
207,0
326,0
305,0
283,0
271,0
30,0
0,0
0,0
0,0
0,0
9,0
95,0
158,0
182,0
167,0
177,0
128,0
130,0
296,0
295,0
297,0
261,0
220,0
256,0
282,0
210,0
289,0
328,0
230,0
2,0
0,0
0,0
0,0
0,0
1,0
157,0
295,0
299,0
272,0
245,0
251,0
314,0
382,0
351,0
265,0
301,0
267,0
263,0
190,0
285,0
289,0
197,0
236,0
9,0
0,0
0,0
0,0
0,0
14,0
128,0
295,0
314,0
288,0
269,0
285,0
279,0
277,0
255,0
246,0
297,0
296,0
382,0
323,0
353,0
267,0
288,0
186,0
109,0
51,0
0,0
0,0
0,0
17,0
89,0
89,0
89,0
127,0
119,0
127,0
86,0
85,0
102,0
117,0
128,0
202,0
258,0
333,0
325,0
289,0
186,0
44,0
0,0
0,0
0,0
0,0
0,0
0,0
4,0
45,0
95,0
101,0
109,0
110,0
96,0
95,0
96,0
104,0
142,0
116,0
264,0
302,0
319,0
341,0
298,0
156,0
2,0
0,0
0,0
0,0
0,0
0,0
87,0
255,0
293,0
288,0
283,0
300,0
327,0
340,0
359,0
343,0
302,0
315,0
328,0
325,0
354,0
341,0
301,0
267,0
241,0
57,0
0,0
0,0
0,0
0,0
126,0
243,0
292,0
313,0
298,0
304,0
314,0
320,0
330,0
324,0
330,0
378,0
353,0
349,0
311,0
304,0
332,0
347,0
221,0
40,0
7,0
0,0
2,0
35,0
177,0
262,0
305,0
281,0
269,0
260,0
258,0
326,0
310,0
316,0
318,0
355,0
405,0
299,0
369,0
374,0
351,0
321,0
63,0
30,0
26,0
22,0
19,0
33,0
145,0
197,0
240,0
243,0
296,0
318,0
337,0
293,0
222,0
266,0
285,0
176,0
252,0
261,0
270,0
288,0
209,0
152,0
104,0
0,0
0,0
0,0
0,0
0,0
150,0
214,0
252,0
231,0
217,0
222,0
234,0
280,0
362,0
368,0
346,0
305,0
372,0
333,0
306,0
346,0
313,0
361,0
194,0
108,0
106,0
89,0
95,0
64,0
225,0
244,0
303,0
293,0
240,0
307,0
300,0
310,0
283,0
255,0
298,0
313,0
311,0
314,0
331,0
315,0
279,0
321,0
239,0
199,0
158,0
127,0
77,0
100,0
92,0
92,0
46,0
28,0
36,0
48,0
99,0
116,0
133,0
150,0
169,0
227,0
224,0
248,0
290,0
248,0
187,0
202,0
188,0
162,0
150,0
141,0
145,0
175,0
224,0
285,0
293,0
319,0
320,0
319,0
327,0
332,0
362,0
346,0
306,0
248,0
199,0
226,0
268,0
190,0
169,0
147,0
83,0
51,0
50,0
19,0
10,0
32,0
180,0
298,0
276,0
260,0
233,0
268,0
337,0
247,0
248,0
257,0
246,0
234,0
351,0
291,0
292,0
220,0
213,0
256,0
0,0
0,0
0,0
0,0
0,0
52,0
154,0
224,0
220,0
254,0
254,0
232,0
274,0
262,0
225,0
223,0
207,0
148,0
238,0
221,0
367,0
274,0
146,0
14,0
0,0
0,0
0,0
0,0
0,0
4,0
93,0
183,0
250,0
253,0
250,0
259,0
261,0
247,0
230,0
196,0
189,0
220,0
317,0
243,0
220,0
194,0
230,0
145,0
32,0
0,0
0,0
0,0
0,0
10,0
117,0
207,0
252,0
177,0
180,0
165,0
161,0
211,0
199,0
221,0
222,0
238,0
223,0
254,0
310,0
259,0
182,0
195,0
6,0
0,0
0,0
0,0
0,0
0,0
0,0
3,0
82,0
131,0
105,0
95,0
162,0
155,0
120,0
114,0
156,0
330,0
317,0
324,0
343,0
342,0
286,0
59,0
0,0
0,0
0,0
0,0
0,0
0,0
0,0
2,0
46,0
87,0
98,0
93,0
90,0
69,0
69,0
35,0
26,0
164,0
153,0
254,0
327,0
326,0
291,0
141,0
0,0
0,0
0,0
7,0
67,0
64,0
172,0
256,0
346,0
312,0
314,0
327,0
298,0
301,0
293,0
294,0
297,0
310,0
306,0
336,0
301,0
299,0
280,0
170,0
63,0
0,0
0,0
0,0
0,0
12,0
148,0
259,0
331,0
345,0
337,0
315,0
305,0
283,0
333,0
357,0
345,0
393,0
407,0
405,0
375,0
301,0
324,0
199,0
15,0
0,0
0,0
0,0
9,0
19,0
174,0
194,0
193,0
194,0
248,0
299,0
307,0
308,0
287,0
221,0
340,0
306,0
288,0
270,0
347,0
241,0
296,0
319,0
47,0
0,0
0,0
0,0
0,0
12,0
254,0
313,0
303,0
315,0
308,0
270,0
0,0
239,0
320,0
294,0
305,0
289,0
282,0
294,0
284,0
282,0
299,0
194,0
109,0
39,0
0,0
0,0
5,0
89,0
222,0
314,0
316,0
199,0
268,0
278,0
275,0
287,0
286,0
283,0
460,0
350,0
425,0
370,0
338,0
270,0
288,0
295,0
121,0
71,0
22,0
0,0
0,0
1,0
89,0
165,0
208,0
193,0
220,0
230,0
240,0
127,0
0,0
0,0
0,0
0,0
23,0
164,0
174,0
173,0
254,0
194,0
64,0
64,0
48,0
51,0
50,0
61,0
50,0
59,0
66,0
40,0
62,0
67,0
87,0
69,0
51,0
44,0
67,0
98,0
155,0
237,0
309,0
275,0
203,0
122,0
46,0
2,0
0,0
0,0
0,0
7,0
238,0
339,0
373,0
380,0
320,0
316,0
195,0
189,0
157,0
156,0
184,0
172,0
308,0
332,0
355,0
332,0
291,0
252,0
13,0
0,0
0,0
0,0
0,0
16,0
179,0
226,0
223,0
228,0
243,0
235,0
226,0
139,0
171,0
189,0
250,0
275,0
292,0
283,0
274,0
261,0
176,0
124,0
2,0
0,0
0,0
0,0
0,0
64,0
214,0
302,0
317,0
399,0
314,0
226,0
197,0
167,0
121,0
117,0
190,0
234,0
330,0
305,0
210,0
265,0
243,0
166,0
0,0
0,0
0,0
0,0
0,0
17,0
189,0
260,0
268,0
302,0
264,0
297,0
302,0
312,0
331,0
308,0
300,0
253,0
288,0
288,0
261,0
390,0
267,0
238,0
16,0
0,0
0,0
0,0
0,0
30,0
226,0
287,0
297,0
310,0
253,0
274,0
345,0
342,0
340,0
335,0
319,0
314,0
277,0
321,0
351,0
358,0
381,0
243,0
65,0
7,0
0,0
0,0
0,0
14,0
104,0
349,0
309,0
268,0
89,0
141,0
62,0
29,0
73,0
60,0
36,0
127,0
143,0
173,0
128,0
143,0
181,0
51,0
38,0
0,0
0,0
0,0
0,0
0,0
0,0
0,0
0,0
0,0
0,0
0,0
0,0
0,0
0,0
0,0
0,0
38,0
89,0
66,0
68,0
65,0
87,0
107,0
21,0
1,0
1,0
1,0
2,0
61,0
114,0
105,0
120,0
297,0
277,0
203,0
229,0
266,0
275,0
337,0
350,0
350,0
391,0
362,0
374,0
363,0
346,0
177,0
114,0
86,0
88,0
87,0
89,0
93,0
200,0
244,0
280,0
322,0
284,0
299,0
212,0
228,0
206,0
216,0
236,0
281,0
200,0
269,0
240,0
363,0
278,0
201,0
48,0
0,0
0,0
0,0
0,0
17,0
27,0
11,0
218,0
269,0
242,0
182,0
155,0
56,0
19,0
47,0
132,0
242,0
258,0
222,0
215,0
305,0
237,0
152,0
32,0
0,0
0,0
0,0
3,0
25,0
257,0
279,0
271,0
265,0
291,0
185,0
202,0
189,0
182,0
200,0
276,0
301,0
323,0
250,0
226,0
292,0
254,0
181,0
124,0
92,0
93,0
93,0
93,0
135,0
239,0
259,0
278,0
281,0
304,0
288,0
296,0
269,0
280,0
255,0
296,0
251,0
276,0
225,0
287,0
286,0
260,0
260,0
81,0
56,0
0,0
0,0
0,0
7,0
162,0
281,0
232,0
262,0
202,0
179,0
102,0
108,0
99,0
107,0
108,0
206,0
247,0
265,0
271,0
264,0
165,0
49,0
26,0
22,0
1,0
0,0
0,0
0,0
3,0
98,0
157,0
137,0
109,0
127,0
183,0
156,0
138,0
134,0
141,0
117,0
172,0
213,0
220,0
166,0
178,0
85,0
19,0
1,0
0,0
0,0
0,0
20,0
202,0
278,0
314,0
306,0
308,0
338,0
351,0
346,0
349,0
339,0
308,0
323,0
251,0
233,0
256,0
278,0
232,0
153,0
18,0
0,0
0,0
0,0
3,0
40,0
230,0
311,0
315,0
317,0
295,0
249,0
275,0
275,0
296,0
291,0
217,0
243,0
300,0
285,0
229,0
167,0
190,0
172,0
126,0
115,0
93,0
93,0
93,0
104,0
176,0
192,0
252,0
275,0
254,0
272,0
318,0
275,0
326,0
245,0
235,0
238,0
276,0
303,0
298,0
293,0
183,0
170,0
10,0
0,0
0,0
0,0
0,0
23,0
131,0
157,0
256,0
316,0
322,0
297,0
295,0
330,0
320,0
215,0
322,0
278,0
357,0
327,0
356,0
261,0
188,0
94,0
0,0
0,0
0,0
0,0
0,0
4,0
151,0
256,0
247,0
276,0
287,0
289,0
317,0
324,0
334,0
303,0
323,0
340,0
308,0
289,0
254,0
220,0
185,0
120,0
3,0
0,0
44,0
83,0
86,0
103,0
58,0
233,0
283,0
328,0
280,0
293,0
238,0
184,0
134,0
88,0
143,0
201,0
228,0
226,0
176,0
236,0
106,0
98,0
38,0
0,0
0,0
0,0
0,0
0,0
0,0
9,0
38,0
26,0
29,0
50,0
60,0
27,0
39,0
61,0
57,0
68,0
206,0
165,0
138,0
153,0
82,0
3,0
0,0
0,0
0,0
0,0
0,0
9,0
126,0
175,0
154,0
150,0
224,0
172,0
241,0
265,0
262,0
296,0
309,0
311,0
312,0
304,0
329,0
314,0
160,0
68,0
0,0
0,0
0,0
0,0
0,0
1,0
137,0
234,0
297,0
298,0
274,0
214,0
185,0
192,0
206,0
227,0
245,0
220,0
220,0
247,0
213,0
157,0
171,0
0,0
0,0
0,0
0,0
0,0
0,0
1,0
115,0
236,0
235,0
251,0
191,0
186,0
202,0
208,0
227,0
210,0
216,0
228,0
239,0
286,0
283,0
234,0
101,0
1,0
0,0
0,0
0,0
0,0
0,0
16,0
71,0
227,0
233,0
198,0
100,0
183,0
116,0
61,0
64,0
86,0
64,0
122,0
293,0
335,0
412,0
354,0
188,0
112,0
146,0
130,0
152,0
139,0
144,0
186,0
376,0
373,0
392,0
362,0
329,0
220,0
175,0
109,0
128,0
144,0
279,0
249,0
207,0
266,0
302,0
246,0
124,0
108,0
53,0
5,0
1,0
1,0
1,0
6,0
77,0
217,0
268,0
165,0
162,0
142,0
135,0
116,0
115,0
100,0
109,0
238,0
244,0
260,0
277,0
293,0
115,0
88,0
17,0
1,0
1,0
1,0
1,0
1,0
6,0
44,0
105,0
122,0
104,0
103,0
63,0
71,0
91,0
109,0
82,0
94,0
250,0
277,0
258,0
245,0
53,0
0,0
1,0
1,0
1,0
1,0
1,0
14,0
172,0
269,0
308,0
265,0
228,0
209,0
220,0
239,0
282,0
299,0
315,0
295,0
285,0
295,0
234,0
224,0
229,0
101,0
1,0
1,0
1,0
1,0
1,0
1,0
132,0
240,0
259,0
248,0
241,0
217,0
216,0
209,0
211,0
269,0
248,0
200,0
254,0
261,0
249,0
218,0
171,0
140,0
9,0
1,0
1,0
1,0
1,0
8,0
180,0
256,0
234,0
253,0
247,0
245,0
247,0
180,0
109,0
175,0
266,0
269,0
272,0
246,0
137,0
256,0
275,0
81,0
68,0
75,0
57,0
53,0
55,0
70,0
208,0
287,0
310,0
285,0
248,0
217,0
186,0
111,0
117,0
124,0
107,0
289,0
257,0
259,0
270,0
218,0
6,0
1,0
1,0
1,0
1,0
1,0
1,0
11,0
302,0
296,0
308,0
311,0
311,0
279,0
350,0
355,0
223,0
205,0
311,0
311,0
343,0
358,0
355,0
374,0
218,0
159,0
107,0
107,0
107,0
107,0
107,0
107,0
107,0
116,0
256,0
274,0
106,0
98,0
112,0
148,0
133,0
88,0
85,0
217,0
261,0
285,0
226,0
163,0
73,0
31,0
41,0
68,0
67,0
67,0
67,0
67,0
115,0
121,0
163,0
185,0
212,0
214,0
211,0
188,0
186,0
175,0
200,0
250,0
265,0
280,0
250,0
231,0
191,0
141,0
129,0
123,0
128,0
133,0
140,0
140,0
268,0
404,0
340,0
364,0
370,0
330,0
307,0
287,0
281,0
250,0
313,0
354,0
345,0
354,0
332,0
298,0
222,0
19,0
1,0
1,0
1,0
1,0
1,0
8,0
161,0
268,0
330,0
340,0
314,0
245,0
299,0
323,0
280,0
245,0
225,0
268,0
333,0
360,0
307,0
189,0
145,0
42,0
1,0
1,0
1,0
1,0
1,0
72,0
171,0
301,0
302,0
259,0
254,0
292,0
313,0
313,0
341,0
313,0
362,0
330,0
346,0
280,0
388,0
359,0
373,0
219,0
138,0
72,0
57,0
63,0
69,0
83,0
242,0
344,0
355,0
337,0
397,0
378,0
371,0
311,0
334,0
453,0
301,0
327,0
342,0
319,0
150,0
231,0
178,0
102,0
2,0
1,0
1,0
1,0
1,0
11,0
199,0
315,0
286,0
308,0
261,0
276,0
286,0
275,0
302,0
305,0
281,0
333,0
388,0
353,0
285,0
136,0
134,0
125,0
7,0
1,0
1,0
1,0
1,0
1,0
101,0
199,0
277,0
184,0
215,0
222,0
214,0
215,0
225,0
212,0
226,0
246,0
256,0
242,0
230,0
234,0
216,0
215,0
16,0
1,0
1,0
1,0
1,0
1,0
1,0
50,0
182,0
219,0
289,0
272,0
266,0
156,0
140,0
172,0
156,0
207,0
218,0
378,0
293,0
211,0
218,0
151,0
11,0
1,0
1,0
1,0
1,0
13,0
189,0
273,0
383,0
386,0
300,0
277,0
231,0
256,0
290,0
251,0
204,0
205,0
222,0
234,0
175,0
157,0
147,0
121,0
7,0
1,0
1,0
1,0
1,0
32,0
236,0
321,0
342,0
275,0
248,0
243,0
235,0
203,0
215,0
195,0
209,0
324,0
348,0
357,0
334,0
195,0
143,0
92,0
18,0
1,0
1,0
1,0
1,0
20,0
197,0
391,0
413,0
362,0
244,0
230,0
178,0
254,0
290,0
191,0
382,0
352,0
368,0
418,0
398,0
186,0
259,0
312,0
18,0
1,0
1,0
1,0
1,0
8,0
161,0
304,0
416,0
403,0
337,0
284,0
279,0
240,0
265,0
205,0
213,0
317,0
375,0
397,0
496,0
255,0
239,0
145,0
2,0
1,0
1,0
1,0
7,0
46,0
165,0
348,0
448,0
441,0
315,0
303,0
264,0
274,0
270,0
320,0
308,0
311,0
461,0
408,0
272,0
296,0
207,0
18,0
35,0
1,0
1,0
1,0
1,0
2,0
164,0
444,0
468,0
341,0
345,0
319,0
288,0
292,0
265,0
278,0
276,0
334,0
429,0
394,0
455,0
322,0
289,0
109,0
2,0
1,0
0,0
0,0
1,0
9,0
28,0
134,0
124,0
132,0
198,0
177,0
154,0
131,0
130,0
251,0
242,0
329,0
417,0
406,0
419,0
347,0
272,0
209,0
52,0
9,0
1,0
8,0
92,0
129,0
336,0
396,0
485,0
430,0
405,0
296,0
286,0
268,0
269,0
298,0
375,0
373,0
410,0
399,0
378,0
290,0
351,0
212,0
238,0
89,0
89,0
93,0
103,0
219,0
394,0
419,0
519,0
440,0
362,0
344,0
353,0
353,0
372,0
225,0
360,0
351,0
430,0
400,0
379,0
267,0
249,0
310,0
321,0
267,0
200,0
117,0
84,0
123,0
330,0
512,0
372,0
343,0
333,0
314,0
323,0
353,0
458,0
261,0
391,0
495,0
262,0
392,0
437,0
366,0
457,0
335,0
212,0
111,0
123,0
170,0
183,0
249,0
434,0
375,0
403,0
6,0
354,0
377,0
339,0
312,0
278,0
261,0
323,0
339,0
373,0
387,0
413,0
372,0
287,0
240,0
54,0
1,0
1,0
1,0
1,0
45,0
282,0
409,0
405,0
340,0
358,0
359,0
311,0
404,0
380,0
357,0
406,0
403,0
397,0
422,0
408,0
428,0
416,0
210,0
291,0
178,0
182,0
168,0
158,0
93,0
176,0
241,0
322,0
277,0
199,0
101,0
154,0
141,0
138,0
187,0
236,0
272,0
341,0
355,0
299,0
278,0
237,0
73,0
11,0
1,0
0,0
0,0
0,0
0,0
0,0
5,0
28,0
35,0
15,0
15,0
30,0
20,0
17,0
21,0
49,0
57,0
85,0
94,0
94,0
52,0
21,0
11,0
0,0
0,0
0,0
0,0
0,0
38,0
80,0
0,0
411,0
403,0
348,0
304,0
304,0
234,0
270,0
292,0
287,0
357,0
364,0
382,0
415,0
390,0
377,0
384,0
227,0
179,0
167,0
125,0
166,0
230,0
250,0
339,0
382,0
376,0
333,0
440,0
0,0
299,0
331,0
371,0
388,0
359,0
257,0
242,0
503,0
333,0
271,0
321,0
223,0
161,0
157,0
156,0
157,0
215,0
329,0
388,0
417,0
416,0
480,0
438,0
409,0
306,0
409,0
302,0
280,0
440,0
234,0
293,0
284,0
214,0
264,0
323,0
201,0
259,0
100,0
102,0
96,0
113,0
204,0
342,0
360,0
362,0
323,0
270,0
394,0
257,0
421,0
301,0
346,0
269,0
237,0
276,0
355,0
212,0
303,0
251,0
131,0
100,0
95,0
104,0
102,0
139,0
326,0
329,0
327,0
339,0
308,0
344,0
352,0
242,0
271,0
207,0
301,0
386,0
346,0
354,0
371,0
416,0
442,0
232,0
152,0
69,0
61,0
59,0
61,0
94,0
259,0
300,0
273,0
342,0
354,0
349,0
310,0
244,0
275,0
262,0
298,0
374,0
339,0
349,0
359,0
318,0
234,0
204,0
150,0
170,0
0,0
77,0
69,0
51,0
54,0
107,0
209,0
225,0
247,0
242,0
168,0
226,0
204,0
182,0
188,0
209,0
277,0
300,0
310,0
286,0
335,0
219,0
74,0
100,0
30,0
27,0
24,0
53,0
112,0
336,0
357,0
249,0
223,0
175,0
179,0
193,0
237,0
261,0
130,0
381,0
359,0
349,0
358,0
396,0
455,0
112,0
98,0
227,0
253,0
83,0
170,0
135,0
263,0
221,0
333,0
480,0
297,0
294,0
307,0
314,0
382,0
251,0
276,0
382,0
285,0
325,0
315,0
303,0
315,0
340,0
154,0
99,0
105,0
107,0
82,0
79,0
121,0
150,0
210,0
358,0
371,0
392,0
273,0
248,0
277,0
309,0
410,0
369,0
369,0
388,0
301,0
299,0
336,0
208,0
204,0
177,0
182,0
181,0
176,0
177,0
138,0
131,0
158,0
231,0
257,0
223,0
215,0
197,0
80,0
116,0
202,0
240,0
204,0
209,0
218,0
135,0
120,0
155,0
142,0
123,0
89,0
85,0
78,0
80,0
135,0
211,0
304,0
282,0
265,0
304,0
312,0
295,0
256,0
359,0
385,0
394,0
394,0
382,0
352,0
222,0
214,0
294,0
251,0
297,0
270,0
262,0
259,0
259,0
249,0
233,0
285,0
288,0
239,0
249,0
214,0
253,0
257,0
266,0
308,0
315,0
299,0
310,0
288,0
279,0
257,0
277,0
282,0
231,0
233,0
247,0
248,0
248,0
251,0
252,0
281,0
396,0
371,0
336,0
298,0
298,0
318,0
314,0
319,0
311,0
327,0
327,0
348,0
350,0
384,0
258,0
256,0
253,0
242,0
224,0
240,0
265,0
279,0
341,0
413,0
416,0
410,0
397,0
382,0
369,0
357,0
371,0
345,0
327,0
362,0
388,0
389,0
293,0
277,0
183,0
152,0
154,0
172,0
178,0
255,0
270,0
265,0
339,0
408,0
393,0
434,0
456,0
452,0
435,0
387,0
423,0
434,0
480,0
313,0
422,0
505,0
425,0
501,0
426,0
328,0
269,0
284,0
301,0
295,0
252,0
230,0
254,0
417,0
372,0
301,0
258,0
241,0
274,0
501,0
454,0
532,0
525,0
484,0
464,0
398,0
319,0
442,0
289,0
274,0
274,0
241,0
248,0
271,0
271,0
250,0
368,0
414,0
442,0
493,0
450,0
392,0
399,0
391,0
380,0
388,0
447,0
454,0
474,0
450,0
475,0
448,0
400,0
409,0
327,0
316,0
307,0
294,0
325,0
339,0
363,0
414,0
406,0
413,0
407,0
430,0
419,0
404,0
460,0
498,0
490,0
468,0
466,0
481,0
413,0
405,0
322,0
409,0
342,0
259,0
230,0
209,0
227,0
326,0
360,0
351,0
455,0
493,0
430,0
397,0
418,0
422,0
386,0
388,0
395,0
432,0
449,0
480,0
460,0
432,0
426,0
429,0
354,0
254,0
166,0
149,0
165,0
179,0
317,0
402,0
337,0
304,0
304,0
326,0
298,0
327,0
346,0
383,0
399,0
385,0
388,0
389,0
431,0
413,0
385,0
324,0
193,0
132,0
119,0
91,0
90,0
147,0
250,0
453,0
452,0
453,0
411,0
408,0
409,0
408,0
424,0
406,0
455,0
531,0
345,0
422,0
487,0
241,0
306,0
291,0
217,0
136,0
128,0
104,0
122,0
234,0
371,0
484,0
400,0
343,0
333,0
393,0
369,0
354,0
454,0
483,0
431,0
394,0
387,0
342,0
482,0
296,0
333,0
178,0
269,0
250,0
149,0
169,0
176,0
279,0
287,0
331,0
356,0
351,0
376,0
337,0
276,0
209,0
240,0
242,0
246,0
310,0
316,0
377,0
247,0
249,0
230,0
192,0
112,0
152,0
164,0
160,0
76,0
83,0
269,0
326,0
345,0
359,0
362,0
282,0
226,0
216,0
263,0
353,0
314,0
347,0
319,0
252,0
211,0
151,0
139,0
125,0
126,0
141,0
108,0
94,0
123,0
163,0
197,0
330,0
294,0
267,0
277,0
222,0
242,0
232,0
219,0
237,0
251,0
322,0
226,0
270,0
288,0
180,0
94,0
138,0
89,0
162,0
152,0
152,0
140,0
155,0
128,0
173,0
149,0
136,0
108,0
101,0
100,0
55,0
61,0
175,0
218,0
224,0
201,0
213,0
229,0
137,0
133,0
113,0
114,0
62,0
46,0
38,0
40,0
59,0
92,0
131,0
112,0
81,0
90,0
133,0
73,0
44,0
37,0
129,0
189,0
134,0
160,0
170,0
167,0
97,0
71,0
65,0
160,0
161,0
144,0
117,0
129,0
149,0
196,0
300,0
280,0
274,0
303,0
299,0
293,0
270,0
257,0
264,0
262,0
292,0
290,0
306,0
204,0
161,0
160,0
189,0
138,0
118,0
35,0
17,0
17,0
34,0
170,0
296,0
326,0
337,0
321,0
301,0
270,0
267,0
283,0
328,0
330,0
309,0
282,0
338,0
371,0
258,0
192,0
242,0
113,0
127,0
139,0
139,0
155,0
176,0
295,0
332,0
341,0
351,0
317,0
296,0
281,0
277,0
253,0
279,0
315,0
274,0
310,0
333,0
219,0
204,0
242,0
232,0
158,0
157,0
153,0
142,0
140,0
155,0
299,0
348,0
351,0
286,0
288,0
255,0
265,0
224,0
236,0
260,0
319,0
236,0
236,0
263,0
306,0
232,0
134,0
150,0
129,0
156,0
158,0
152,0
158,0
145,0
162,0
223,0
253,0
238,0
228,0
252,0
231,0
223,0
216,0
248,0
281,0
194,0
229,0
218,0
59,0
103,0
130,0
94,0
82,0
104,0
63,0
68,0
76,0
93,0
151,0
154,0
172,0
182,0
180,0
124,0
97,0
59,0
70,0
95,0
135,0
109,0
130,0
154,0
100,0
60,0
84,0
70,0
68,0
31,0
17,0
16,0
15,0
35,0
45,0
63,0
89,0
113,0
84,0
63,0
75,0
91,0
87,0
84,0
104,0
87,0
116,0
174,0
168,0
136,0
115,0
134,0
108,0
107,0
183,0
183,0
138,0
216,0
173,0
198,0
238,0
229,0
187,0
109,0
115,0
116,0
163,0
215,0
222,0
220,0
320,0
223,0
163,0
165,0
138,0
154,0
181,0
205,0
213,0
213,0
213,0
177,0
143,0
137,0
134,0
137,0
144,0
143,0
153,0
164,0
259,0
296,0
282,0
252,0
250,0
222,0
131,0
160,0
166,0
173,0
425,0
317,0
284,0
268,0
274,0
277,0
463,0
593,0
570,0
626,0
648,0
577,0
634,0
705,0
721,0
713,0
768,0
777,0
743,0
752,0
670,0
541,0
493,0
380,0
281,0
260,0
228,0
225,0
225,0
313,0
461,0
471,0
586,0
631,0
615,0
591,0
594,0
626,0
645,0
640,0
680,0
654,0
685,0
673,0
736,0
621,0
518,0
276,0
249,0
206,0
206,0
225,0
226,0
254,0
312,0
477,0
655,0
625,0
570,0
567,0
599,0
537,0
551,0
755,0
805,0
688,0
890,0
901,0
583,0
745,0
573,0
581,0
696,0
688,0
687,0
680,0
684,0
690,0
657,0
660,0
697,0
716,0
732,0
720,0
684,0
694,0
736,0
746,0
769,0
807,0
819,0
823,0
736,0
777,0
739,0
737,0
646,0
678,0
697,0
663,0
598,0
619,0
634,0
646,0
705,0
726,0
721,0
732,0
725,0
745,0
709,0
689,0
729,0
749,0
724,0
734,0
736,0
731,0
717,0
707,0
643,0
584,0
547,0
521,0
524,0
629,0
841,0
867,0
831,0
894,0
920,0
1004,0
973,0
821,0
955,0
868,0
1079,0
935,0
876,0
838,0
804,0
789,0
738,0
903,0
822,0
803,0
794,0
794,0
848,0
852,0
700,0
905,0
1046,0
943,0
929,0
878,0
820,0
804,0
697,0
801,0
905,0
921,0
653,0
785,0
910,0
825,0
523,0
548,0
821,0
650,0
631,0
682,0
711,0
662,0
852,0
862,0
1172,0
1033,0
979,0
828,0
750,0
598,0
688,0
942,0
1048,0
1204,0
899,0
1067,0
931,0
889,0
674,0
768,0
542,0
476,0
467,0
424,0
478,0
573,0
838,0
905,0
1052,0
1072,0
709,0
1048,0
976,0
1020,0
1046,0
1053,0
1026,0
1116,0
1096,0
963,0
901,0
761,0
681,0
544,0
585,0
562,0
549,0
567,0
575,0
708,0
810,0
912,0
993,0
997,0
1047,0
1165,0
1138,0
1014,0
859,0
791,0
871,0
801,0
606,0
825,0
514,0
710,0
717,0
637,0
597,0
541,0
554,0
556,0
556,0
592,0
564,0
542,0
623,0
798,0
833,0
848,0
800,0
800,0
763,0
715,0
802,0
831,0
817,0
718,0
786,0
604,0
649,0
561,0
454,0
507,0
492,0
488,0
489,0
488,0
612,0
583,0
671,0
761,0
801,0
812,0
847,0
823,0
820,0
890,0
920,0
927,0
928,0
935,0
900,0
902,0
764,0
673,0
566,0
429,0
471,0
479,0
500,0
511,0
828,0
833,0
876,0
797,0
865,0
853,0
749,0
784,0
832,0
950,0
979,0
997,0
1004,0
967,0
875,0
888,0
793,0
741,0
593,0
511,0
389,0
385,0
346,0
420,0
811,0
947,0
926,0
1035,0
723,0
400,0
936,0
875,0
803,0
867,0
847,0
919,0
942,0
736,0
829,0
746,0
618,0
687,0
345,0
318,0
317,0
321,0
321,0
347,0
594,0
795,0
849,0
837,0
880,0
856,0
851,0
854,0
838,0
915,0
952,0
1063,0
1202,0
1169,0
1056,0
949,0
882,0
776,0
337,0
333,0
333,0
333,0
333,0
362,0
578,0
764,0
998,0
1079,0
1005,0
971,0
911,0
921,0
904,0
937,0
955,0
941,0
991,0
771,0
790,0
855,0
635,0
613,0
431,0
391,0
390,0
390,0
391,0
478,0
608,0
799,0
857,0
871,0
810,0
800,0
709,0
671,0
716,0
722,0
754,0
845,0
886,0
791,0
674,0
690,0
439,0
441,0
349,0
334,0
334,0
334,0
334,0
314,0
363,0
608,0
685,0
657,0
673,0
658,0
654,0
688,0
670,0
730,0
822,0
829,0
838,0
810,0
882,0
777,0
630,0
618,0
303,0
326,0
321,0
321,0
327,0
335,0
451,0
518,0
611,0
721,0
762,0
752,0
818,0
754,0
723,0
748,0
799,0
903,0
923,0
922,0
870,0
783,0
659,0
566,0
345,0
306,0
306,0
297,0
213,0
209,0
517,0
629,0
802,0
795,0
753,0
686,0
667,0
718,0
735,0
690,0
732,0
807,0
791,0
762,0
794,0
774,0
697,0
622,0
351,0
225,0
221,0
237,0
233,0
369,0
523,0
646,0
786,0
0,0
0,0
0,0
0,0
0,0
0,0
0,0
0,0
0,0
0,0
0,0
0,0
0,0
0,0
0,0
0,0
0,0
0,0
0,0
0,0
0,0
25,0
25,0
746,0
860,0
811,0
864,0
909,0
1011,0
1017,0
989,0
972,0
1047,0
1014,0
926,0
869,0
687,0
778,0
664,0
425,0
365,0
330,0
330,0
564,0
434,0
572,0
776,0
882,0
909,0
859,0
913,0
919,0
934,0
878,0
777,0
803,0
870,0
907,0
790,0
774,0
627,0
648,0
365,0
433,0
556,0
481,0
328,0
357,0
412,0
671,0
828,0
824,0
865,0
834,0
819,0
820,0
746,0
652,0
710,0
773,0
831,0
770,0
930,0
544,0
358,0
442,0
49,0
113,0
130,0
134,0
160,0
162,0
168,0
264,0
309,0
343,0
375,0
389,0
386,0
395,0
358,0
334,0
325,0
406,0
399,0
425,0
453,0
381,0
354,0
236,0
171,0
166,0
170,0
167,0
167,0
167,0
166,0
159,0
125,0
180,0
253,0
233,0
248,0
273,0
237,0
223,0
228,0
330,0
398,0
421,0
425,0
445,0
390,0
233,0
155,0
81,0
101,0
112,0
118,0
158,0
165,0
324,0
393,0
697,0
831,0
773,0
754,0
834,0
826,0
810,0
826,0
837,0
812,0
856,0
866,0
824,0
861,0
879,0
831,0
720,0
704,0
667,0
634,0
651,0
668,0
710,0
784,0
836,0
833,0
851,0
833,0
815,0
842,0
858,0
863,0
814,0
861,0
886,0
857,0
797,0
793,0
774,0
741,0
704,0
680,0
640,0
619,0
627,0
669,0
764,0
849,0
976,0
966,0
976,0
948,0
957,0
936,0
898,0
865,0
878,0
893,0
893,0
838,0
836,0
787,0
716,0
767,0
832,0
728,0
669,0
662,0
667,0
776,0
820,0
809,0
810,0
876,0
902,0
875,0
846,0
854,0
840,0
828,0
868,0
914,0
878,0
863,0
906,0
900,0
899,0
858,0
689,0
565,0
527,0
498,0
488,0
553,0
641,0
798,0
872,0
911,0
807,0
729,0
646,0
650,0
632,0
729,0
643,0
908,0
882,0
882,0
701,0
781,0
770,0
573,0
