252,0
183,0
161,0
112,0
87,0
89,0
88,0
104,0
250,0
335,0
365,0
397,0
447,0
448,0
468,0
535,0
822,0
969,0
978,0
971,0
898,0
701,0
594,0
370,0
308,0
155,0
125,0
120,0
120,0
130,0
205,0
433,0
768,0
781,0
738,0
705,0
655,0
686,0
673,0
722,0
809,0
774,0
679,0
605,0
545,0
388,0
296,0
161,0
273,0
197,0
117,0
97,0
89,0
99,0
384,0
607,0
772,0
844,0
821,0
860,0
841,0
813,0
0,0
990,0
1104,0
1164,0
1111,0
1068,0
881,0
697,0
589,0
467,0
175,0
113,0
85,0
79,0
78,0
113,0
349,0
639,0
808,0
957,0
1063,0
1039,0
845,0
892,0
890,0
918,0
1122,0
1280,0
1156,0
1090,0
954,0
729,0
601,0
457,0
387,0
229,0
158,0
39,0
27,0
55,0
235,0
311,0
573,0
752,0
861,0
856,0
785,0
849,0
831,0
876,0
952,0
1124,0
1038,0
875,0
819,0
696,0
565,0
365,0
157,0
122,0
89,0
76,0
76,0
0,0
311,0
362,0
477,0
562,0
622,0
670,0
654,0
593,0
551,0
639,0
766,0
850,0
793,0
724,0
701,0
638,0
523,0
392,0
484,0
426,0
379,0
374,0
351,0
396,0
477,0
605,0
727,0
908,0
868,0
807,0
745,0
701,0
706,0
743,0
955,0
1114,0
1083,0
862,0
841,0
685,0
558,0
416,0
166,0
92,0
71,0
71,0
73,0
233,0
447,0
773,0
1082,0
1125,0
1143,0
1100,0
1047,0
1094,0
1095,0
1032,0
1142,0
1127,0
1009,0
850,0
772,0
690,0
570,0
429,0
351,0
248,0
182,0
182,0
194,0
172,0
435,0
690,0
853,0
966,0
940,0
901,0
857,0
832,0
809,0
770,0
801,0
827,0
781,0
746,0
593,0
606,0
489,0
392,0
301,0
181,0
145,0
129,0
156,0
231,0
441,0
661,0
812,0
888,0
934,0
944,0
937,0
965,0
933,0
907,0
937,0
968,0
940,0
922,0
686,0
567,0
477,0
356,0
238,0
155,0
64,0
58,0
61,0
160,0
287,0
415,0
616,0
659,0
645,0
613,0
625,0
660,0
755,0
741,0
784,0
858,0
794,0
716,0
689,0
556,0
447,0
302,0
288,0
103,0
90,0
84,0
21,0
23,0
114,0
251,0
445,0
572,0
520,0
501,0
475,0
500,0
490,0
459,0
593,0
689,0
677,0
650,0
572,0
438,0
383,0
266,0
156,0
52,0
20,0
20,0
20,0
20,0
20,0
59,0
250,0
496,0
564,0
546,0
486,0
452,0
413,0
404,0
501,0
668,0
650,0
619,0
588,0
510,0
360,0
161,0
39,0
38,0
26,0
17,0
20,0
50,0
172,0
424,0
644,0
638,0
623,0
599,0
560,0
593,0
533,0
538,0
685,0
805,0
751,0
649,0
578,0
358,0
358,0
209,0
110,0
96,0
36,0
20,0
21,0
92,0
155,0
385,0
600,0
688,0
654,0
562,0
459,0
521,0
527,0
546,0
692,0
794,0
746,0
713,0
621,0
448,0
358,0
208,0
162,0
150,0
22,0
20,0
26,0
136,0
268,0
466,0
672,0
730,0
727,0
638,0
557,0
561,0
590,0
576,0
654,0
862,0
802,0
776,0
701,0
539,0
415,0
284,0
151,0
173,0
113,0
31,0
112,0
169,0
283,0
537,0
785,0
853,0
848,0
844,0
735,0
714,0
552,0
515,0
567,0
713,0
685,0
585,0
554,0
451,0
330,0
210,0
63,0
21,0
20,0
21,0
21,0
85,0
187,0
399,0
583,0
666,0
672,0
870,0
808,0
674,0
642,0
637,0
828,0
890,0
836,0
668,0
547,0
455,0
352,0
263,0
173,0
22,0
21,0
21,0
21,0
27,0
193,0
329,0
646,0
754,0
780,0
819,0
705,0
739,0
708,0
719,0
996,0
990,0
898,0
667,0
499,0
483,0
402,0
283,0
163,0
29,0
30,0
30,0
31,0
30,0
28,0
179,0
280,0
433,0
521,0
459,0
363,0
325,0
297,0
312,0
497,0
561,0
552,0
554,0
466,0
315,0
228,0
180,0
135,0
43,0
38,0
38,0
39,0
132,0
248,0
467,0
656,0
862,0
856,0
755,0
672,0
594,0
681,0
774,0
750,0
840,0
923,0
944,0
815,0
452,0
461,0
432,0
178,0
161,0
133,0
125,0
137,0
180,0
373,0
801,0
1086,0
1148,0
1158,0
93,0
899,0
917,0
735,0
781,0
841,0
977,0
1139,0
1084,0
627,0
417,0
303,0
243,0
110,0
31,0
31,0
30,0
28,0
78,0
198,0
308,0
656,0
788,0
649,0
646,0
595,0
630,0
591,0
641,0
827,0
1048,0
965,0
888,0
640,0
375,0
201,0
164,0
216,0
158,0
140,0
132,0
126,0
185,0
407,0
617,0
1015,0
1014,0
1023,0
819,0
863,0
832,0
828,0
826,0
844,0
1090,0
1044,0
1031,0
758,0
540,0
408,0
268,0
176,0
140,0
144,0
73,0
78,0
164,0
340,0
810,0
973,0
1010,0
1065,0
1052,0
1031,0
825,0
754,0
702,0
880,0
1025,0
968,0
681,0
734,0
492,0
332,0
254,0
86,0
68,0
47,0
50,0
50,0
50,0
204,0
340,0
546,0
605,0
647,0
635,0
443,0
491,0
513,0
661,0
755,0
1032,0
1014,0
941,0
896,0
473,0
294,0
238,0
98,0
52,0
47,0
46,0
46,0
93,0
105,0
134,0
304,0
460,0
486,0
527,0
363,0
287,0
285,0
344,0
564,0
900,0
873,0
812,0
687,0
329,0
207,0
174,0
32,0
26,0
26,0
25,0
26,0
35,0
341,0
664,0
894,0
918,0
815,0
735,0
716,0
572,0
500,0
613,0
770,0
831,0
821,0
852,0
573,0
400,0
234,0
160,0
178,0
159,0
127,0
113,0
58,0
67,0
227,0
676,0
0,0
875,0
878,0
697,0
584,0
0,0
562,0
560,0
746,0
883,0
864,0
844,0
547,0
359,0
256,0
212,0
58,0
51,0
51,0
51,0
51,0
81,0
300,0
549,0
706,0
0,0
0,0
0,0
0,0
0,0
566,0
0,0
0,0
0,0
973,0
796,0
638,0
487,0
354,0
223,0
74,0
56,0
45,0
45,0
72,0
180,0
365,0
818,0
1036,0
1059,0
1030,0
952,0
898,0
887,0
860,0
815,0
898,0
1093,0
1108,0
1081,0
1006,0
677,0
520,0
359,0
165,0
88,0
49,0
48,0
50,0
97,0
379,0
852,0
990,0
1029,0
1000,0
857,0
785,0
0,0
0,0
0,0
793,0
931,0
923,0
795,0
563,0
342,0
294,0
234,0
187,0
136,0
91,0
84,0
91,0
221,0
279,0
468,0
801,0
879,0
898,0
870,0
809,0
795,0
762,0
821,0
943,0
968,0
953,0
921,0
605,0
542,0
454,0
333,0
343,0
283,0
239,0
289,0
320,0
371,0
494,0
607,0
774,0
993,0
1067,0
1238,0
1207,0
1161,0
1108,0
1092,0
1067,0
1229,0
1278,0
1326,0
1283,0
1178,0
1147,0
1070,0
0,0
249,0
841,0
868,0
887,0
928,0
1180,0
1178,0
1364,0
1404,0
1407,0
1419,0
0,0
1070,0
1339,0
1460,0
1525,0
1564,0
1499,0
1434,0
1282,0
1295,0
1233,0
951,0
891,0
909,0
856,0
848,0
841,0
895,0
981,0
1261,0
1390,0
1343,0
1349,0
1418,0
0,0
0,0
1362,0
1427,0
0,0
1535,0
0,0
1513,0
1424,0
1223,0
1120,0
991,0
951,0
1158,0
1133,0
1134,0
1133,0
1176,0
1213,0
1368,0
1206,0
1255,0
1233,0
0,0
255,0
1106,0
1061,0
1196,0
1297,0
1437,0
1430,0
1397,0
1237,0
980,0
868,0
794,0
573,0
517,0
479,0
485,0
518,0
567,0
641,0
993,0
1219,0
0,0
1206,0
1200,0
987,0
1005,0
1043,0
1081,0
1161,0
0,0
1255,0
1313,0
1246,0
951,0
786,0
635,0
481,0
402,0
332,0
323,0
325,0
439,0
614,0
1031,0
1242,0
1291,0
1277,0
63,0
1196,0
1055,0
0,0
0,0
1107,0
0,0
1275,0
1182,0
1081,0
769,0
649,0
650,0
313,0
216,0
179,0
158,0
161,0
283,0
396,0
582,0
778,0
870,0
902,0
890,0
811,0
785,0
739,0
714,0
879,0
1171,0
1168,0
1049,0
844,0
658,0
525,0
420,0
334,0
197,0
153,0
164,0
181,0
153,0
232,0
335,0
441,0
611,0
662,0
659,0
621,0
575,0
549,0
537,0
653,0
903,0
954,0
915,0
715,0
597,0
435,0
324,0
223,0
163,0
97,0
94,0
95,0
215,0
401,0
819,0
1105,0
1104,0
0,0
0,0
0,0
953,0
901,0
849,0
905,0
1204,0
1253,0
1251,0
866,0
690,0
439,0
301,0
247,0
155,0
118,0
119,0
113,0
172,0
332,0
787,0
1095,0
959,0
959,0
883,0
790,0
757,0
793,0
912,0
955,0
1209,0
1210,0
1226,0
1071,0
817,0
606,0
392,0
280,0
225,0
195,0
205,0
205,0
253,0
308,0
781,0
1134,0
1093,0
1055,0
945,0
849,0
877,0
0,0
967,0
942,0
1229,0
1327,0
1281,0
1185,0
698,0
495,0
346,0
270,0
215,0
203,0
179,0
195,0
325,0
469,0
821,0
1116,0
1187,0
1062,0
946,0
847,0
869,0
836,0
848,0
900,0
1171,0
1235,0
1148,0
971,0
771,0
533,0
428,0
243,0
161,0
156,0
131,0
134,0
228,0
577,0
864,0
1119,0
0,0
915,0
0,0
715,0
693,0
0,0
679,0
762,0
1138,0
1172,0
1154,0
978,0
692,0
438,0
258,0
146,0
87,0
54,0
55,0
60,0
71,0
238,0
564,0
848,0
904,0
878,0
777,0
591,0
546,0
511,0
581,0
672,0
821,0
1019,0
1000,0
799,0
578,0
359,0
201,0
113,0
79,0
38,0
37,0
38,0
47,0
82,0
275,0
410,0
673,0
549,0
471,0
335,0
168,0
165,0
171,0
424,0
772,0
842,0
818,0
650,0
459,0
212,0
104,0
208,0
121,0
84,0
67,0
61,0
177,0
467,0
921,0
1085,0
1044,0
922,0
840,0
675,0
695,0
613,0
657,0
800,0
1075,0
1227,0
1078,0
958,0
970,0
628,0
318,0
272,0
235,0
152,0
139,0
152,0
203,0
549,0
902,0
1050,0
1068,0
908,0
829,0
716,0
722,0
710,0
675,0
780,0
1028,0
1158,0
1117,0
1026,0
795,0
542,0
240,0
193,0
138,0
111,0
115,0
136,0
187,0
576,0
1009,0
1110,0
1099,0
1030,0
921,0
864,0
854,0
842,0
861,0
939,0
1145,0
1286,0
1280,0
1175,0
948,0
623,0
460,0
235,0
144,0
123,0
119,0
139,0
287,0
601,0
928,0
994,0
978,0
871,0
808,0
678,0
826,0
670,0
697,0
766,0
851,0
1151,0
1166,0
1065,0
680,0
508,0
350,0
191,0
120,0
124,0
124,0
113,0
186,0
422,0
927,0
1072,0
1102,0
1082,0
1016,0
957,0
922,0
855,0
883,0
956,0
958,0
1098,0
1020,0
828,0
753,0
486,0
329,0
169,0
95,0
47,0
36,0
44,0
91,0
206,0
372,0
653,0
715,0
680,0
663,0
646,0
645,0
610,0
605,0
709,0
772,0
951,0
945,0
782,0
605,0
376,0
255,0
142,0
145,0
123,0
139,0
161,0
177,0
263,0
428,0
600,0
720,0
737,0
705,0
667,0
619,0
525,0
504,0
652,0
923,0
1061,0
1139,0
945,0
863,0
519,0
347,0
256,0
166,0
143,0
141,0
159,0
260,0
453,0
916,0
1100,0
1126,0
1060,0
1031,0
929,0
977,0
920,0
883,0
872,0
1146,0
1243,0
1187,0
1090,0
712,0
557,0
419,0
185,0
115,0
82,0
78,0
109,0
183,0
389,0
965,0
1218,0
1259,0
1107,0
997,0
762,0
767,0
770,0
732,0
860,0
1037,0
1160,0
1118,0
983,0
558,0
448,0
308,0
184,0
84,0
54,0
44,0
60,0
129,0
372,0
850,0
934,0
843,0
757,0
733,0
682,0
745,0
730,0
0,0
812,0
1010,0
1146,0
1098,0
910,0
673,0
452,0
337,0
123,0
75,0
55,0
47,0
50,0
131,0
408,0
1007,0
1054,0
1000,0
924,0
817,0
678,0
685,0
684,0
652,0
750,0
899,0
1092,0
1102,0
968,0
613,0
467,0
327,0
159,0
125,0
90,0
74,0
83,0
115,0
392,0
861,0
1033,0
1044,0
938,0
904,0
689,0
698,0
654,0
702,0
863,0
975,0
1115,0
1096,0
997,0
623,0
424,0
320,0
75,0
21,0
22,0
30,0
27,0
21,0
69,0
433,0
702,0
664,0
554,0
409,0
384,0
335,0
341,0
468,0
631,0
938,0
1033,0
1008,0
958,0
609,0
456,0
212,0
152,0
70,0
48,0
37,0
26,0
27,0
66,0
169,0
364,0
504,0
545,0
527,0
451,0
284,0
275,0
297,0
418,0
705,0
857,0
891,0
874,0
453,0
275,0
160,0
75,0
58,0
58,0
51,0
54,0
118,0
385,0
913,0
1032,0
1045,0
911,0
813,0
549,0
556,0
454,0
538,0
658,0
788,0
1114,0
1052,0
896,0
345,0
239,0
152,0
120,0
82,0
69,0
66,0
64,0
137,0
276,0
757,0
875,0
848,0
848,0
838,0
657,0
661,0
0,0
755,0
957,0
1082,0
1211,0
1199,0
1109,0
759,0
632,0
463,0
189,0
58,0
34,0
36,0
47,0
322,0
424,0
893,0
1015,0
964,0
901,0
706,0
407,0
408,0
414,0
383,0
690,0
911,0
1239,0
1261,0
1143,0
814,0
456,0
221,0
153,0
79,0
56,0
59,0
78,0
243,0
600,0
1077,0
1097,0
977,0
847,0
793,0
576,0
620,0
599,0
587,0
827,0
905,0
1106,0
1031,0
856,0
598,0
464,0
231,0
169,0
85,0
59,0
59,0
58,0
103,0
461,0
858,0
940,0
896,0
812,0
834,0
581,0
586,0
544,0
547,0
898,0
911,0
951,0
942,0
720,0
462,0
416,0
122,0
200,0
146,0
61,0
60,0
58,0
57,0
392,0
543,0
854,0
1020,0
1013,0
972,0
688,0
679,0
684,0
619,0
670,0
729,0
962,0
781,0
792,0
573,0
288,0
174,0
129,0
59,0
58,0
64,0
68,0
82,0
156,0
260,0
442,0
612,0
630,0
699,0
510,0
443,0
446,0
474,0
563,0
639,0
904,0
1018,0
934,0
621,0
344,0
286,0
323,0
270,0
266,0
262,0
289,0
348,0
598,0
986,0
1041,0
1060,0
1075,0
1021,0
909,0
927,0
936,0
927,0
1187,0
1200,0
1096,0
1101,0
333,0
615,0
611,0
420,0
255,0
239,0
223,0
205,0
204,0
224,0
412,0
839,0
993,0
1066,0
972,0
892,0
804,0
820,0
912,0
797,0
976,0
1059,0
1203,0
1169,0
1113,0
797,0
576,0
479,0
344,0
206,0
162,0
160,0
170,0
295,0
692,0
1174,0
1244,0
1206,0
1035,0
873,0
839,0
363,0
805,0
800,0
937,0
1149,0
1245,0
1307,0
1099,0
710,0
540,0
419,0
174,0
141,0
123,0
106,0
107,0
258,0
719,0
1094,0
1284,0
1415,0
1179,0
927,0
913,0
919,0
0,0
918,0
998,0
1279,0
1444,0
1467,0
1298,0
1030,0
794,0
526,0
394,0
279,0
222,0
216,0
225,0
325,0
567,0
1076,0
1152,0
1142,0
861,0
838,0
724,0
659,0
632,0
593,0
666,0
798,0
1143,0
1122,0
1041,0
737,0
497,0
362,0
289,0
266,0
221,0
198,0
219,0
272,0
293,0
585,0
804,0
862,0
744,0
649,0
601,0
607,0
560,0
509,0
531,0
745,0
1116,0
1152,0
819,0
710,0
474,0
361,0
198,0
91,0
91,0
83,0
89,0
100,0
128,0
291,0
501,0
564,0
510,0
499,0
454,0
403,0
349,0
352,0
456,0
548,0
903,0
967,0
843,0
663,0
427,0
315,0
176,0
111,0
100,0
102,0
102,0
226,0
400,0
737,0
964,0
975,0
929,0
748,0
768,0
851,0
781,0
829,0
846,0
1087,0
1136,0
1156,0
1030,0
740,0
559,0
406,0
126,0
72,0
72,0
72,0
89,0
144,0
544,0
1081,0
1238,0
1257,0
1016,0
922,0
804,0
835,0
854,0
839,0
904,0
1149,0
1310,0
1307,0
1243,0
761,0
629,0
467,0
183,0
186,0
387,0
401,0
408,0
464,0
886,0
1348,0
1561,0
1505,0
1180,0
1024,0
960,0
995,0
995,0
898,0
1116,0
1192,0
1292,0
1427,0
1405,0
974,0
617,0
458,0
229,0
189,0
181,0
169,0
171,0
209,0
526,0
905,0
1005,0
1028,0
701,0
617,0
566,0
620,0
604,0
551,0
547,0
883,0
1043,0
1061,0
1024,0
825,0
512,0
348,0
262,0
165,0
102,0
82,0
145,0
321,0
572,0
945,0
1061,0
1039,0
846,0
628,0
619,0
598,0
593,0
545,0
619,0
698,0
1036,0
1084,0
1058,0
838,0
577,0
520,0
327,0
223,0
171,0
160,0
182,0
224,0
339,0
572,0
716,0
883,0
806,0
776,0
596,0
567,0
429,0
393,0
467,0
609,0
959,0
1042,0
915,0
780,0
549,0
442,0
205,0
154,0
137,0
142,0
147,0
146,0
192,0
339,0
512,0
581,0
551,0
541,0
492,0
417,0
354,0
363,0
412,0
590,0
912,0
970,0
968,0
724,0
535,0
286,0
182,0
105,0
100,0
97,0
97,0
171,0
540,0
1016,0
1151,0
1029,0
977,0
800,0
711,0
796,0
798,0
772,0
835,0
825,0
1153,0
1269,0
1218,0
813,0
599,0
497,0
398,0
330,0
271,0
251,0
282,0
314,0
529,0
924,0
1035,0
992,0
928,0
709,0
636,0
674,0
643,0
614,0
701,0
858,0
1154,0
1098,0
943,0
617,0
405,0
265,0
167,0
66,0
62,0
62,0
59,0
71,0
295,0
876,0
982,0
1003,0
874,0
688,0
642,0
631,0
683,0
626,0
758,0
875,0
1039,0
1149,0
1090,0
726,0
366,0
202,0
111,0
66,0
57,0
52,0
98,0
196,0
387,0
921,0
1033,0
1003,0
836,0
670,0
689,0
667,0
649,0
625,0
682,0
859,0
1191,0
1318,0
1217,0
799,0
444,0
274,0
148,0
71,0
61,0
59,0
68,0
286,0
429,0
1001,0
1121,0
1064,0
830,0
750,0
797,0
822,0
671,0
677,0
679,0
791,0
1207,0
1244,0
1025,0
939,0
505,0
281,0
97,0
61,0
52,0
53,0
52,0
71,0
208,0
431,0
705,0
755,0
737,0
531,0
359,0
337,0
329,0
318,0
378,0
454,0
1007,0
1143,0
1090,0
821,0
469,0
306,0
96,0
0,0
0,0
58,0
58,0
58,0
60,0
110,0
231,0
331,0
335,0
323,0
304,0
277,0
225,0
225,0
286,0
300,0
366,0
681,0
843,0
643,0
385,0
294,0
185,0
85,0
73,0
81,0
84,0
141,0
368,0
944,0
1089,0
1009,0
869,0
726,0
749,0
781,0
780,0
726,0
682,0
719,0
901,0
1109,0
1246,0
836,0
654,0
442,0
144,0
82,0
56,0
57,0
55,0
143,0
576,0
863,0
879,0
855,0
733,0
744,0
676,0
606,0
619,0
679,0
754,0
800,0
892,0
1066,0
1025,0
980,0
637,0
463,0
325,0
76,0
57,0
47,0
54,0
115,0
542,0
939,0
1035,0
1020,0
817,0
773,0
711,0
755,0
799,0
759,0
774,0
688,0
888,0
1200,0
1334,0
1006,0
629,0
464,0
293,0
175,0
97,0
86,0
93,0
186,0
610,0
1097,0
1103,0
1089,0
859,0
778,0
830,0
781,0
821,0
833,0
778,0
844,0
929,0
1222,0
1259,0
943,0
682,0
492,0
299,0
130,0
102,0
94,0
102,0
278,0
506,0
1013,0
1126,0
1086,0
1042,0
950,0
927,0
838,0
829,0
849,0
857,0
836,0
840,0
1099,0
1211,0
1070,0
653,0
535,0
359,0
280,0
182,0
122,0
121,0
194,0
316,0
622,0
899,0
957,0
858,0
809,0
644,0
648,0
652,0
624,0
536,0
487,0
722,0
1002,0
1089,0
731,0
506,0
436,0
356,0
236,0
211,0
212,0
199,0
202,0
327,0
457,0
596,0
633,0
645,0
657,0
645,0
629,0
567,0
539,0
616,0
702,0
818,0
1019,0
1010,0
1011,0
712,0
497,0
239,0
229,0
214,0
197,0
276,0
372,0
698,0
1172,0
1184,0
1252,0
1094,0
1058,0
991,0
876,0
996,0
1032,0
1015,0
979,0
980,0
1345,0
1407,0
1122,0
846,0
639,0
341,0
191,0
169,0
164,0
186,0
301,0
581,0
911,0
1056,0
1020,0
927,0
885,0
829,0
802,0
780,0
800,0
811,0
856,0
940,0
1035,0
1089,0
1118,0
777,0
587,0
400,0
212,0
204,0
194,0
210,0
364,0
604,0
990,0
967,0
1054,0
915,0
892,0
799,0
745,0
803,0
896,0
927,0
974,0
1040,0
1151,0
1391,0
1104,0
806,0
623,0
413,0
308,0
285,0
277,0
307,0
321,0
554,0
1037,0
1203,0
1215,0
1031,0
974,0
905,0
883,0
950,0
907,0
916,0
865,0
1158,0
1335,0
1280,0
1059,0
747,0
623,0
468,0
326,0
303,0
284,0
277,0
423,0
705,0
1191,0
1215,0
1186,0
1241,0
1250,0
1054,0
967,0
889,0
943,0
1020,0
1008,0
1067,0
1060,0
1174,0
1138,0
795,0
627,0
417,0
319,0
262,0
212,0
232,0
355,0
467,0
650,0
963,0
1095,0
1072,0
1009,0
877,0
890,0
858,0
787,0
748,0
778,0
833,0
1206,0
1264,0
980,0
638,0
540,0
358,0
144,0
122,0
88,0
85,0
87,0
173,0
434,0
658,0
819,0
665,0
659,0
744,0
636,0
581,0
557,0
557,0
686,0
786,0
1104,0
1083,0
871,0
681,0
492,0
276,0
201,0
167,0
139,0
156,0
235,0
635,0
1013,0
1213,0
1173,0
1116,0
1006,0
1077,0
1117,0
1115,0
1082,0
980,0
925,0
1043,0
1213,0
1288,0
1024,0
715,0
575,0
272,0
211,0
155,0
105,0
120,0
172,0
695,0
1016,0
1123,0
1127,0
874,0
925,0
903,0
810,0
0,0
753,0
784,0
847,0
880,0
1004,0
929,0
1017,0
769,0
485,0
279,0
249,0
192,0
177,0
191,0
258,0
598,0
934,0
1042,0
992,0
878,0
801,0
734,0
725,0
780,0
794,0
764,0
763,0
764,0
1053,0
1249,0
1088,0
678,0
418,0
203,0
136,0
134,0
133,0
126,0
173,0
589,0
896,0
1056,0
1036,0
855,0
789,0
788,0
765,0
811,0
841,0
735,0
750,0
790,0
986,0
1216,0
958,0
703,0
553,0
174,0
58,0
27,0
27,0
27,0
116,0
514,0
862,0
866,0
817,0
721,0
658,0
689,0
655,0
670,0
639,0
601,0
578,0
635,0
731,0
784,0
859,0
571,0
408,0
159,0
54,0
51,0
48,0
53,0
55,0
326,0
602,0
721,0
673,0
629,0
615,0
507,0
467,0
509,0
494,0
515,0
502,0
527,0
758,0
944,0
779,0
496,0
364,0
65,0
24,0
26,0
27,0
29,0
34,0
115,0
293,0
439,0
465,0
442,0
389,0
374,0
232,0
214,0
211,0
222,0
237,0
364,0
558,0
787,0
631,0
480,0
211,0
50,0
27,0
26,0
34,0
43,0
48,0
155,0
406,0
433,0
422,0
432,0
387,0
372,0
306,0
397,0
388,0
353,0
411,0
460,0
481,0
580,0
616,0
498,0
260,0
178,0
116,0
84,0
66,0
70,0
140,0
471,0
831,0
962,0
990,0
911,0
781,0
802,0
737,0
889,0
850,0
848,0
819,0
811,0
1001,0
1082,0
961,0
572,0
291,0
166,0
99,0
76,0
71,0
85,0
147,0
261,0
688,0
797,0
793,0
728,0
734,0
581,0
551,0
612,0
615,0
570,0
642,0
749,0
1036,0
1042,0
949,0
626,0
374,0
69,0
23,0
28,0
40,0
44,0
152,0
499,0
824,0
1020,0
1039,0
850,0
798,0
784,0
749,0
728,0
662,0
773,0
850,0
827,0
888,0
1142,0
1186,0
794,0
400,0
245,0
80,0
41,0
45,0
51,0
132,0
562,0
822,0
1129,0
1065,0
1015,0
828,0
728,0
732,0
788,0
703,0
661,0
781,0
780,0
1059,0
1134,0
1030,0
678,0
475,0
249,0
151,0
100,0
46,0
65,0
149,0
223,0
365,0
551,0
627,0
639,0
610,0
558,0
513,0
514,0
481,0
451,0
460,0
754,0
927,0
983,0
856,0
632,0
404,0
263,0
106,0
58,0
57,0
60,0
61,0
175,0
273,0
393,0
476,0
491,0
511,0
385,0
317,0
277,0
274,0
296,0
361,0
555,0
756,0
907,0
857,0
552,0
333,0
193,0
110,0
96,0
94,0
93,0
133,0
275,0
579,0
894,0
928,0
822,0
832,0
761,0
731,0
779,0
765,0
717,0
713,0
854,0
1067,0
1058,0
926,0
677,0
443,0
269,0
169,0
128,0
120,0
132,0
217,0
591,0
919,0
1075,0
1005,0
910,0
817,0
768,0
628,0
630,0
666,0
623,0
582,0
686,0
823,0
900,0
873,0
644,0
567,0
285,0
180,0
128,0
113,0
119,0
139,0
208,0
311,0
436,0
541,0
498,0
446,0
391,0
303,0
281,0
258,0
232,0
232,0
267,0
394,0
679,0
563,0
347,0
199,0
182,0
87,0
82,0
87,0
91,0
89,0
209,0
531,0
725,0
743,0
706,0
583,0
609,0
532,0
592,0
564,0
569,0
547,0
686,0
996,0
1102,0
874,0
610,0
420,0
169,0
58,0
54,0
47,0
58,0
111,0
463,0
980,0
1029,0
1025,0
885,0
777,0
765,0
682,0
720,0
751,0
775,0
763,0
818,0
1073,0
1176,0
1134,0
728,0
487,0
234,0
107,0
55,0
47,0
60,0
107,0
252,0
605,0
842,0
917,0
903,0
737,0
482,0
461,0
481,0
482,0
493,0
536,0
741,0
991,0
1105,0
952,0
578,0
505,0
258,0
172,0
93,0
78,0
81,0
107,0
200,0
284,0
363,0
503,0
515,0
514,0
481,0
421,0
400,0
371,0
395,0
452,0
503,0
676,0
840,0
713,0
620,0
360,0
290,0
167,0
203,0
188,0
133,0
150,0
531,0
1025,0
1119,0
1152,0
1048,0
962,0
899,0
888,0
883,0
862,0
838,0
880,0
994,0
1226,0
1252,0
1215,0
642,0
455,0
307,0
251,0
254,0
258,0
253,0
266,0
571,0
914,0
1089,0
1045,0
1076,0
838,0
882,0
808,0
853,0
846,0
819,0
783,0
854,0
1150,0
1134,0
1115,0
814,0
562,0
391,0
320,0
321,0
320,0
269,0
268,0
558,0
1034,0
1131,0
1117,0
971,0
922,0
863,0
845,0
824,0
754,0
743,0
768,0
815,0
1123,0
1123,0
1208,0
923,0
534,0
445,0
333,0
313,0
294,0
278,0
313,0
564,0
1008,0
1076,0
1147,0
1069,0
1069,0
1087,0
1001,0
1024,0
995,0
1006,0
963,0
997,0
1308,0
1210,0
1108,0
703,0
598,0
575,0
502,0
514,0
471,0
441,0
476,0
602,0
1083,0
1218,0
1247,0
1092,0
1020,0
1016,0
972,0
963,0
993,0
938,0
935,0
963,0
1215,0
1225,0
1102,0
858,0
732,0
596,0
493,0
459,0
432,0
402,0
410,0
556,0
815,0
974,0
1034,0
987,0
979,0
959,0
869,0
865,0
869,0
841,0
823,0
794,0
902,0
1140,0
1137,0
817,0
656,0
310,0
243,0
218,0
219,0
162,0
141,0
181,0
402,0
580,0
745,0
735,0
710,0
701,0
688,0
610,0
632,0
635,0
644,0
700,0
1014,0
1161,0
1057,0
827,0
635,0
581,0
446,0
444,0
405,0
372,0
414,0
814,0
1102,0
1237,0
1201,0
1136,0
1132,0
1122,0
1050,0
1056,0
995,0
1057,0
1055,0
1092,0
1205,0
1103,0
1130,0
977,0
689,0
556,0
410,0
397,0
371,0
357,0
421,0
593,0
874,0
921,0
976,0
930,0
939,0
874,0
889,0
913,0
981,0
1092,0
1039,0
1084,0
1244,0
1290,0
1226,0
974,0
630,0
518,0
432,0
442,0
445,0
414,0
419,0
638,0
1039,0
1218,0
1253,0
1210,0
1141,0
1133,0
1079,0
1136,0
1138,0
1069,0
1070,0
1100,0
1321,0
1244,0
1124,0
988,0
742,0
519,0
393,0
399,0
388,0
345,0
353,0
764,0
0,0
1165,0
1164,0
1140,0
1096,0
1113,0
1048,0
1008,0
951,0
938,0
933,0
1083,0
1170,0
1150,0
1220,0
972,0
744,0
425,0
383,0
386,0
360,0
337,0
406,0
771,0
1226,0
1294,0
1198,0
1153,0
1012,0
859,0
769,0
704,0
809,0
761,0
754,0
965,0
1149,0
1133,0
1102,0
807,0
603,0
431,0
322,0
233,0
199,0
168,0
265,0
374,0
828,0
933,0
991,0
938,0
828,0
837,0
764,0
791,0
767,0
666,0
739,0
985,0
1147,0
1062,0
933,0
639,0
562,0
292,0
209,0
126,0
91,0
90,0
90,0
252,0
449,0
597,0
596,0
618,0
679,0
579,0
430,0
397,0
402,0
422,0
539,0
816,0
884,0
946,0
937,0
837,0
523,0
235,0
165,0
126,0
121,0
108,0
140,0
584,0
890,0
974,0
1097,0
1081,0
1088,0
1038,0
956,0
997,0
964,0
927,0
883,0
994,0
1141,0
1138,0
1103,0
740,0
524,0
317,0
212,0
212,0
192,0
163,0
192,0
522,0
857,0
984,0
1004,0
977,0
976,0
0,0
883,0
807,0
905,0
859,0
989,0
1191,0
1304,0
1315,0
1014,0
924,0
629,0
563,0
346,0
339,0
299,0
283,0
396,0
651,0
1100,0
1126,0
1093,0
1088,0
1054,0
993,0
896,0
869,0
822,0
893,0
1006,0
1099,0
1109,0
1185,0
1126,0
875,0
578,0
396,0
275,0
261,0
240,0
232,0
281,0
582,0
1032,0
1105,0
1149,0
1122,0
1060,0
966,0
993,0
1014,0
980,0
965,0
947,0
1116,0
1246,0
1265,0
1150,0
935,0
640,0
507,0
392,0
356,0
320,0
305,0
366,0
755,0
1153,0
1231,0
1233,0
1196,0
1087,0
1098,0
1096,0
1158,0
1030,0
977,0
985,0
1141,0
1260,0
1304,0
1146,0
911,0
746,0
402,0
239,0
278,0
231,0
221,0
263,0
442,0
902,0
969,0
990,0
1020,0
1027,0
854,0
794,0
812,0
827,0
787,0
786,0
917,0
903,0
1023,0
1003,0
875,0
591,0
320,0
192,0
228,0
187,0
167,0
155,0
200,0
356,0
539,0
583,0
652,0
571,0
0,0
532,0
498,0
482,0
543,0
536,0
741,0
929,0
1001,0
877,0
683,0
500,0
290,0
239,0
219,0
168,0
148,0
144,0
358,0
810,0
968,0
955,0
924,0
777,0
753,0
742,0
736,0
718,0
707,0
700,0
938,0
976,0
829,0
886,0
726,0
451,0
347,0
264,0
256,0
240,0
230,0
222,0
552,0
952,0
1036,0
1099,0
1064,0
1065,0
951,0
759,0
774,0
776,0
742,0
718,0
803,0
974,0
1087,0
965,0
662,0
458,0
317,0
257,0
262,0
221,0
194,0
203,0
461,0
921,0
1004,0
1009,0
1035,0
986,0
969,0
754,0
823,0
808,0
749,0
726,0
967,0
1224,0
1285,0
1070,0
641,0
514,0
382,0
276,0
270,0
252,0
239,0
316,0
374,0
881,0
943,0
956,0
937,0
1032,0
1067,0
1037,0
1040,0
1012,0
1003,0
1021,0
1133,0
1243,0
1195,0
1155,0
773,0
657,0
419,0
352,0
373,0
339,0
328,0
362,0
612,0
939,0
1145,0
1231,0
1158,0
1122,0
1015,0
1029,0
1052,0
1059,0
1025,0
1028,0
1115,0
1398,0
1469,0
1451,0
1257,0
925,0
839,0
786,0
793,0
729,0
726,0
703,0
865,0
1162,0
1357,0
1421,0
1359,0
1447,0
1498,0
1222,0
1224,0
1230,0
1348,0
1352,0
1364,0
1488,0
1380,0
1311,0
1289,0
1154,0
929,0
834,0
830,0
631,0
601,0
607,0
784,0
908,0
1007,0
1060,0
1167,0
1332,0
1320,0
996,0
833,0
889,0
987,0
1019,0
1182,0
1178,0
1226,0
1303,0
1156,0
993,0
865,0
765,0
663,0
585,0
561,0
670,0
801,0
961,0
1130,0
1146,0
1156,0
1133,0
1110,0
1184,0
1271,0
1292,0
1274,0
1229,0
1239,0
1405,0
1449,0
1475,0
1157,0
983,0
763,0
654,0
616,0
619,0
668,0
743,0
963,0
1035,0
1141,0
1113,0
1037,0
1075,0
1079,0
1054,0
1047,0
965,0
976,0
1030,0
1201,0
1206,0
1185,0
1118,0
878,0
829,0
571,0
526,0
517,0
495,0
518,0
517,0
677,0
905,0
1058,0
1114,0
1121,0
1093,0
1041,0
0,0
1120,0
1155,0
1080,0
1022,0
1119,0
1185,0
1220,0
1070,0
914,0
800,0
652,0
611,0
575,0
567,0
575,0
598,0
825,0
1108,0
1229,0
1210,0
1228,0
1210,0
1161,0
1101,0
1126,0
1049,0
1162,0
1193,0
1243,0
1295,0
1296,0
1351,0
1065,0
955,0
690,0
610,0
558,0
560,0
580,0
602,0
806,0
1159,0
1236,0
1269,0
1251,0
1309,0
1267,0
1221,0
1297,0
1320,0
1294,0
1252,0
1045,0
1132,0
1239,0
1267,0
996,0
825,0
615,0
527,0
381,0
304,0
297,0
319,0
523,0
806,0
971,0
1027,0
1029,0
988,0
942,0
932,0
924,0
896,0
877,0
911,0
953,0
939,0
1064,0
1073,0
904,0
735,0
440,0
340,0
283,0
297,0
300,0
282,0
329,0
443,0
649,0
725,0
680,0
647,0
703,0
712,0
709,0
690,0
718,0
694,0
712,0
888,0
1056,0
1128,0
951,0
518,0
504,0
410,0
379,0
350,0
351,0
351,0
481,0
860,0
1059,0
1023,0
1003,0
1036,0
915,0
814,0
1032,0
1063,0
1068,0
981,0
988,0
967,0
1098,0
1064,0
990,0
765,0
458,0
359,0
336,0
313,0
310,0
337,0
751,0
1184,0
1191,0
1241,0
1147,0
1067,0
1110,0
1076,0
966,0
880,0
829,0
851,0
1038,0
1101,0
1176,0
1204,0
783,0
573,0
385,0
289,0
241,0
210,0
223,0
274,0
432,0
886,0
1034,0
1053,0
902,0
533,0
499,0
469,0
511,0
563,0
572,0
582,0
605,0
709,0
725,0
705,0
612,0
412,0
239,0
183,0
163,0
200,0
264,0
177,0
164,0
358,0
375,0
439,0
394,0
427,0
339,0
580,0
363,0
384,0
613,0
408,0
230,0
310,0
370,0
488,0
436,0
164,0
164,0
45,0
57,0
38,0
44,0
93,0
251,0
516,0
465,0
633,0
502,0
405,0
384,0
356,0
608,0
861,0
879,0
842,0
864,0
946,0
850,0
671,0
489,0
270,0
110,0
99,0
100,0
99,0
99,0
100,0
0,0
152,0
342,0
358,0
422,0
399,0
410,0
390,0
358,0
346,0
332,0
377,0
420,0
400,0
322,0
326,0
278,0
183,0
89,0
94,0
165,0
182,0
145,0
145,0
163,0
274,0
98,0
180,0
86,0
34,0
15,0
18,0
26,0
1,0
24,0
81,0
283,0
183,0
387,0
325,0
240,0
167,0
194,0
136,0
118,0
0,0
0,0
14,0
152,0
549,0
344,0
396,0
289,0
420,0
462,0
814,0
933,0
1004,0
944,0
852,0
911,0
1055,0
1083,0
994,0
805,0
549,0
329,0
220,0
171,0
163,0
174,0
213,0
439,0
804,0
1026,0
979,0
1016,0
1031,0
917,0
928,0
917,0
863,0
992,0
976,0
946,0
1000,0
996,0
971,0
737,0
473,0
243,0
206,0
205,0
185,0
191,0
239,0
354,0
617,0
852,0
952,0
1008,0
942,0
827,0
807,0
916,0
908,0
760,0
870,0
880,0
1106,0
1142,0
1039,0
634,0
398,0
327,0
258,0
229,0
202,0
195,0
206,0
321,0
599,0
856,0
880,0
837,0
846,0
993,0
1020,0
998,0
965,0
841,0
911,0
965,0
876,0
935,0
840,0
510,0
319,0
226,0
187,0
143,0
135,0
130,0
149,0
257,0
453,0
710,0
800,0
866,0
938,0
929,0
1004,0
1031,0
976,0
822,0
842,0
744,0
839,0
858,0
849,0
544,0
325,0
257,0
190,0
122,0
122,0
116,0
122,0
162,0
416,0
590,0
660,0
654,0
703,0
738,0
714,0
566,0
530,0
734,0
772,0
838,0
791,0
812,0
753,0
514,0
379,0
123,0
117,0
116,0
118,0
117,0
125,0
183,0
268,0
371,0
500,0
524,0
539,0
508,0
426,0
449,0
397,0
382,0
410,0
450,0
482,0
609,0
629,0
472,0
287,0
353,0
302,0
294,0
296,0
294,0
298,0
338,0
522,0
704,0
796,0
682,0
719,0
795,0
818,0
839,0
753,0
630,0
684,0
763,0
847,0
865,0
856,0
571,0
415,0
430,0
358,0
324,0
330,0
205,0
217,0
360,0
550,0
684,0
753,0
777,0
791,0
764,0
640,0
778,0
811,0
762,0
643,0
478,0
562,0
699,0
722,0
361,0
272,0
320,0
252,0
198,0
160,0
125,0
100,0
203,0
365,0
506,0
554,0
495,0
632,0
723,0
869,0
923,0
479,0
671,0
705,0
627,0
664,0
682,0
776,0
608,0
369,0
189,0
119,0
100,0
98,0
166,0
320,0
415,0
607,0
747,0
823,0
946,0
836,0
761,0
648,0
605,0
769,0
748,0
718,0
626,0
641,0
784,0
794,0
465,0
197,0
145,0
233,0
229,0
215,0
230,0
232,0
283,0
355,0
607,0
642,0
604,0
640,0
726,0
780,0
795,0
738,0
618,0
476,0
668,0
778,0
810,0
804,0
496,0
211,0
100,0
72,0
70,0
57,0
68,0
70,0
125,0
293,0
536,0
496,0
580,0
574,0
408,0
388,0
364,0
369,0
386,0
406,0
497,0
515,0
532,0
642,0
485,0
209,0
115,0
75,0
84,0
26,0
33,0
39,0
84,0
166,0
202,0
289,0
317,0
313,0
391,0
413,0
437,0
417,0
369,0
398,0
474,0
511,0
606,0
624,0
440,0
339,0
188,0
110,0
109,0
114,0
111,0
115,0
292,0
409,0
409,0
432,0
539,0
598,0
599,0
552,0
468,0
540,0
578,0
563,0
525,0
532,0
655,0
773,0
673,0
459,0
199,0
138,0
138,0
136,0
139,0
128,0
124,0
409,0
696,0
782,0
875,0
0,0
613,0
660,0
843,0
774,0
755,0
714,0
715,0
607,0
768,0
627,0
476,0
246,0
108,0
100,0
99,0
89,0
89,0
101,0
275,0
398,0
582,0
684,0
718,0
765,0
792,0
820,0
813,0
752,0
725,0
705,0
693,0
656,0
722,0
729,0
523,0
297,0
211,0
135,0
136,0
137,0
138,0
152,0
309,0
607,0
644,0
724,0
787,0
754,0
829,0
818,0
842,0
741,0
686,0
594,0
608,0
695,0
813,0
865,0
478,0
257,0
128,0
125,0
121,0
108,0
120,0
123,0
129,0
356,0
567,0
691,0
701,0
703,0
689,0
718,0
739,0
747,0
729,0
713,0
732,0
712,0
733,0
673,0
354,0
191,0
131,0
113,0
110,0
110,0
117,0
118,0
276,0
344,0
534,0
660,0
680,0
671,0
668,0
720,0
744,0
743,0
706,0
662,0
656,0
626,0
696,0
807,0
539,0
256,0
145,0
111,0
111,0
109,0
129,0
124,0
144,0
169,0
308,0
344,0
354,0
366,0
360,0
317,0
306,0
257,0
343,0
359,0
352,0
436,0
411,0
462,0
289,0
108,0
77,0
97,0
99,0
95,0
95,0
95,0
186,0
331,0
524,0
595,0
587,0
588,0
621,0
667,0
643,0
721,0
758,0
706,0
648,0
652,0
709,0
699,0
573,0
317,0
277,0
188,0
189,0
187,0
168,0
177,0
182,0
437,0
524,0
587,0
608,0
637,0
656,0
615,0
612,0
682,0
690,0
639,0
693,0
715,0
739,0
648,0
462,0
318,0
307,0
206,0
173,0
185,0
183,0
181,0
175,0
409,0
568,0
594,0
645,0
620,0
585,0
563,0
554,0
566,0
564,0
534,0
493,0
498,0
586,0
589,0
368,0
258,0
57,0
21,0
14,0
15,0
15,0
17,0
81,0
417,0
563,0
583,0
577,0
538,0
567,0
591,0
561,0
662,0
640,0
607,0
569,0
619,0
686,0
673,0
410,0
210,0
99,0
88,0
90,0
96,0
93,0
87,0
103,0
369,0
568,0
599,0
630,0
655,0
695,0
732,0
738,0
789,0
717,0
656,0
635,0
757,0
812,0
875,0
525,0
308,0
102,0
108,0
92,0
79,0
94,0
91,0
104,0
153,0
340,0
393,0
465,0
498,0
506,0
482,0
455,0
398,0
391,0
373,0
425,0
401,0
478,0
508,0
214,0
107,0
46,0
42,0
33,0
20,0
20,0
20,0
19,0
149,0
312,0
359,0
331,0
336,0
286,0
263,0
286,0
293,0
355,0
328,0
448,0
463,0
478,0
444,0
325,0
220,0
138,0
90,0
79,0
74,0
81,0
80,0
248,0
375,0
646,0
664,0
668,0
702,0
708,0
705,0
707,0
608,0
620,0
570,0
551,0
562,0
754,0
701,0
454,0
258,0
136,0
103,0
87,0
92,0
91,0
108,0
230,0
408,0
584,0
640,0
659,0
702,0
658,0
638,0
659,0
627,0
610,0
565,0
526,0
554,0
646,0
731,0
475,0
280,0
119,0
104,0
101,0
105,0
100,0
98,0
150,0
337,0
0,0
555,0
528,0
570,0
574,0
605,0
633,0
672,0
675,0
638,0
582,0
562,0
566,0
569,0
402,0
274,0
186,0
155,0
119,0
110,0
110,0
112,0
139,0
282,0
344,0
247,0
228,0
244,0
597,0
591,0
621,0
594,0
561,0
630,0
625,0
561,0
505,0
427,0
332,0
245,0
188,0
123,0
107,0
107,0
103,0
112,0
207,0
404,0
656,0
689,0
693,0
694,0
652,0
644,0
659,0
665,0
679,0
635,0
612,0
591,0
562,0
526,0
323,0
231,0
154,0
119,0
113,0
108,0
115,0
122,0
225,0
453,0
686,0
785,0
763,0
772,0
766,0
655,0
630,0
557,0
534,0
510,0
495,0
562,0
652,0
620,0
493,0
388,0
225,0
146,0
90,0
125,0
153,0
132,0
109,0
206,0
372,0
544,0
578,0
536,0
477,0
402,0
373,0
340,0
392,0
490,0
570,0
541,0
587,0
601,0
447,0
241,0
173,0
101,0
78,0
80,0
76,0
89,0
202,0
364,0
596,0
711,0
710,0
740,0
725,0
680,0
576,0
648,0
627,0
562,0
602,0
675,0
635,0
670,0
422,0
295,0
144,0
79,0
82,0
75,0
87,0
83,0
149,0
511,0
566,0
631,0
659,0
678,0
692,0
668,0
587,0
629,0
561,0
615,0
595,0
596,0
671,0
604,0
374,0
221,0
125,0
92,0
96,0
97,0
106,0
94,0
174,0
313,0
444,0
359,0
541,0
571,0
574,0
538,0
624,0
746,0
742,0
681,0
705,0
709,0
578,0
632,0
540,0
244,0
189,0
120,0
93,0
79,0
76,0
81,0
128,0
315,0
507,0
569,0
616,0
620,0
653,0
670,0
690,0
831,0
708,0
744,0
727,0
771,0
816,0
922,0
571,0
300,0
167,0
112,0
103,0
102,0
102,0
102,0
167,0
334,0
541,0
619,0
565,0
610,0
659,0
615,0
592,0
663,0
644,0
498,0
645,0
668,0
663,0
622,0
479,0
282,0
169,0
103,0
108,0
93,0
88,0
106,0
173,0
223,0
358,0
481,0
528,0
502,0
523,0
494,0
498,0
459,0
420,0
420,0
481,0
442,0
421,0
386,0
222,0
96,0
139,0
91,0
89,0
90,0
81,0
78,0
107,0
129,0
296,0
304,0
406,0
424,0
412,0
382,0
372,0
354,0
375,0
460,0
513,0
530,0
491,0
460,0
387,0
221,0
117,0
0,0
0,0
83,0
88,0
27,0
129,0
373,0
0,0
733,0
741,0
715,0
694,0
710,0
724,0
600,0
584,0
571,0
576,0
586,0
683,0
666,0
374,0
163,0
158,0
162,0
128,0
0,0
0,0
0,0
0,0
276,0
633,0
665,0
721,0
715,0
609,0
590,0
603,0
631,0
608,0
577,0
609,0
649,0
668,0
631,0
350,0
215,0
133,0
114,0
107,0
96,0
91,0
90,0
269,0
453,0
630,0
778,0
836,0
910,0
921,0
844,0
832,0
746,0
706,0
699,0
729,0
723,0
908,0
818,0
531,0
420,0
256,0
152,0
114,0
105,0
101,0
137,0
270,0
473,0
692,0
725,0
776,0
810,0
846,0
874,0
923,0
889,0
855,0
900,0
867,0
896,0
1036,0
1068,0
704,0
492,0
254,0
122,0
112,0
114,0
116,0
109,0
294,0
469,0
649,0
720,0
706,0
739,0
768,0
773,0
802,0
741,0
706,0
659,0
607,0
636,0
800,0
799,0
536,0
303,0
277,0
201,0
184,0
194,0
193,0
189,0
196,0
254,0
422,0
475,0
479,0
474,0
447,0
371,0
378,0
382,0
376,0
444,0
488,0
560,0
670,0
618,0
300,0
184,0
96,0
20,0
20,0
20,0
64,0
153,0
188,0
360,0
460,0
596,0
741,0
625,0
699,0
632,0
658,0
675,0
675,0
767,0
955,0
966,0
1131,0
1153,0
865,0
693,0
325,0
229,0
199,0
171,0
122,0
77,0
202,0
434,0
605,0
699,0
691,0
672,0
645,0
669,0
655,0
532,0
478,0
402,0
387,0
400,0
548,0
567,0
328,0
194,0
102,0
87,0
84,0
92,0
89,0
83,0
150,0
379,0
624,0
656,0
680,0
707,0
633,0
670,0
650,0
632,0
559,0
524,0
564,0
665,0
675,0
633,0
497,0
273,0
132,0
113,0
111,0
99,0
106,0
99,0
133,0
412,0
489,0
528,0
562,0
568,0
593,0
607,0
653,0
603,0
597,0
560,0
520,0
496,0
656,0
607,0
508,0
319,0
54,0
55,0
61,0
61,0
63,0
64,0
79,0
311,0
539,0
633,0
647,0
660,0
841,0
729,0
727,0
820,0
727,0
616,0
644,0
744,0
884,0
800,0
551,0
340,0
115,0
111,0
111,0
96,0
100,0
103,0
128,0
415,0
522,0
631,0
703,0
704,0
722,0
723,0
749,0
783,0
777,0
766,0
748,0
818,0
1011,0
901,0
674,0
476,0
189,0
125,0
44,0
42,0
71,0
59,0
100,0
240,0
475,0
598,0
706,0
726,0
722,0
777,0
704,0
653,0
624,0
693,0
690,0
807,0
1057,0
869,0
474,0
305,0
112,0
101,0
96,0
23,0
19,0
75,0
169,0
255,0
438,0
511,0
483,0
489,0
448,0
429,0
374,0
385,0
409,0
547,0
668,0
780,0
870,0
874,0
503,0
250,0
101,0
54,0
23,0
19,0
18,0
21,0
154,0
371,0
551,0
686,0
710,0
788,0
827,0
811,0
837,0
824,0
799,0
772,0
796,0
815,0
971,0
789,0
509,0
296,0
262,0
150,0
22,0
18,0
36,0
159,0
184,0
484,0
642,0
809,0
0,0
783,0
606,0
605,0
618,0
630,0
600,0
581,0
540,0
569,0
606,0
565,0
250,0
131,0
119,0
33,0
18,0
18,0
18,0
18,0
79,0
254,0
440,0
509,0
513,0
494,0
467,0
465,0
593,0
558,0
543,0
508,0
574,0
647,0
680,0
518,0
211,0
68,0
32,0
21,0
21,0
21,0
21,0
21,0
166,0
449,0
601,0
665,0
644,0
631,0
628,0
602,0
630,0
584,0
584,0
589,0
497,0
530,0
639,0
573,0
403,0
165,0
77,0
52,0
39,0
47,0
41,0
43,0
53,0
432,0
707,0
743,0
731,0
748,0
613,0
228,0
248,0
232,0
215,0
196,0
165,0
598,0
859,0
642,0
469,0
176,0
85,0
19,0
17,0
17,0
17,0
23,0
111,0
395,0
467,0
512,0
506,0
504,0
494,0
496,0
538,0
580,0
569,0
542,0
557,0
610,0
891,0
737,0
432,0
165,0
110,0
90,0
0,0
0,0
0,0
0,0
0,0
0,0
241,0
290,0
328,0
320,0
319,0
333,0
302,0
309,0
313,0
417,0
462,0
522,0
595,0
489,0
396,0
140,0
29,0
18,0
18,0
18,0
18,0
35,0
109,0
400,0
596,0
701,0
724,0
625,0
735,0
714,0
713,0
734,0
728,0
654,0
653,0
725,0
779,0
683,0
397,0
185,0
123,0
89,0
18,0
18,0
18,0
93,0
123,0
288,0
539,0
639,0
626,0
615,0
643,0
657,0
690,0
666,0
653,0
635,0
759,0
870,0
845,0
673,0
327,0
138,0
96,0
57,0
17,0
17,0
17,0
51,0
130,0
418,0
621,0
681,0
676,0
690,0
692,0
882,0
698,0
694,0
631,0
450,0
599,0
767,0
605,0
690,0
401,0
140,0
55,0
49,0
41,0
32,0
52,0
108,0
126,0
566,0
648,0
723,0
733,0
692,0
741,0
756,0
787,0
771,0
739,0
686,0
683,0
746,0
797,0
571,0
333,0
140,0
19,0
18,0
18,0
18,0
18,0
21,0
94,0
273,0
565,0
641,0
676,0
682,0
695,0
705,0
798,0
751,0
764,0
682,0
660,0
722,0
754,0
639,0
339,0
123,0
102,0
94,0
75,0
18,0
18,0
19,0
115,0
363,0
622,0
727,0
670,0
654,0
573,0
573,0
595,0
608,0
612,0
619,0
670,0
745,0
754,0
676,0
370,0
145,0
69,0
17,0
11,0
16,0
20,0
20,0
20,0
34,0
277,0
339,0
440,0
390,0
369,0
338,0
338,0
400,0
405,0
507,0
679,0
697,0
821,0
652,0
356,0
105,0
78,0
67,0
17,0
17,0
52,0
73,0
101,0
550,0
630,0
648,0
651,0
626,0
696,0
748,0
683,0
699,0
655,0
694,0
682,0
739,0
804,0
719,0
578,0
337,0
194,0
161,0
134,0
130,0
143,0
236,0
242,0
496,0
588,0
650,0
659,0
634,0
690,0
688,0
770,0
731,0
753,0
740,0
713,0
792,0
872,0
798,0
371,0
302,0
379,0
286,0
213,0
204,0
209,0
265,0
332,0
705,0
700,0
738,0
774,0
729,0
746,0
737,0
772,0
757,0
712,0
647,0
615,0
649,0
827,0
730,0
443,0
372,0
368,0
276,0
242,0
214,0
194,0
255,0
302,0
742,0
694,0
744,0
753,0
802,0
824,0
837,0
858,0
842,0
788,0
734,0
743,0
777,0
986,0
864,0
501,0
413,0
376,0
315,0
223,0
217,0
167,0
251,0
247,0
586,0
622,0
530,0
517,0
711,0
747,0
736,0
731,0
698,0
651,0
566,0
554,0
617,0
802,0
599,0
343,0
289,0
209,0
156,0
144,0
92,0
92,0
92,0
271,0
549,0
599,0
566,0
587,0
620,0
634,0
651,0
723,0
757,0
723,0
736,0
762,0
848,0
907,0
781,0
408,0
228,0
165,0
165,0
165,0
119,0
117,0
75,0
110,0
159,0
302,0
353,0
381,0
418,0
389,0
387,0
361,0
353,0
439,0
425,0
519,0
638,0
700,0
641,0
494,0
289,0
263,0
226,0
116,0
118,0
138,0
162,0
180,0
438,0
549,0
586,0
624,0
672,0
599,0
515,0
582,0
579,0
532,0
604,0
577,0
660,0
664,0
505,0
274,0
151,0
176,0
97,0
97,0
98,0
97,0
98,0
192,0
431,0
480,0
502,0
557,0
590,0
511,0
398,0
395,0
382,0
376,0
377,0
440,0
614,0
593,0
422,0
321,0
216,0
90,0
85,0
37,0
35,0
44,0
45,0
194,0
274,0
374,0
417,0
407,0
427,0
446,0
444,0
522,0
512,0
521,0
461,0
529,0
649,0
658,0
574,0
387,0
224,0
149,0
134,0
117,0
117,0
117,0
123,0
159,0
392,0
495,0
506,0
452,0
445,0
445,0
442,0
512,0
510,0
525,0
499,0
538,0
681,0
738,0
615,0
341,0
219,0
225,0
165,0
120,0
116,0
116,0
151,0
220,0
419,0
518,0
564,0
583,0
522,0
520,0
409,0
434,0
507,0
502,0
533,0
632,0
691,0
672,0
541,0
317,0
231,0
174,0
156,0
114,0
104,0
104,0
99,0
108,0
224,0
461,0
540,0
587,0
557,0
527,0
556,0
549,0
533,0
562,0
570,0
570,0
634,0
632,0
551,0
310,0
206,0
153,0
38,0
17,0
17,0
17,0
17,0
38,0
101,0
247,0
372,0
423,0
302,0
199,0
186,0
182,0
174,0
172,0
169,0
336,0
511,0
555,0
488,0
317,0
148,0
90,0
79,0
83,0
92,0
92,0
115,0
193,0
450,0
675,0
736,0
655,0
653,0
610,0
604,0
561,0
549,0
583,0
618,0
676,0
813,0
784,0
595,0
402,0
196,0
145,0
132,0
128,0
128,0
131,0
159,0
236,0
526,0
761,0
779,0
754,0
671,0
657,0
653,0
684,0
677,0
758,0
733,0
738,0
882,0
803,0
522,0
332,0
230,0
115,0
115,0
104,0
104,0
103,0
116,0
218,0
530,0
731,0
785,0
702,0
681,0
612,0
613,0
672,0
673,0
713,0
763,0
741,0
871,0
858,0
707,0
487,0
203,0
212,0
157,0
162,0
161,0
159,0
190,0
324,0
565,0
741,0
795,0
735,0
765,0
761,0
760,0
751,0
728,0
796,0
721,0
737,0
909,0
846,0
631,0
426,0
274,0
179,0
112,0
108,0
107,0
95,0
105,0
207,0
533,0
719,0
707,0
656,0
675,0
755,0
766,0
742,0
714,0
819,0
725,0
690,0
830,0
740,0
637,0
409,0
219,0
110,0
111,0
96,0
103,0
98,0
95,0
103,0
413,0
711,0
744,0
663,0
608,0
556,0
513,0
507,0
502,0
563,0
597,0
638,0
857,0
812,0
602,0
337,0
160,0
53,0
13,0
16,0
16,0
16,0
0,0
0,0
55,0
347,0
450,0
465,0
451,0
407,0
377,0
350,0
336,0
364,0
380,0
484,0
682,0
709,0
575,0
341,0
209,0
138,0
95,0
93,0
94,0
92,0
129,0
215,0
556,0
709,0
707,0
675,0
698,0
669,0
632,0
665,0
644,0
656,0
650,0
633,0
859,0
898,0
642,0
394,0
277,0
165,0
94,0
99,0
89,0
113,0
131,0
226,0
578,0
694,0
708,0
592,0
598,0
607,0
621,0
666,0
666,0
761,0
720,0
703,0
877,0
877,0
687,0
391,0
258,0
163,0
146,0
115,0
115,0
115,0
142,0
223,0
569,0
764,0
787,0
736,0
693,0
612,0
594,0
643,0
690,0
745,0
781,0
788,0
908,0
850,0
560,0
351,0
184,0
112,0
108,0
111,0
108,0
103,0
125,0
276,0
609,0
757,0
750,0
687,0
700,0
610,0
587,0
623,0
618,0
671,0
684,0
736,0
876,0
823,0
557,0
254,0
148,0
18,0
18,0
18,0
18,0
17,0
17,0
138,0
443,0
616,0
235,0
284,0
484,0
445,0
430,0
518,0
508,0
553,0
622,0
653,0
846,0
792,0
571,0
228,0
118,0
92,0
45,0
17,0
18,0
18,0
44,0
74,0
338,0
428,0
471,0
378,0
315,0
316,0
314,0
302,0
261,0
272,0
377,0
508,0
699,0
675,0
476,0
235,0
75,0
18,0
18,0
18,0
18,0
18,0
18,0
38,0
24,0
228,0
335,0
360,0
329,0
270,0
241,0
183,0
179,0
233,0
292,0
537,0
734,0
695,0
615,0
306,0
73,0
63,0
17,0
20,0
0,0
59,0
162,0
274,0
502,0
628,0
633,0
568,0
634,0
567,0
592,0
609,0
614,0
622,0
615,0
673,0
806,0
687,0
534,0
313,0
140,0
25,0
17,0
17,0
17,0
34,0
43,0
111,0
283,0
525,0
548,0
489,0
472,0
390,0
378,0
419,0
454,0
500,0
515,0
570,0
685,0
602,0
544,0
367,0
240,0
159,0
103,0
100,0
100,0
106,0
182,0
415,0
621,0
774,0
720,0
669,0
633,0
641,0
626,0
672,0
649,0
764,0
771,0
793,0
978,0
845,0
700,0
480,0
423,0
158,0
103,0
65,0
73,0
85,0
87,0
216,0
472,0
683,0
733,0
708,0
642,0
586,0
560,0
565,0
578,0
626,0
652,0
675,0
847,0
749,0
535,0
293,0
130,0
92,0
88,0
93,0
92,0
99,0
121,0
326,0
580,0
617,0
682,0
602,0
592,0
453,0
444,0
476,0
515,0
572,0
557,0
619,0
779,0
697,0
557,0
329,0
242,0
212,0
179,0
105,0
105,0
104,0
109,0
217,0
379,0
591,0
636,0
532,0
525,0
517,0
514,0
506,0
484,0
460,0
525,0
650,0
793,0
770,0
649,0
384,0
123,0
197,0
179,0
178,0
178,0
178,0
187,0
216,0
255,0
401,0
563,0
589,0
541,0
501,0
451,0
432,0
413,0
455,0
492,0
619,0
805,0
824,0
605,0
406,0
255,0
93,0
55,0
19,0
18,0
42,0
140,0
300,0
596,0
763,0
765,0
719,0
638,0
602,0
604,0
609,0
602,0
623,0
655,0
698,0
846,0
823,0
587,0
352,0
239,0
184,0
150,0
143,0
142,0
142,0
162,0
329,0
649,0
773,0
804,0
718,0
681,0
659,0
606,0
646,0
657,0
690,0
671,0
698,0
893,0
828,0
605,0
409,0
222,0
179,0
163,0
138,0
144,0
154,0
202,0
328,0
750,0
887,0
920,0
793,0
782,0
751,0
732,0
771,0
748,0
775,0
779,0
911,0
1075,0
992,0
782,0
494,0
264,0
211,0
207,0
198,0
199,0
205,0
213,0
323,0
708,0
702,0
714,0
682,0
670,0
669,0
643,0
685,0
672,0
658,0
694,0
776,0
869,0
818,0
536,0
407,0
276,0
225,0
178,0
36,0
29,0
116,0
159,0
345,0
664,0
822,0
816,0
800,0
746,0
711,0
665,0
698,0
673,0
704,0
745,0
818,0
956,0
876,0
743,0
484,0
411,0
293,0
224,0
173,0
165,0
169,0
176,0
293,0
505,0
721,0
770,0
782,0
766,0
753,0
666,0
683,0
705,0
713,0
676,0
736,0
854,0
791,0
655,0
474,0
344,0
61,0
43,0
38,0
17,0
17,0
17,0
64,0
298,0
469,0
485,0
490,0
504,0
428,0
394,0
373,0
428,0
444,0
687,0
840,0
974,0
905,0
703,0
385,0
223,0
206,0
102,0
50,0
18,0
93,0
208,0
419,0
772,0
918,0
846,0
829,0
774,0
714,0
682,0
693,0
695,0
693,0
812,0
975,0
1098,0
1029,0
736,0
505,0
302,0
134,0
19,0
34,0
51,0
55,0
156,0
280,0
720,0
824,0
846,0
833,0
806,0
736,0
735,0
745,0
692,0
718,0
900,0
1009,0
1071,0
1018,0
638,0
444,0
295,0
183,0
28,0
17,0
17,0
17,0
85,0
332,0
729,0
799,0
783,0
701,0
651,0
627,0
597,0
632,0
677,0
687,0
775,0
933,0
1041,0
942,0
541,0
323,0
263,0
134,0
110,0
108,0
111,0
120,0
193,0
355,0
834,0
983,0
979,0
851,0
837,0
804,0
743,0
723,0
738,0
776,0
869,0
1159,0
1201,0
1113,0
782,0
463,0
298,0
186,0
195,0
53,0
163,0
169,0
215,0
370,0
719,0
822,0
803,0
719,0
679,0
661,0
656,0
662,0
672,0
749,0
784,0
920,0
1038,0
913,0
752,0
508,0
298,0
207,0
180,0
171,0
169,0
160,0
379,0
473,0
540,0
574,0
606,0
515,0
422,0
433,0
381,0
428,0
408,0
416,0
523,0
851,0
954,0
904,0
584,0
312,0
238,0
201,0
165,0
19,0
149,0
149,0
158,0
18,0
288,0
402,0
492,0
501,0
450,0
413,0
377,0
356,0
356,0
360,0
391,0
789,0
924,0
873,0
638,0
431,0
305,0
91,0
17,0
100,0
111,0
82,0
128,0
324,0
858,0
893,0
878,0
768,0
725,0
670,0
656,0
677,0
666,0
636,0
656,0
897,0
993,0
944,0
587,0
392,0
200,0
127,0
112,0
112,0
136,0
170,0
208,0
324,0
799,0
798,0
814,0
723,0
706,0
666,0
649,0
678,0
683,0
694,0
709,0
891,0
940,0
903,0
560,0
416,0
270,0
146,0
115,0
17,0
15,0
43,0
162,0
305,0
713,0
769,0
768,0
692,0
673,0
638,0
695,0
699,0
715,0
717,0
924,0
1111,0
1149,0
1055,0
756,0
501,0
415,0
282,0
217,0
200,0
206,0
249,0
324,0
646,0
920,0
833,0
820,0
689,0
736,0
733,0
739,0
741,0
734,0
771,0
760,0
922,0
966,0
934,0
629,0
501,0
294,0
156,0
144,0
130,0
128,0
136,0
176,0
378,0
818,0
878,0
877,0
668,0
656,0
638,0
609,0
641,0
691,0
694,0
784,0
973,0
1015,0
899,0
570,0
385,0
283,0
252,0
156,0
142,0
118,0
110,0
140,0
313,0
536,0
659,0
689,0
589,0
554,0
566,0
559,0
571,0
618,0
688,0
790,0
1090,0
1112,0
954,0
668,0
394,0
265,0
146,0
67,0
55,0
22,0
15,0
17,0
56,0
171,0
406,0
439,0
457,0
381,0
370,0
360,0
339,0
335,0
390,0
586,0
737,0
762,0
585,0
488,0
212,0
199,0
36,0
16,0
16,0
16,0
15,0
68,0
328,0
757,0
793,0
749,0
707,0
688,0
609,0
591,0
604,0
643,0
645,0
688,0
1001,0
1046,0
839,0
561,0
330,0
227,0
78,0
17,0
17,0
17,0
17,0
68,0
264,0
664,0
708,0
726,0
677,0
555,0
406,0
386,0
394,0
433,0
561,0
694,0
947,0
898,0
848,0
595,0
328,0
229,0
68,0
17,0
16,0
16,0
16,0
16,0
165,0
486,0
552,0
534,0
487,0
384,0
352,0
292,0
307,0
352,0
438,0
523,0
850,0
787,0
685,0
359,0
190,0
159,0
108,0
63,0
57,0
57,0
57,0
94,0
244,0
640,0
661,0
681,0
542,0
547,0
493,0
411,0
455,0
540,0
683,0
726,0
973,0
906,0
897,0
552,0
341,0
216,0
80,0
27,0
30,0
46,0
46,0
105,0
374,0
874,0
915,0
845,0
623,0
531,0
479,0
538,0
395,0
418,0
661,0
928,0
1080,0
735,0
630,0
422,0
329,0
247,0
308,0
154,0
48,0
39,0
38,0
72,0
138,0
290,0
469,0
454,0
453,0
418,0
364,0
218,0
231,0
222,0
450,0
527,0
724,0
718,0
601,0
440,0
235,0
34,0
50,0
135,0
0,0
86,0
19,0
18,0
18,0
79,0
134,0
389,0
325,0
269,0
256,0
176,0
206,0
213,0
202,0
387,0
624,0
735,0
675,0
461,0
502,0
354,0
185,0
73,0
51,0
56,0
48,0
82,0
308,0
628,0
1032,0
843,0
806,0
716,0
639,0
559,0
536,0
633,0
611,0
792,0
1047,0
1143,0
874,0
608,0
463,0
351,0
144,0
135,0
63,0
57,0
57,0
63,0
167,0
529,0
909,0
807,0
756,0
672,0
645,0
624,0
609,0
646,0
744,0
827,0
1082,0
1046,0
846,0
642,0
457,0
290,0
122,0
53,0
17,0
17,0
17,0
18,0
98,0
222,0
612,0
678,0
688,0
686,0
705,0
843,0
892,0
797,0
713,0
663,0
773,0
840,0
921,0
722,0
592,0
438,0
172,0
240,0
207,0
207,0
204,0
66,0
40,0
199,0
563,0
584,0
673,0
711,0
812,0
798,0
826,0
790,0
855,0
935,0
1045,0
929,0
918,0
836,0
596,0
386,0
185,0
158,0
150,0
209,0
155,0
35,0
34,0
235,0
525,0
575,0
592,0
461,0
461,0
399,0
453,0
464,0
460,0
590,0
857,0
844,0
795,0
802,0
337,0
202,0
21,0
16,0
15,0
15,0
15,0
15,0
15,0
154,0
254,0
385,0
431,0
320,0
320,0
254,0
289,0
324,0
333,0
505,0
749,0
717,0
694,0
449,0
300,0
22,0
36,0
41,0
16,0
16,0
16,0
16,0
16,0
16,0
82,0
288,0
343,0
325,0
262,0
262,0
257,0
229,0
247,0
422,0
620,0
621,0
571,0
451,0
370,0
143,0
20,0
33,0
29,0
28,0
28,0
28,0
27,0
117,0
563,0
772,0
822,0
831,0
743,0
701,0
651,0
682,0
734,0
758,0
952,0
891,0
822,0
713,0
623,0
359,0
239,0
289,0
233,0
94,0
92,0
105,0
240,0
329,0
741,0
895,0
878,0
815,0
754,0
667,0
726,0
798,0
814,0
829,0
1059,0
1063,0
983,0
914,0
741,0
563,0
305,0
159,0
121,0
90,0
87,0
93,0
131,0
498,0
919,0
1181,0
1187,0
1173,0
878,0
800,0
839,0
832,0
877,0
1120,0
1187,0
1187,0
1085,0
921,0
789,0
572,0
442,0
130,0
71,0
45,0
45,0
45,0
141,0
464,0
690,0
1003,0
1029,0
977,0
1043,0
1033,0
984,0
987,0
1085,0
1141,0
1186,0
1142,0
1097,0
1005,0
889,0
634,0
399,0
406,0
309,0
209,0
133,0
133,0
243,0
415,0
605,0
871,0
886,0
835,0
761,0
788,0
761,0
766,0
991,0
1052,0
1306,0
1236,0
1072,0
848,0
774,0
502,0
381,0
249,0
118,0
57,0
56,0
56,0
94,0
293,0
526,0
766,0
840,0
849,0
858,0
793,0
838,0
837,0
852,0
993,0
1152,0
1166,0
1026,0
911,0
848,0
617,0
546,0
263,0
176,0
123,0
122,0
113,0
157,0
318,0
451,0
629,0
714,0
715,0
731,0
816,0
795,0
795,0
845,0
1052,0
1192,0
1138,0
1136,0
1001,0
941,0
765,0
672,0
440,0
401,0
0,0
0,0
334,0
383,0
719,0
868,0
1079,0
1094,0
1115,0
1035,0
997,0
907,0
895,0
1013,0
1064,0
1156,0
1105,0
1071,0
915,0
878,0
712,0
309,0
294,0
323,0
284,0
273,0
276,0
333,0
469,0
654,0
0,0
1169,0
1167,0
1141,0
1168,0
1117,0
1125,0
916,0
1140,0
1277,0
1243,0
1173,0
1004,0
987,0
756,0
642,0
480,0
418,0
390,0
391,0
395,0
451,0
801,0
1083,0
1258,0
1266,0
1217,0
1157,0
1059,0
824,0
1060,0
1217,0
1342,0
1438,0
1356,0
1316,0
1188,0
1101,0
846,0
665,0
409,0
362,0
324,0
307,0
325,0
501,0
945,0
1231,0
1341,0
1362,0
1329,0
1284,0
1360,0
1369,0
1371,0
1420,0
1499,0
1565,0
1535,0
1413,0
1266,0
1187,0
1026,0
986,0
772,0
725,0
679,0
659,0
665,0
742,0
885,0
1149,0
1410,0
1411,0
1377,0
1343,0
1352,0
1327,0
1300,0
1421,0
1469,0
1553,0
1509,0
1487,0
1389,0
1283,0
1120,0
932,0
687,0
572,0
465,0
451,0
455,0
509,0
849,0
1097,0
1151,0
1188,0
1209,0
1153,0
1119,0
1157,0
1137,0
1216,0
1318,0
1399,0
1351,0
1315,0
1243,0
972,0
796,0
711,0
415,0
377,0
284,0
280,0
280,0
373,0
463,0
604,0
847,0
937,0
963,0
976,0
978,0
952,0
951,0
992,0
1158,0
1197,0
1147,0
1125,0
1020,0
889,0
835,0
593,0
184,0
144,0
0,0
112,0
119,0
334,0
637,0
1012,0
1297,0
1278,0
1223,0
1204,0
1189,0
1139,0
1049,0
1191,0
1268,0
1302,0
1280,0
1215,0
972,0
976,0
653,0
717,0
198,0
160,0
139,0
121,0
137,0
363,0
807,0
1022,0
1287,0
1360,0
1339,0
1273,0
1237,0
1267,0
1224,0
1240,0
1473,0
1546,0
1493,0
1446,0
1306,0
1221,0
998,0
715,0
466,0
395,0
371,0
367,0
368,0
419,0
909,0
1172,0
1409,0
1469,0
1479,0
1442,0
1453,0
1474,0
1464,0
1499,0
1534,0
1515,0
1413,0
1387,0
1205,0
1134,0
832,0
664,0
594,0
443,0
434,0
433,0
456,0
613,0
948,0
1247,0
1442,0
1479,0
1451,0
1421,0
1413,0
1415,0
1406,0
1447,0
1461,0
1509,0
1467,0
1460,0
1254,0
1102,0
875,0
665,0
571,0
424,0
423,0
411,0
411,0
583,0
970,0
1259,0
1407,0
1432,0
1370,0
1295,0
1252,0
1278,0
1241,0
1277,0
1449,0
1533,0
1527,0
1475,0
1223,0
1099,0
886,0
695,0
240,0
210,0
170,0
162,0
159,0
170,0
348,0
687,0
863,0
925,0
894,0
613,0
867,0
860,0
747,0
911,0
1026,0
1126,0
1080,0
1051,0
912,0
705,0
576,0
265,0
164,0
132,0
124,0
116,0
116,0
144,0
175,0
305,0
715,0
843,0
833,0
823,0
800,0
790,0
775,0
802,0
1153,0
1252,0
1220,0
1171,0
1108,0
891,0
650,0
444,0
205,0
175,0
173,0
171,0
175,0
171,0
585,0
1054,0
1222,0
1282,0
1227,0
1163,0
1120,0
1134,0
1107,0
1262,0
1296,0
1416,0
1441,0
1327,0
1142,0
935,0
669,0
397,0
198,0
192,0
164,0
149,0
165,0
212,0
449,0
1017,0
1281,0
1309,0
1257,0
1254,0
1179,0
1227,0
1222,0
1367,0
1542,0
1546,0
1523,0
1425,0
974,0
801,0
563,0
395,0
340,0
321,0
293,0
281,0
282,0
317,0
677,0
1050,0
1341,0
1373,0
1308,0
1193,0
1138,0
1191,0
1179,0
1333,0
1484,0
1499,0
1441,0
1362,0
1144,0
840,0
575,0
379,0
145,0
129,0
129,0
112,0
125,0
190,0
529,0
1064,0
1283,0
1282,0
1239,0
1195,0
1090,0
1125,0
1093,0
1256,0
1337,0
1420,0
1321,0
1262,0
1039,0
772,0
569,0
406,0
366,0
215,0
173,0
170,0
169,0
362,0
691,0
996,0
1124,0
1084,0
1065,0
1079,0
1046,0
1069,0
1087,0
1041,0
1185,0
1337,0
1267,0
1249,0
1058,0
983,0
771,0
637,0
315,0
247,0
237,0
230,0
233,0
256,0
322,0
778,0
1091,0
1109,0
1104,0
1135,0
1125,0
1070,0
1079,0
1151,0
1266,0
1497,0
1475,0
1362,0
1250,0
1077,0
893,0
691,0
428,0
340,0
318,0
306,0
304,0
330,0
583,0
804,0
1041,0
1146,0
1174,0
1186,0
1236,0
1224,0
1200,0
1229,0
1473,0
1553,0
1354,0
1315,0
1193,0
1039,0
805,0
660,0
555,0
559,0
557,0
537,0
432,0
384,0
716,0
1111,0
1171,0
1205,0
1131,0
1129,0
1093,0
1098,0
1113,0
1171,0
1233,0
1219,0
1173,0
1179,0
1073,0
942,0
767,0
621,0
644,0
588,0
573,0
478,0
530,0
647,0
935,0
1195,0
1364,0
1401,0
1381,0
1350,0
1309,0
1312,0
1308,0
1354,0
1469,0
1429,0
1364,0
1344,0
1280,0
1151,0
998,0
853,0
586,0
522,0
484,0
466,0
475,0
590,0
920,0
1242,0
1359,0
1407,0
1255,0
1249,0
1120,0
1081,0
1080,0
1170,0
1379,0
1303,0
1244,0
1209,0
1113,0
1000,0
960,0
787,0
593,0
517,0
493,0
478,0
485,0
604,0
971,0
1247,0
1296,0
1322,0
1255,0
1177,0
1077,0
1069,0
1072,0
1167,0
1321,0
1344,0
1311,0
1265,0
1136,0
1004,0
877,0
688,0
535,0
434,0
401,0
404,0
421,0
497,0
895,0
1194,0
1348,0
1394,0
1368,0
1322,0
1150,0
1196,0
1193,0
1307,0
1442,0
1407,0
1379,0
1363,0
1180,0
1070,0
910,0
717,0
495,0
455,0
397,0
379,0
388,0
454,0
602,0
926,0
1008,0
1065,0
1045,0
1054,0
926,0
958,0
928,0
1013,0
1156,0
1180,0
1163,0
1059,0
977,0
859,0
804,0
621,0
394,0
284,0
258,0
238,0
227,0
214,0
346,0
524,0
700,0
805,0
1034,0
1050,0
980,0
990,0
973,0
1097,0
1320,0
1344,0
1299,0
1310,0
1193,0
1028,0
860,0
682,0
326,0
271,0
266,0
249,0
269,0
361,0
801,0
1121,0
1269,0
1338,0
1209,0
1114,0
1020,0
1062,0
1110,0
1152,0
1322,0
1320,0
1231,0
1166,0
1035,0
809,0
810,0
537,0
537,0
470,0
282,0
277,0
284,0
484,0
805,0
1100,0
1325,0
1373,0
1333,0
1298,0
1315,0
1223,0
1402,0
1345,0
1512,0
1491,0
1380,0
1348,0
1077,0
1084,0
910,0
685,0
489,0
437,0
403,0
395,0
406,0
487,0
1016,0
1190,0
1438,0
1442,0
1281,0
38,0
1064,0
1071,0
1183,0
1085,0
1388,0
1242,0
1239,0
1304,0
1065,0
868,0
837,0
617,0
489,0
395,0
344,0
319,0
333,0
470,0
848,0
1115,0
1247,0
1294,0
1156,0
997,0
1079,0
1134,0
1209,0
1174,0
1233,0
1164,0
921,0
1105,0
1226,0
948,0
741,0
592,0
504,0
374,0
326,0
323,0
336,0
453,0
844,0
1060,0
1264,0
1286,0
1274,0
1170,0
1090,0
1120,0
1184,0
1099,0
1349,0
1348,0
1242,0
1211,0
1115,0
844,0
863,0
612,0
483,0
408,0
350,0
313,0
308,0
345,0
536,0
775,0
1055,0
1109,0
1109,0
1090,0
1086,0
1133,0
1224,0
1282,0
1390,0
1431,0
1339,0
1248,0
1113,0
963,0
785,0
715,0
584,0
507,0
425,0
412,0
419,0
440,0
557,0
725,0
881,0
951,0
990,0
960,0
923,0
950,0
941,0
993,0
1236,0
1257,0
1169,0
1181,0
988,0
955,0
750,0
636,0
389,0
331,0
287,0
276,0
284,0
362,0
852,0
1180,0
1306,0
1356,0
1308,0
1311,0
1139,0
1188,0
1149,0
1243,0
1337,0
1405,0
1374,0
1327,0
1162,0
844,0
664,0
520,0
581,0
482,0
447,0
426,0
468,0
543,0
874,0
1106,0
1363,0
1472,0
1476,0
1300,0
1243,0
1408,0
1280,0
1265,0
1373,0
1182,0
1342,0
1377,0
1126,0
988,0
736,0
698,0
526,0
450,0
293,0
281,0
295,0
485,0
779,0
1078,0
1320,0
1335,0
1472,0
1228,0
1175,0
1271,0
1310,0
1539,0
1665,0
1532,0
1524,0
1462,0
1287,0
1170,0
916,0
835,0
547,0
480,0
446,0
413,0
411,0
479,0
1000,0
1150,0
1422,0
1482,0
1410,0
1293,0
1251,0
1350,0
1334,0
1396,0
1580,0
1648,0
1453,0
1475,0
1202,0
878,0
637,0
570,0
280,0
202,0
165,0
152,0
169,0
217,0
330,0
383,0
399,0
418,0
399,0
378,0
385,0
400,0
385,0
411,0
440,0
438,0
422,0
432,0
413,0
410,0
399,0
346,0
677,0
589,0
555,0
547,0
548,0
584,0
811,0
1000,0
1227,0
1334,0
1355,0
1396,0
1368,0
1364,0
1441,0
1456,0
1491,0
1528,0
1504,0
1274,0
1200,0
1134,0
1007,0
875,0
695,0
580,0
506,0
482,0
477,0
516,0
739,0
868,0
1076,0
1219,0
1221,0
679,0
819,0
1226,0
1213,0
1323,0
1510,0
1566,0
1563,0
1498,0
1292,0
1182,0
1106,0
1007,0
852,0
604,0
480,0
455,0
481,0
698,0
1165,0
1341,0
1569,0
1628,0
1595,0
1491,0
1458,0
1495,0
1545,0
1659,0
1596,0
1573,0
1527,0
1515,0
1425,0
1239,0
1155,0
1042,0
842,0
724,0
585,0
575,0
583,0
650,0
1087,0
1350,0
1184,0
1554,0
1559,0
1456,0
1395,0
1317,0
1387,0
1566,0
1658,0
1427,0
1595,0
1527,0
1655,0
1369,0
1304,0
1214,0
807,0
697,0
483,0
461,0
468,0
680,0
1056,0
1245,0
1455,0
1511,0
1521,0
1355,0
1269,0
1225,0
1259,0
1497,0
1571,0
1464,0
1341,0
1422,0
1361,0
1314,0
1007,0
854,0
671,0
567,0
497,0
478,0
492,0
569,0
930,0
1114,0
1296,0
1386,0
1375,0
1245,0
1190,0
1202,0
1196,0
1335,0
1449,0
1506,0
1442,0
1377,0
1310,0
1244,0
1028,0
878,0
595,0
479,0
456,0
438,0
444,0
576,0
1067,0
1233,0
1429,0
1568,0
1540,0
1425,0
1369,0
1386,0
1368,0
1534,0
1605,0
1599,0
1561,0
1529,0
1323,0
1231,0
1090,0
823,0
572,0
457,0
395,0
363,0
372,0
424,0
641,0
820,0
1200,0
1291,0
1310,0
1286,0
1268,0
1284,0
1291,0
1392,0
1491,0
1509,0
1458,0
1392,0
1435,0
1174,0
1062,0
867,0
645,0
516,0
464,0
437,0
432,0
453,0
634,0
767,0
983,0
1062,0
1140,0
1124,0
1092,0
1098,0
1076,0
1227,0
1393,0
1503,0
1460,0
1402,0
1239,0
1135,0
1018,0
809,0
650,0
468,0
412,0
397,0
412,0
522,0
825,0
1084,0
1344,0
1364,0
1348,0
1219,0
1194,0
1284,0
1264,0
1380,0
1467,0
1608,0
1666,0
1675,0
1467,0
1433,0
1243,0
962,0
743,0
647,0
547,0
499,0
502,0
584,0
802,0
1030,0
1199,0
1237,0
1223,0
1214,0
1117,0
1193,0
1228,0
1318,0
1351,0
1372,0
1315,0
1278,0
1176,0
996,0
896,0
811,0
0,0
0,0
0,0
0,0
0,0
0,0
0,0
0,0
0,0
0,0
0,0
0,0
0,0
0,0
0,0
0,0
0,0
0,0
0,0
0,0
0,0
0,0
0,0
