479,0
392,0
318,0
260,0
243,0
237,0
386,0
445,0
678,0
762,0
834,0
750,0
707,0
765,0
731,0
800,0
1108,0
1112,0
1058,0
1034,0
995,0
783,0
658,0
584,0
400,0
325,0
270,0
244,0
249,0
318,0
539,0
680,0
947,0
1066,0
1096,0
1032,0
962,0
1149,0
1103,0
1110,0
1263,0
1400,0
1372,0
1316,0
1131,0
1031,0
905,0
703,0
466,0
329,0
297,0
287,0
300,0
357,0
776,0
1027,0
1285,0
1345,0
1320,0
1213,0
1220,0
1254,0
1233,0
1371,0
1606,0
1592,0
1539,0
1433,0
1280,0
1173,0
1048,0
919,0
636,0
552,0
511,0
421,0
292,0
345,0
521,0
614,0
881,0
1012,0
1083,0
966,0
919,0
929,0
894,0
1076,0
1156,0
1265,0
1196,0
1178,0
1070,0
840,0
718,0
529,0
444,0
312,0
239,0
202,0
203,0
218,0
282,0
450,0
629,0
895,0
883,0
876,0
804,0
704,0
684,0
668,0
1100,0
1201,0
1193,0
1151,0
1132,0
740,0
649,0
484,0
589,0
396,0
300,0
266,0
262,0
337,0
573,0
888,0
1008,0
1036,0
967,0
958,0
939,0
983,0
963,0
1011,0
1234,0
1251,0
1199,0
1159,0
1015,0
827,0
724,0
530,0
387,0
286,0
257,0
260,0
314,0
431,0
821,0
938,0
1018,0
1006,0
941,0
842,0
801,0
908,0
902,0
892,0
1018,0
1114,0
1074,0
1206,0
1082,0
940,0
831,0
642,0
473,0
381,0
342,0
338,0
313,0
382,0
738,0
989,0
1145,0
1126,0
1131,0
1063,0
1029,0
1099,0
0,0
1150,0
1252,0
1307,0
1262,0
1228,0
1076,0
911,0
674,0
553,0
380,0
323,0
244,0
234,0
306,0
327,0
700,0
955,0
1175,0
1223,0
1179,0
1096,0
1044,0
1094,0
1049,0
1006,0
1210,0
1359,0
1238,0
1176,0
1043,0
967,0
712,0
519,0
382,0
312,0
286,0
274,0
278,0
389,0
806,0
1051,0
1197,0
1255,0
1189,0
1074,0
1057,0
1096,0
977,0
1056,0
1167,0
1252,0
1142,0
1084,0
956,0
837,0
754,0
687,0
484,0
341,0
292,0
307,0
326,0
341,0
420,0
729,0
841,0
980,0
977,0
979,0
952,0
972,0
971,0
1058,0
1140,0
1171,0
1127,0
1070,0
949,0
822,0
569,0
401,0
332,0
109,0
164,0
190,0
190,0
212,0
226,0
319,0
499,0
632,0
690,0
720,0
686,0
660,0
738,0
786,0
896,0
1027,0
1013,0
990,0
877,0
735,0
639,0
333,0
385,0
300,0
269,0
263,0
262,0
305,0
698,0
967,0
1098,0
1117,0
1091,0
1081,0
933,0
948,0
915,0
1023,0
1140,0
1218,0
1177,0
1068,0
749,0
914,0
790,0
632,0
441,0
372,0
320,0
282,0
304,0
364,0
684,0
859,0
1026,0
1059,0
1089,0
1128,0
967,0
943,0
980,0
997,0
1118,0
1196,0
1210,0
1170,0
864,0
802,0
576,0
443,0
367,0
310,0
308,0
300,0
313,0
359,0
789,0
1092,0
1165,0
1134,0
1144,0
1099,0
985,0
1069,0
1038,0
996,0
1374,0
1249,0
1225,0
1099,0
1074,0
885,0
665,0
471,0
381,0
316,0
302,0
277,0
291,0
323,0
660,0
980,0
1133,0
1189,0
1200,0
1189,0
1044,0
1039,0
996,0
951,0
1191,0
1233,0
1110,0
1007,0
980,0
709,0
514,0
392,0
373,0
307,0
315,0
507,0
540,0
598,0
754,0
977,0
1167,0
1166,0
1164,0
1141,0
1044,0
1029,0
1039,0
1215,0
1208,0
1241,0
1249,0
1107,0
859,0
858,0
934,0
492,0
245,0
192,0
148,0
146,0
161,0
196,0
246,0
317,0
621,0
759,0
807,0
782,0
759,0
735,0
704,0
748,0
870,0
874,0
862,0
798,0
752,0
557,0
405,0
229,0
226,0
150,0
108,0
106,0
113,0
126,0
155,0
327,0
498,0
645,0
687,0
582,0
623,0
590,0
529,0
626,0
720,0
822,0
789,0
720,0
673,0
586,0
400,0
255,0
206,0
140,0
132,0
132,0
136,0
186,0
378,0
724,0
886,0
898,0
878,0
766,0
745,0
824,0
829,0
835,0
836,0
882,0
932,0
829,0
713,0
561,0
403,0
391,0
172,0
176,0
167,0
170,0
176,0
202,0
536,0
776,0
921,0
964,0
930,0
864,0
823,0
803,0
934,0
787,0
870,0
972,0
1066,0
903,0
842,0
681,0
535,0
329,0
275,0
186,0
174,0
169,0
173,0
222,0
536,0
819,0
947,0
983,0
896,0
889,0
844,0
858,0
854,0
833,0
935,0
1054,0
1042,0
1018,0
870,0
645,0
466,0
292,0
172,0
167,0
149,0
128,0
142,0
175,0
313,0
737,0
836,0
874,0
864,0
810,0
780,0
757,0
806,0
925,0
892,0
1061,0
1048,0
1018,0
812,0
754,0
488,0
335,0
226,0
190,0
167,0
167,0
170,0
237,0
686,0
904,0
1078,0
1152,0
943,0
782,0
719,0
771,0
755,0
785,0
891,0
1013,0
1010,0
940,0
680,0
581,0
474,0
263,0
217,0
186,0
165,0
154,0
154,0
167,0
261,0
481,0
794,0
922,0
934,0
921,0
894,0
908,0
831,0
859,0
941,0
1062,0
1047,0
959,0
875,0
657,0
491,0
350,0
263,0
189,0
173,0
166,0
167,0
167,0
168,0
343,0
600,0
726,0
793,0
730,0
676,0
636,0
639,0
690,0
781,0
921,0
916,0
886,0
763,0
603,0
345,0
203,0
178,0
163,0
169,0
0,0
165,0
190,0
515,0
775,0
930,0
941,0
918,0
956,0
955,0
1087,0
1106,0
1087,0
926,0
1167,0
1015,0
893,0
695,0
540,0
323,0
346,0
199,0
172,0
168,0
174,0
171,0
208,0
478,0
708,0
824,0
850,0
852,0
749,0
812,0
823,0
808,0
766,0
689,0
837,0
807,0
700,0
484,0
522,0
400,0
268,0
166,0
152,0
132,0
129,0
148,0
183,0
483,0
697,0
867,0
909,0
795,0
697,0
689,0
833,0
849,0
787,0
993,0
1105,0
1094,0
1015,0
809,0
683,0
450,0
377,0
252,0
177,0
177,0
184,0
183,0
187,0
443,0
727,0
822,0
892,0
811,0
691,0
640,0
728,0
762,0
633,0
935,0
1135,0
1114,0
1145,0
631,0
812,0
505,0
142,0
216,0
193,0
171,0
169,0
167,0
181,0
583,0
796,0
925,0
964,0
919,0
693,0
662,0
755,0
650,0
677,0
783,0
938,0
1036,0
924,0
648,0
576,0
416,0
280,0
173,0
197,0
192,0
184,0
162,0
186,0
277,0
697,0
914,0
985,0
892,0
868,0
783,0
791,0
798,0
767,0
858,0
1067,0
1072,0
1021,0
839,0
661,0
391,0
303,0
64,0
53,0
102,0
123,0
120,0
119,0
182,0
397,0
641,0
910,0
909,0
626,0
541,0
456,0
472,0
510,0
644,0
969,0
1020,0
983,0
875,0
575,0
494,0
273,0
162,0
143,0
117,0
106,0
114,0
137,0
490,0
773,0
914,0
898,0
872,0
818,0
772,0
842,0
872,0
971,0
879,0
1014,0
1001,0
994,0
658,0
662,0
509,0
441,0
249,0
234,0
143,0
120,0
120,0
233,0
586,0
749,0
916,0
858,0
788,0
645,0
620,0
658,0
652,0
631,0
675,0
749,0
796,0
746,0
567,0
461,0
370,0
218,0
176,0
82,0
56,0
41,0
47,0
109,0
496,0
735,0
863,0
889,0
881,0
849,0
768,0
789,0
803,0
778,0
816,0
901,0
891,0
828,0
628,0
566,0
344,0
196,0
198,0
123,0
86,0
86,0
92,0
164,0
660,0
906,0
1030,0
1055,0
967,0
831,0
849,0
894,0
851,0
884,0
753,0
1088,0
1134,0
1066,0
664,0
509,0
325,0
252,0
195,0
148,0
134,0
131,0
147,0
170,0
379,0
695,0
825,0
831,0
772,0
660,0
613,0
675,0
641,0
642,0
724,0
931,0
947,0
887,0
563,0
443,0
474,0
238,0
221,0
172,0
157,0
156,0
166,0
179,0
249,0
419,0
670,0
696,0
674,0
604,0
625,0
596,0
646,0
668,0
768,0
934,0
997,0
939,0
759,0
627,0
364,0
254,0
190,0
198,0
179,0
169,0
170,0
168,0
202,0
334,0
549,0
663,0
621,0
576,0
501,0
432,0
425,0
476,0
487,0
890,0
959,0
916,0
764,0
601,0
369,0
99,0
97,0
16,0
0,0
15,0
15,0
39,0
419,0
656,0
884,0
879,0
863,0
871,0
947,0
958,0
836,0
814,0
924,0
1004,0
972,0
849,0
688,0
521,0
507,0
377,0
196,0
82,0
66,0
61,0
60,0
131,0
477,0
725,0
841,0
832,0
840,0
787,0
915,0
852,0
927,0
846,0
899,0
980,0
1009,0
972,0
893,0
746,0
621,0
411,0
123,0
110,0
79,0
70,0
75,0
191,0
521,0
716,0
843,0
846,0
737,0
644,0
630,0
647,0
721,0
704,0
730,0
904,0
949,0
976,0
816,0
649,0
482,0
337,0
182,0
168,0
162,0
162,0
162,0
207,0
538,0
844,0
966,0
954,0
846,0
744,0
697,0
710,0
781,0
724,0
926,0
1047,0
1088,0
1056,0
953,0
696,0
497,0
301,0
222,0
19,0
17,0
17,0
20,0
49,0
475,0
780,0
1018,0
1035,0
974,0
942,0
836,0
822,0
845,0
757,0
813,0
1041,0
1082,0
1042,0
838,0
680,0
518,0
279,0
195,0
98,0
95,0
78,0
84,0
99,0
231,0
404,0
612,0
672,0
636,0
527,0
481,0
438,0
412,0
504,0
689,0
851,0
898,0
866,0
721,0
577,0
445,0
189,0
17,0
17,0
17,0
17,0
17,0
18,0
29,0
116,0
379,0
394,0
407,0
352,0
326,0
272,0
265,0
266,0
422,0
709,0
798,0
783,0
606,0
445,0
189,0
68,0
44,0
24,0
17,0
17,0
17,0
113,0
393,0
747,0
818,0
849,0
742,0
579,0
525,0
530,0
591,0
560,0
593,0
676,0
771,0
834,0
724,0
382,0
406,0
115,0
97,0
29,0
26,0
23,0
24,0
100,0
511,0
755,0
883,0
896,0
829,0
739,0
755,0
820,0
790,0
732,0
800,0
867,0
928,0
902,0
814,0
599,0
556,0
208,0
122,0
17,0
17,0
17,0
19,0
152,0
508,0
729,0
899,0
886,0
808,0
687,0
695,0
698,0
681,0
609,0
825,0
886,0
1032,0
1005,0
803,0
577,0
376,0
186,0
40,0
22,0
17,0
17,0
17,0
31,0
325,0
0,0
794,0
790,0
719,0
602,0
622,0
666,0
730,0
650,0
719,0
911,0
1116,0
1047,0
784,0
643,0
483,0
313,0
150,0
108,0
30,0
28,0
30,0
120,0
485,0
750,0
944,0
914,0
789,0
707,0
544,0
573,0
638,0
625,0
762,0
957,0
1038,0
996,0
802,0
612,0
412,0
232,0
53,0
39,0
17,0
25,0
38,0
40,0
99,0
240,0
469,0
456,0
399,0
363,0
339,0
295,0
276,0
280,0
462,0
668,0
897,0
802,0
738,0
593,0
354,0
175,0
49,0
47,0
21,0
21,0
20,0
20,0
25,0
133,0
348,0
417,0
460,0
456,0
481,0
366,0
328,0
368,0
568,0
784,0
1070,0
1019,0
689,0
579,0
375,0
207,0
70,0
20,0
0,0
17,0
17,0
52,0
398,0
672,0
810,0
829,0
758,0
604,0
569,0
537,0
596,0
606,0
568,0
809,0
951,0
897,0
689,0
555,0
343,0
285,0
202,0
209,0
186,0
162,0
20,0
59,0
327,0
629,0
732,0
717,0
668,0
531,0
375,0
379,0
491,0
510,0
559,0
674,0
785,0
660,0
645,0
352,0
169,0
134,0
49,0
54,0
34,0
17,0
45,0
129,0
411,0
673,0
740,0
622,0
491,0
373,0
347,0
374,0
506,0
528,0
563,0
882,0
958,0
901,0
696,0
566,0
333,0
113,0
138,0
95,0
92,0
116,0
153,0
159,0
454,0
698,0
817,0
815,0
773,0
708,0
758,0
682,0
675,0
675,0
700,0
929,0
1073,0
978,0
733,0
451,0
253,0
160,0
52,0
21,0
21,0
21,0
21,0
56,0
355,0
617,0
795,0
792,0
735,0
609,0
462,0
475,0
551,0
595,0
675,0
867,0
1022,0
996,0
829,0
639,0
388,0
211,0
181,0
91,0
35,0
66,0
73,0
52,0
335,0
564,0
779,0
837,0
648,0
533,0
504,0
513,0
468,0
470,0
695,0
775,0
911,0
854,0
799,0
660,0
390,0
258,0
82,0
108,0
60,0
53,0
53,0
57,0
65,0
158,0
443,0
542,0
552,0
503,0
449,0
384,0
368,0
384,0
441,0
598,0
873,0
1009,0
785,0
705,0
524,0
365,0
126,0
124,0
124,0
124,0
124,0
159,0
545,0
819,0
1023,0
1036,0
946,0
850,0
855,0
937,0
972,0
1035,0
1153,0
1026,0
1325,0
1393,0
1026,0
896,0
610,0
559,0
165,0
114,0
104,0
102,0
113,0
155,0
522,0
969,0
1183,0
1093,0
960,0
831,0
705,0
710,0
822,0
895,0
896,0
1141,0
1551,0
1417,0
1374,0
1024,0
825,0
626,0
687,0
569,0
533,0
526,0
541,0
666,0
944,0
1268,0
1341,0
1289,0
1281,0
1185,0
1179,0
1187,0
1248,0
1176,0
1188,0
1403,0
1559,0
1527,0
1192,0
964,0
771,0
638,0
640,0
560,0
530,0
514,0
535,0
608,0
815,0
1335,0
1408,0
1378,0
1217,0
1193,0
1293,0
1222,0
1252,0
1179,0
1236,0
1394,0
1481,0
1460,0
1347,0
1130,0
974,0
726,0
637,0
602,0
549,0
529,0
551,0
625,0
801,0
1224,0
1417,0
1406,0
1229,0
1108,0
1050,0
1068,0
1068,0
1186,0
1223,0
1353,0
1581,0
1552,0
1189,0
1056,0
872,0
764,0
738,0
627,0
563,0
550,0
556,0
620,0
722,0
1053,0
1165,0
1217,0
1180,0
1152,0
1104,0
1087,0
1037,0
1021,0
1103,0
1228,0
1281,0
1256,0
1099,0
916,0
639,0
495,0
493,0
383,0
330,0
317,0
328,0
352,0
396,0
484,0
670,0
776,0
808,0
763,0
753,0
687,0
630,0
752,0
803,0
953,0
1102,0
1098,0
1026,0
927,0
760,0
604,0
538,0
493,0
1282,0
414,0
510,0
591,0
929,0
1458,0
1443,0
1394,0
1272,0
1248,0
1180,0
1184,0
1160,0
1094,0
1067,0
1250,0
1285,0
1467,0
1221,0
857,0
692,0
623,0
560,0
437,0
399,0
374,0
387,0
459,0
707,0
1075,0
1260,0
1255,0
1192,0
1152,0
1131,0
1109,0
1119,0
1180,0
1214,0
1360,0
1476,0
1492,0
1368,0
1077,0
811,0
638,0
313,0
264,0
171,0
165,0
206,0
309,0
542,0
1100,0
1230,0
1210,0
1128,0
1100,0
984,0
944,0
934,0
999,0
996,0
1170,0
1429,0
1509,0
1263,0
1069,0
732,0
448,0
305,0
216,0
133,0
129,0
135,0
272,0
629,0
1012,0
1165,0
1135,0
1024,0
918,0
851,0
840,0
858,0
913,0
932,0
1108,0
1386,0
1411,0
1149,0
891,0
656,0
486,0
239,0
116,0
117,0
117,0
128,0
231,0
589,0
909,0
1130,0
1147,0
1060,0
969,0
904,0
954,0
984,0
1046,0
1046,0
1334,0
1488,0
1454,0
992,0
782,0
558,0
424,0
148,0
98,0
41,0
40,0
42,0
114,0
175,0
376,0
822,0
907,0
921,0
911,0
777,0
794,0
758,0
740,0
748,0
950,0
1172,0
1142,0
780,0
537,0
370,0
209,0
242,0
105,0
86,0
92,0
89,0
90,0
98,0
269,0
544,0
532,0
543,0
495,0
443,0
377,0
356,0
558,0
619,0
736,0
1137,0
1173,0
952,0
722,0
472,0
285,0
233,0
163,0
451,0
147,0
125,0
216,0
578,0
839,0
1172,0
1127,0
1064,0
957,0
911,0
904,0
880,0
967,0
975,0
1052,0
1295,0
1312,0
989,0
824,0
609,0
209,0
383,0
181,0
153,0
143,0
162,0
218,0
522,0
821,0
1146,0
1123,0
1099,0
946,0
882,0
894,0
908,0
1022,0
1005,0
1155,0
1393,0
1485,0
966,0
790,0
579,0
351,0
182,0
135,0
96,0
93,0
91,0
168,0
456,0
741,0
958,0
984,0
877,0
747,0
709,0
732,0
716,0
703,0
814,0
911,0
1206,0
1240,0
948,0
759,0
624,0
340,0
203,0
142,0
145,0
120,0
138,0
233,0
575,0
839,0
1041,0
1016,0
895,0
744,0
765,0
683,0
673,0
821,0
925,0
822,0
1138,0
1254,0
898,0
785,0
661,0
536,0
277,0
85,0
51,0
44,0
48,0
139,0
473,0
680,0
963,0
990,0
780,0
707,0
656,0
695,0
713,0
718,0
806,0
868,0
1096,0
1126,0
997,0
693,0
578,0
230,0
113,0
36,0
29,0
29,0
29,0
38,0
165,0
346,0
531,0
530,0
562,0
517,0
502,0
516,0
449,0
396,0
463,0
562,0
867,0
905,0
760,0
554,0
436,0
260,0
346,0
213,0
123,0
110,0
112,0
122,0
176,0
304,0
487,0
626,0
701,0
686,0
581,0
549,0
525,0
529,0
678,0
740,0
922,0
952,0
873,0
610,0
449,0
382,0
392,0
368,0
0,0
185,0
139,0
156,0
383,0
555,0
757,0
792,0
733,0
745,0
773,0
818,0
772,0
748,0
737,0
771,0
917,0
904,0
776,0
636,0
455,0
273,0
224,0
119,0
81,0
65,0
92,0
167,0
270,0
512,0
752,0
797,0
761,0
768,0
718,0
748,0
783,0
817,0
673,0
733,0
941,0
971,0
774,0
727,0
428,0
253,0
161,0
43,0
25,0
10,0
35,0
117,0
324,0
630,0
858,0
906,0
788,0
790,0
761,0
834,0
843,0
839,0
844,0
1017,0
1237,0
1220,0
1060,0
700,0
425,0
184,0
175,0
90,0
54,0
46,0
53,0
91,0
154,0
555,0
773,0
837,0
860,0
806,0
755,0
707,0
689,0
773,0
744,0
897,0
1167,0
1171,0
918,0
735,0
541,0
213,0
116,0
35,0
33,0
33,0
34,0
79,0
301,0
477,0
805,0
858,0
832,0
775,0
729,0
731,0
733,0
736,0
779,0
764,0
1044,0
1041,0
862,0
632,0
395,0
290,0
179,0
23,0
28,0
21,0
18,0
19,0
53,0
271,0
630,0
631,0
624,0
582,0
466,0
435,0
378,0
489,0
462,0
597,0
1041,0
1075,0
889,0
653,0
521,0
74,0
53,0
0,0
19,0
19,0
19,0
19,0
32,0
49,0
260,0
376,0
431,0
372,0
280,0
251,0
269,0
285,0
383,0
536,0
714,0
923,0
711,0
617,0
353,0
229,0
48,0
33,0
100,0
32,0
31,0
40,0
267,0
430,0
623,0
687,0
664,0
594,0
557,0
539,0
583,0
581,0
593,0
688,0
712,0
971,0
890,0
536,0
363,0
213,0
111,0
19,0
18,0
18,0
18,0
46,0
254,0
509,0
655,0
691,0
688,0
670,0
633,0
601,0
733,0
799,0
738,0
895,0
1037,0
1244,0
1210,0
842,0
745,0
553,0
150,0
75,0
73,0
71,0
71,0
82,0
193,0
541,0
665,0
516,0
507,0
492,0
500,0
496,0
540,0
521,0
554,0
514,0
560,0
935,0
1038,0
741,0
504,0
241,0
76,0
27,0
17,0
43,0
32,0
87,0
360,0
577,0
692,0
589,0
548,0
556,0
485,0
337,0
358,0
361,0
343,0
599,0
658,0
936,0
994,0
697,0
578,0
307,0
32,0
13,0
12,0
12,0
14,0
24,0
305,0
558,0
766,0
817,0
766,0
650,0
581,0
536,0
549,0
495,0
460,0
617,0
665,0
970,0
991,0
654,0
474,0
153,0
39,0
27,0
22,0
21,0
21,0
21,0
77,0
183,0
283,0
357,0
336,0
317,0
284,0
185,0
182,0
173,0
178,0
283,0
529,0
777,0
834,0
642,0
358,0
53,0
50,0
23,0
18,0
18,0
18,0
18,0
19,0
66,0
156,0
223,0
244,0
188,0
124,0
113,0
102,0
94,0
95,0
119,0
312,0
689,0
727,0
526,0
206,0
95,0
22,0
16,0
49,0
16,0
16,0
30,0
112,0
482,0
572,0
558,0
443,0
372,0
295,0
209,0
169,0
171,0
256,0
343,0
622,0
1076,0
1158,0
719,0
404,0
120,0
61,0
23,0
22,0
22,0
22,0
35,0
255,0
595,0
809,0
783,0
710,0
502,0
306,0
268,0
255,0
240,0
236,0
418,0
632,0
1063,0
1133,0
812,0
511,0
304,0
99,0
21,0
19,0
19,0
19,0
41,0
193,0
573,0
624,0
557,0
481,0
303,0
161,0
176,0
170,0
157,0
153,0
420,0
559,0
1046,0
1152,0
786,0
503,0
256,0
37,0
26,0
29,0
29,0
29,0
38,0
240,0
533,0
593,0
455,0
241,0
200,0
142,0
156,0
163,0
164,0
214,0
372,0
621,0
1050,0
1135,0
736,0
460,0
178,0
25,0
18,0
18,0
18,0
18,0
18,0
56,0
370,0
441,0
410,0
247,0
204,0
173,0
150,0
163,0
158,0
140,0
325,0
533,0
904,0
970,0
664,0
460,0
137,0
135,0
44,0
21,0
21,0
21,0
30,0
125,0
241,0
405,0
439,0
337,0
312,0
288,0
253,0
254,0
203,0
223,0
241,0
399,0
668,0
911,0
617,0
386,0
185,0
78,0
22,0
22,0
22,0
22,0
22,0
24,0
28,0
250,0
324,0
210,0
183,0
123,0
64,0
44,0
46,0
129,0
160,0
281,0
578,0
721,0
548,0
298,0
108,0
35,0
30,0
30,0
0,0
22,0
22,0
30,0
229,0
422,0
471,0
333,0
377,0
318,0
216,0
236,0
215,0
213,0
220,0
373,0
621,0
775,0
465,0
196,0
96,0
17,0
13,0
15,0
88,0
278,0
274,0
217,0
520,0
651,0
701,0
671,0
567,0
454,0
438,0
421,0
416,0
408,0
467,0
569,0
1068,0
1120,0
84,0
84,0
84,0
84,0
43,0
42,0
42,0
42,0
64,0
94,0
370,0
445,0
483,0
461,0
463,0
421,0
414,0
409,0
358,0
387,0
444,0
442,0
787,0
799,0
368,0
167,0
95,0
70,0
39,0
21,0
21,0
21,0
39,0
134,0
478,0
600,0
507,0
460,0
279,0
104,0
100,0
111,0
97,0
78,0
185,0
385,0
881,0
1087,0
608,0
357,0
115,0
53,0
22,0
22,0
22,0
39,0
54,0
88,0
277,0
370,0
296,0
204,0
215,0
83,0
82,0
87,0
78,0
64,0
98,0
215,0
795,0
901,0
453,0
177,0
92,0
188,0
30,0
21,0
21,0
22,0
22,0
80,0
202,0
335,0
419,0
361,0
306,0
242,0
220,0
223,0
323,0
293,0
360,0
440,0
613,0
879,0
748,0
433,0
267,0
59,0
22,0
22,0
22,0
22,0
22,0
22,0
86,0
239,0
302,0
292,0
229,0
132,0
106,0
116,0
104,0
96,0
194,0
306,0
501,0
653,0
440,0
218,0
130,0
70,0
22,0
22,0
22,0
22,0
17,0
83,0
181,0
293,0
348,0
350,0
309,0
222,0
163,0
160,0
160,0
182,0
217,0
270,0
557,0
615,0
417,0
220,0
143,0
112,0
19,0
19,0
18,0
35,0
117,0
147,0
194,0
307,0
365,0
313,0
347,0
278,0
272,0
289,0
229,0
199,0
234,0
344,0
559,0
699,0
448,0
227,0
74,0
92,0
40,0
17,0
17,0
17,0
30,0
138,0
413,0
485,0
554,0
454,0
340,0
241,0
180,0
216,0
214,0
217,0
323,0
485,0
715,0
884,0
713,0
446,0
151,0
70,0
22,0
21,0
19,0
19,0
23,0
128,0
510,0
723,0
539,0
443,0
402,0
343,0
356,0
381,0
411,0
407,0
391,0
490,0
948,0
1147,0
817,0
545,0
375,0
159,0
112,0
83,0
116,0
93,0
89,0
193,0
340,0
508,0
434,0
403,0
360,0
310,0
335,0
329,0
308,0
289,0
281,0
395,0
719,0
815,0
556,0
278,0
166,0
62,0
19,0
21,0
69,0
38,0
18,0
25,0
116,0
228,0
221,0
219,0
232,0
187,0
153,0
137,0
139,0
219,0
205,0
407,0
513,0
551,0
494,0
327,0
156,0
30,0
21,0
24,0
46,0
21,0
21,0
21,0
55,0
202,0
235,0
228,0
195,0
140,0
60,0
35,0
18,0
34,0
139,0
407,0
653,0
751,0
552,0
341,0
153,0
85,0
47,0
0,0
75,0
41,0
21,0
30,0
278,0
359,0
365,0
186,0
190,0
175,0
184,0
192,0
152,0
134,0
175,0
534,0
954,0
916,0
628,0
374,0
141,0
55,0
21,0
31,0
44,0
21,0
21,0
33,0
279,0
317,0
304,0
158,0
162,0
163,0
113,0
148,0
133,0
120,0
200,0
416,0
573,0
572,0
497,0
262,0
102,0
25,0
25,0
27,0
47,0
25,0
45,0
126,0
328,0
451,0
460,0
339,0
303,0
294,0
296,0
294,0
211,0
201,0
203,0
405,0
564,0
888,0
486,0
301,0
65,0
25,0
24,0
21,0
21,0
21,0
27,0
215,0
434,0
467,0
381,0
288,0
512,0
438,0
423,0
422,0
387,0
386,0
418,0
563,0
698,0
816,0
662,0
412,0
66,0
43,0
21,0
22,0
21,0
21,0
21,0
18,0
20,0
123,0
189,0
216,0
179,0
161,0
105,0
148,0
117,0
108,0
99,0
203,0
395,0
432,0
457,0
218,0
102,0
90,0
19,0
17,0
16,0
17,0
21,0
56,0
290,0
505,0
580,0
567,0
418,0
200,0
98,0
89,0
144,0
118,0
128,0
288,0
507,0
574,0
399,0
167,0
69,0
22,0
22,0
22,0
22,0
22,0
22,0
24,0
65,0
125,0
245,0
309,0
322,0
175,0
156,0
125,0
123,0
109,0
129,0
259,0
491,0
642,0
450,0
237,0
125,0
112,0
42,0
21,0
21,0
18,0
18,0
71,0
319,0
451,0
320,0
330,0
378,0
300,0
263,0
226,0
107,0
93,0
128,0
331,0
564,0
777,0
575,0
340,0
117,0
156,0
33,0
21,0
21,0
21,0
21,0
100,0
239,0
313,0
270,0
241,0
277,0
267,0
230,0
215,0
178,0
255,0
289,0
365,0
495,0
674,0
441,0
199,0
119,0
57,0
22,0
22,0
22,0
22,0
21,0
116,0
215,0
333,0
314,0
294,0
229,0
170,0
180,0
170,0
177,0
207,0
195,0
240,0
478,0
591,0
498,0
216,0
156,0
64,0
42,0
22,0
22,0
21,0
22,0
56,0
227,0
338,0
303,0
276,0
285,0
162,0
133,0
185,0
189,0
156,0
144,0
254,0
589,0
689,0
573,0
280,0
113,0
62,0
64,0
61,0
36,0
21,0
25,0
114,0
308,0
280,0
287,0
263,0
227,0
177,0
179,0
195,0
206,0
185,0
170,0
244,0
553,0
602,0
499,0
298,0
214,0
69,0
51,0
21,0
21,0
21,0
21,0
77,0
198,0
243,0
296,0
282,0
219,0
161,0
160,0
191,0
174,0
144,0
153,0
305,0
489,0
536,0
516,0
223,0
132,0
86,0
46,0
21,0
21,0
21,0
21,0
21,0
51,0
156,0
198,0
182,0
155,0
94,0
65,0
58,0
64,0
66,0
150,0
319,0
434,0
395,0
378,0
209,0
66,0
28,0
21,0
21,0
21,0
21,0
21,0
29,0
243,0
275,0
336,0
234,0
198,0
206,0
155,0
166,0
185,0
200,0
305,0
483,0
640,0
623,0
525,0
285,0
128,0
33,0
22,0
22,0
22,0
22,0
35,0
125,0
427,0
417,0
450,0
385,0
231,0
194,0
209,0
185,0
172,0
182,0
230,0
554,0
872,0
977,0
694,0
352,0
153,0
124,0
21,0
19,0
19,0
19,0
22,0
129,0
312,0
0,0
328,0
0,0
0,0
0,0
0,0
0,0
0,0
0,0
0,0
170,0
418,0
644,0
579,0
258,0
111,0
21,0
18,0
17,0
16,0
16,0
17,0
25,0
180,0
247,0
216,0
157,0
126,0
104,0
108,0
131,0
125,0
140,0
185,0
437,0
620,0
813,0
604,0
162,0
64,0
19,0
19,0
19,0
19,0
19,0
19,0
36,0
250,0
239,0
233,0
174,0
107,0
126,0
85,0
84,0
75,0
93,0
94,0
250,0
483,0
575,0
481,0
217,0
83,0
20,0
18,0
18,0
18,0
18,0
18,0
21,0
165,0
208,0
220,0
182,0
110,0
128,0
176,0
120,0
83,0
93,0
125,0
269,0
447,0
467,0
380,0
244,0
22,0
20,0
18,0
18,0
18,0
18,0
18,0
36,0
45,0
93,0
137,0
123,0
167,0
148,0
72,0
23,0
54,0
64,0
188,0
502,0
628,0
593,0
584,0
347,0
69,0
17,0
16,0
0,0
16,0
16,0
17,0
64,0
308,0
378,0
325,0
326,0
348,0
292,0
292,0
282,0
314,0
306,0
288,0
388,0
680,0
730,0
521,0
224,0
87,0
18,0
18,0
18,0
18,0
18,0
19,0
84,0
245,0
349,0
358,0
302,0
263,0
227,0
251,0
240,0
235,0
211,0
257,0
349,0
634,0
621,0
423,0
227,0
113,0
20,0
16,0
16,0
19,0
27,0
28,0
74,0
321,0
534,0
353,0
365,0
351,0
344,0
318,0
292,0
282,0
271,0
274,0
409,0
701,0
722,0
448,0
173,0
25,0
24,0
24,0
24,0
24,0
24,0
24,0
23,0
302,0
418,0
279,0
121,0
203,0
251,0
194,0
134,0
85,0
175,0
250,0
468,0
856,0
904,0
738,0
362,0
102,0
50,0
25,0
24,0
25,0
136,0
182,0
195,0
404,0
456,0
339,0
309,0
289,0
296,0
261,0
313,0
317,0
332,0
424,0
493,0
620,0
749,0
641,0
485,0
136,0
82,0
73,0
37,0
24,0
24,0
24,0
24,0
145,0
187,0
172,0
273,0
229,0
233,0
215,0
166,0
142,0
151,0
233,0
380,0
581,0
773,0
625,0
398,0
242,0
173,0
41,0
21,0
21,0
34,0
61,0
116,0
89,0
122,0
100,0
135,0
133,0
121,0
19,0
19,0
19,0
20,0
198,0
267,0
373,0
430,0
483,0
311,0
143,0
33,0
21,0
19,0
18,0
18,0
19,0
54,0
157,0
216,0
235,0
231,0
218,0
250,0
229,0
123,0
103,0
93,0
113,0
312,0
506,0
552,0
547,0
229,0
89,0
21,0
21,0
21,0
21,0
21,0
22,0
60,0
330,0
495,0
314,0
397,0
335,0
0,0
0,0
0,0
0,0
0,0
0,0
0,0
0,0
0,0
0,0
0,0
0,0
0,0
0,0
0,0
0,0
0,0
0,0
0,0
0,0
0,0
0,0
0,0
360,0
207,0
200,0
177,0
172,0
175,0
197,0
404,0
507,0
583,0
542,0
332,0
130,0
40,0
37,0
19,0
21,0
21,0
22,0
115,0
273,0
313,0
270,0
232,0
166,0
148,0
122,0
146,0
138,0
139,0
129,0
227,0
397,0
660,0
577,0
305,0
28,0
20,0
20,0
20,0
20,0
20,0
47,0
46,0
218,0
334,0
256,0
223,0
213,0
159,0
97,0
90,0
62,0
69,0
159,0
280,0
356,0
505,0
355,0
150,0
23,0
21,0
21,0
21,0
22,0
22,0
22,0
51,0
179,0
217,0
296,0
228,0
210,0
161,0
65,0
104,0
95,0
97,0
239,0
292,0
574,0
607,0
474,0
244,0
210,0
0,0
0,0
0,0
0,0
0,0
0,0
0,0
0,0
0,0
0,0
0,0
0,0
0,0
0,0
0,0
0,0
0,0
0,0
0,0
0,0
0,0
0,0
0,0
0,0
50,0
24,0
24,0
24,0
41,0
45,0
92,0
195,0
284,0
375,0
358,0
303,0
325,0
260,0
260,0
232,0
427,0
444,0
471,0
613,0
771,0
753,0
589,0
368,0
84,0
21,0
21,0
19,0
18,0
38,0
208,0
658,0
716,0
572,0
458,0
464,0
522,0
555,0
478,0
428,0
434,0
455,0
709,0
997,0
1056,0
913,0
646,0
328,0
158,0
37,0
25,0
26,0
26,0
23,0
246,0
550,0
777,0
815,0
532,0
501,0
520,0
546,0
557,0
570,0
515,0
454,0
611,0
787,0
898,0
893,0
409,0
243,0
110,0
25,0
24,0
24,0
40,0
44,0
205,0
530,0
640,0
628,0
441,0
461,0
521,0
443,0
444,0
457,0
425,0
375,0
494,0
666,0
726,0
564,0
388,0
252,0
245,0
232,0
253,0
238,0
238,0
241,0
350,0
720,0
932,0
667,0
439,0
343,0
303,0
366,0
201,0
196,0
107,0
381,0
432,0
596,0
661,0
525,0
263,0
131,0
88,0
75,0
74,0
74,0
74,0
75,0
151,0
370,0
414,0
388,0
305,0
206,0
192,0
197,0
161,0
158,0
181,0
225,0
324,0
523,0
595,0
648,0
383,0
238,0
38,0
24,0
21,0
21,0
21,0
21,0
21,0
55,0
129,0
212,0
186,0
175,0
123,0
106,0
73,0
68,0
46,0
83,0
216,0
243,0
416,0
468,0
322,0
135,0
184,0
141,0
0,0
22,0
24,0
37,0
93,0
549,0
650,0
455,0
423,0
381,0
265,0
184,0
176,0
127,0
126,0
125,0
353,0
745,0
798,0
790,0
366,0
122,0
102,0
18,0
18,0
18,0
18,0
17,0
87,0
559,0
656,0
521,0
557,0
582,0
474,0
408,0
399,0
543,0
507,0
557,0
684,0
961,0
913,0
834,0
501,0
340,0
321,0
248,0
257,0
249,0
255,0
246,0
363,0
730,0
894,0
907,0
806,0
732,0
739,0
737,0
694,0
619,0
583,0
561,0
703,0
832,0
880,0
730,0
555,0
424,0
226,0
173,0
61,0
21,0
21,0
21,0
185,0
408,0
610,0
515,0
504,0
382,0
382,0
325,0
329,0
293,0
274,0
338,0
318,0
467,0
538,0
487,0
264,0
203,0
55,0
22,0
24,0
24,0
24,0
26,0
156,0
364,0
468,0
495,0
442,0
354,0
318,0
195,0
202,0
179,0
156,0
182,0
312,0
620,0
638,0
757,0
503,0
211,0
19,0
21,0
21,0
21,0
21,0
16,0
35,0
174,0
354,0
377,0
281,0
156,0
160,0
102,0
73,0
91,0
99,0
161,0
192,0
368,0
454,0
450,0
212,0
22,0
42,0
21,0
21,0
21,0
21,0
21,0
21,0
54,0
93,0
119,0
140,0
116,0
45,0
50,0
36,0
25,0
16,0
33,0
214,0
248,0
302,0
420,0
269,0
129,0
55,0
24,0
0,0
24,0
23,0
23,0
46,0
385,0
513,0
490,0
478,0
403,0
431,0
407,0
405,0
408,0
394,0
505,0
523,0
518,0
556,0
562,0
324,0
106,0
71,0
33,0
18,0
18,0
18,0
24,0
104,0
476,0
773,0
678,0
683,0
511,0
475,0
292,0
267,0
258,0
252,0
317,0
338,0
700,0
571,0
610,0
250,0
107,0
58,0
38,0
21,0
21,0
21,0
35,0
171,0
673,0
830,0
599,0
575,0
441,0
405,0
374,0
367,0
353,0
250,0
321,0
407,0
640,0
680,0
576,0
332,0
132,0
72,0
75,0
60,0
60,0
58,0
61,0
173,0
433,0
587,0
554,0
499,0
512,0
405,0
352,0
370,0
355,0
371,0
289,0
385,0
490,0
568,0
547,0
319,0
127,0
76,0
39,0
38,0
37,0
38,0
43,0
198,0
459,0
638,0
584,0
569,0
493,0
412,0
397,0
421,0
452,0
416,0
370,0
503,0
653,0
683,0
678,0
343,0
239,0
56,0
25,0
21,0
21,0
21,0
21,0
45,0
164,0
214,0
299,0
338,0
280,0
263,0
239,0
138,0
126,0
172,0
191,0
365,0
460,0
502,0
502,0
368,0
277,0
66,0
45,0
19,0
18,0
21,0
16,0
16,0
41,0
149,0
223,0
212,0
133,0
100,0
61,0
56,0
57,0
87,0
143,0
184,0
342,0
456,0
410,0
221,0
100,0
91,0
66,0
0,0
37,0
34,0
55,0
77,0
356,0
458,0
448,0
650,0
588,0
543,0
486,0
389,0
362,0
327,0
508,0
680,0
763,0
820,0
769,0
590,0
331,0
159,0
118,0
112,0
113,0
117,0
122,0
188,0
538,0
571,0
459,0
413,0
298,0
397,0
392,0
386,0
360,0
369,0
629,0
751,0
853,0
964,0
846,0
651,0
475,0
218,0
181,0
176,0
166,0
168,0
172,0
374,0
589,0
669,0
660,0
608,0
578,0
532,0
538,0
525,0
526,0
554,0
658,0
689,0
848,0
873,0
704,0
483,0
511,0
176,0
133,0
104,0
110,0
116,0
137,0
282,0
603,0
762,0
760,0
700,0
603,0
486,0
550,0
547,0
506,0
516,0
586,0
718,0
811,0
792,0
769,0
681,0
535,0
130,0
28,0
24,0
24,0
24,0
95,0
278,0
627,0
723,0
658,0
620,0
540,0
514,0
472,0
483,0
466,0
423,0
220,0
286,0
343,0
259,0
373,0
225,0
40,0
137,0
75,0
22,0
22,0
22,0
22,0
107,0
298,0
406,0
441,0
471,0
380,0
364,0
350,0
330,0
312,0
293,0
370,0
640,0
792,0
783,0
781,0
551,0
336,0
65,0
21,0
21,0
21,0
21,0
22,0
75,0
150,0
349,0
556,0
566,0
504,0
422,0
366,0
339,0
335,0
324,0
374,0
481,0
499,0
568,0
831,0
671,0
410,0
258,0
138,0
125,0
126,0
126,0
135,0
348,0
752,0
840,0
745,0
562,0
569,0
522,0
469,0
498,0
376,0
379,0
433,0
515,0
536,0
538,0
579,0
429,0
239,0
64,0
22,0
21,0
23,0
21,0
24,0
135,0
363,0
527,0
581,0
0,0
481,0
455,0
442,0
459,0
429,0
326,0
483,0
696,0
741,0
834,0
817,0
526,0
312,0
127,0
113,0
87,0
74,0
78,0
93,0
224,0
405,0
567,0
633,0
604,0
656,0
630,0
608,0
640,0
577,0
656,0
600,0
520,0
579,0
763,0
847,0
513,0
353,0
165,0
74,0
23,0
21,0
21,0
21,0
175,0
452,0
816,0
946,0
889,0
824,0
657,0
748,0
693,0
663,0
689,0
640,0
669,0
790,0
904,0
831,0
636,0
355,0
207,0
21,0
21,0
21,0
19,0
19,0
233,0
432,0
579,0
643,0
648,0
729,0
715,0
645,0
601,0
564,0
611,0
568,0
576,0
605,0
669,0
658,0
504,0
242,0
139,0
38,0
18,0
16,0
16,0
16,0
34,0
186,0
277,0
380,0
391,0
363,0
357,0
297,0
207,0
230,0
164,0
31,0
207,0
301,0
538,0
596,0
469,0
193,0
49,0
20,0
33,0
33,0
27,0
27,0
24,0
50,0
132,0
212,0
240,0
223,0
169,0
117,0
109,0
123,0
144,0
181,0
329,0
368,0
408,0
513,0
410,0
131,0
18,0
18,0
0,0
18,0
18,0
21,0
144,0
342,0
515,0
553,0
573,0
565,0
508,0
511,0
540,0
536,0
547,0
567,0
574,0
593,0
636,0
702,0
569,0
343,0
155,0
131,0
26,0
18,0
18,0
24,0
161,0
350,0
502,0
539,0
520,0
509,0
433,0
431,0
450,0
453,0
436,0
373,0
476,0
649,0
673,0
694,0
478,0
267,0
73,0
43,0
35,0
30,0
41,0
43,0
152,0
467,0
588,0
605,0
542,0
570,0
582,0
500,0
497,0
486,0
495,0
556,0
872,0
968,0
927,0
818,0
637,0
322,0
150,0
23,0
21,0
21,0
21,0
23,0
233,0
662,0
720,0
612,0
604,0
604,0
523,0
557,0
571,0
509,0
491,0
473,0
685,0
959,0
856,0
647,0
476,0
400,0
151,0
19,0
18,0
18,0
18,0
43,0
203,0
458,0
655,0
629,0
502,0
644,0
679,0
554,0
547,0
513,0
506,0
510,0
607,0
807,0
827,0
626,0
543,0
190,0
186,0
133,0
20,0
18,0
18,0
29,0
126,0
266,0
381,0
452,0
416,0
409,0
481,0
633,0
485,0
450,0
455,0
408,0
398,0
480,0
562,0
585,0
388,0
207,0
152,0
104,0
20,0
18,0
19,0
21,0
18,0
18,0
119,0
212,0
235,0
232,0
184,0
143,0
120,0
118,0
124,0
123,0
251,0
317,0
405,0
456,0
350,0
113,0
106,0
19,0
0,0
18,0
18,0
75,0
141,0
332,0
460,0
482,0
459,0
455,0
402,0
393,0
389,0
376,0
370,0
352,0
506,0
615,0
681,0
682,0
408,0
196,0
19,0
18,0
18,0
18,0
18,0
19,0
178,0
439,0
540,0
552,0
551,0
481,0
443,0
433,0
415,0
393,0
397,0
413,0
563,0
595,0
668,0
661,0
512,0
325,0
26,0
21,0
18,0
18,0
18,0
22,0
249,0
542,0
692,0
683,0
663,0
675,0
629,0
661,0
612,0
583,0
465,0
582,0
597,0
568,0
660,0
745,0
561,0
273,0
163,0
31,0
18,0
18,0
19,0
71,0
230,0
455,0
706,0
612,0
734,0
754,0
777,0
798,0
555,0
549,0
529,0
727,0
915,0
989,0
985,0
763,0
612,0
344,0
176,0
122,0
35,0
18,0
18,0
99,0
234,0
567,0
688,0
728,0
606,0
644,0
778,0
762,0
486,0
465,0
404,0
450,0
556,0
643,0
728,0
615,0
361,0
222,0
119,0
110,0
86,0
18,0
18,0
19,0
137,0
237,0
338,0
411,0
377,0
373,0
356,0
340,0
316,0
311,0
332,0
327,0
385,0
386,0
423,0
410,0
271,0
183,0
142,0
44,0
34,0
21,0
21,0
22,0
98,0
127,0
215,0
282,0
296,0
306,0
245,0
192,0
193,0
137,0
134,0
140,0
242,0
351,0
428,0
564,0
365,0
225,0
245,0
221,0
0,0
36,0
21,0
39,0
106,0
341,0
443,0
467,0
419,0
436,0
405,0
398,0
409,0
389,0
373,0
405,0
428,0
475,0
511,0
556,0
366,0
209,0
142,0
32,0
21,0
21,0
21,0
29,0
183,0
394,0
496,0
578,0
522,0
534,0
512,0
539,0
598,0
509,0
432,0
515,0
535,0
651,0
620,0
682,0
537,0
271,0
149,0
121,0
106,0
106,0
110,0
107,0
235,0
495,0
602,0
674,0
802,0
784,0
902,0
868,0
845,0
762,0
840,0
731,0
605,0
681,0
746,0
590,0
510,0
397,0
255,0
123,0
120,0
110,0
112,0
122,0
276,0
583,0
660,0
727,0
661,0
658,0
694,0
698,0
703,0
632,0
528,0
449,0
424,0
359,0
449,0
400,0
338,0
237,0
39,0
18,0
18,0
18,0
19,0
21,0
39,0
355,0
526,0
588,0
0,0
0,0
330,0
264,0
443,0
316,0
263,0
224,0
333,0
437,0
438,0
432,0
325,0
86,0
90,0
59,0
18,0
18,0
18,0
19,0
39,0
181,0
242,0
330,0
289,0
270,0
230,0
158,0
197,0
186,0
184,0
169,0
211,0
289,0
583,0
588,0
240,0
89,0
63,0
40,0
18,0
18,0
22,0
21,0
23,0
43,0
101,0
205,0
203,0
138,0
165,0
113,0
56,0
65,0
94,0
103,0
286,0
296,0
364,0
408,0
281,0
72,0
22,0
21,0
0,0
22,0
21,0
17,0
38,0
305,0
378,0
461,0
423,0
495,0
469,0
493,0
537,0
511,0
508,0
534,0
490,0
464,0
673,0
744,0
335,0
158,0
50,0
21,0
21,0
21,0
21,0
20,0
36,0
262,0
452,0
460,0
449,0
481,0
485,0
616,0
664,0
588,0
624,0
526,0
712,0
639,0
638,0
703,0
450,0
285,0
121,0
28,0
20,0
18,0
18,0
31,0
151,0
341,0
528,0
539,0
511,0
547,0
600,0
622,0
662,0
650,0
811,0
596,0
659,0
646,0
919,0
859,0
542,0
354,0
113,0
39,0
18,0
18,0
18,0
19,0
183,0
292,0
429,0
533,0
531,0
585,0
629,0
664,0
717,0
669,0
773,0
785,0
858,0
1023,0
1016,0
956,0
622,0
421,0
234,0
47,0
21,0
21,0
21,0
65,0
326,0
477,0
574,0
645,0
626,0
657,0
694,0
643,0
652,0
692,0
651,0
662,0
674,0
684,0
820,0
604,0
396,0
353,0
57,0
18,0
18,0
18,0
18,0
18,0
21,0
109,0
216,0
230,0
239,0
223,0
296,0
272,0
277,0
258,0
326,0
287,0
308,0
429,0
511,0
509,0
166,0
86,0
35,0
17,0
16,0
17,0
17,0
17,0
17,0
17,0
60,0
97,0
109,0
118,0
115,0
95,0
83,0
130,0
142,0
152,0
215,0
350,0
417,0
377,0
216,0
27,0
18,0
18,0
18,0
0,0
18,0
18,0
21,0
298,0
460,0
506,0
469,0
475,0
515,0
525,0
606,0
589,0
558,0
487,0
466,0
458,0
540,0
484,0
263,0
85,0
31,0
39,0
42,0
43,0
41,0
44,0
79,0
268,0
440,0
454,0
505,0
510,0
458,0
431,0
468,0
484,0
477,0
501,0
461,0
471,0
524,0
188,0
81,0
0,0
39,0
22,0
21,0
20,0
20,0
19,0
104,0
305,0
660,0
765,0
665,0
567,0
577,0
579,0
529,0
525,0
465,0
471,0
496,0
506,0
560,0
492,0
316,0
130,0
66,0
17,0
17,0
17,0
17,0
17,0
106,0
368,0
582,0
645,0
548,0
589,0
456,0
452,0
460,0
401,0
384,0
490,0
492,0
517,0
550,0
501,0
432,0
153,0
99,0
19,0
18,0
18,0
18,0
19,0
229,0
270,0
503,0
520,0
498,0
412,0
422,0
798,0
431,0
386,0
425,0
408,0
623,0
729,0
706,0
626,0
316,0
173,0
301,0
229,0
220,0
229,0
229,0
219,0
168,0
244,0
320,0
460,0
289,0
181,0
168,0
179,0
166,0
152,0
185,0
196,0
416,0
574,0
654,0
544,0
368,0
124,0
24,0
18,0
19,0
21,0
21,0
41,0
26,0
20,0
105,0
109,0
108,0
116,0
226,0
138,0
89,0
95,0
130,0
158,0
317,0
369,0
501,0
429,0
195,0
19,0
114,0
29,0
63,0
21,0
21,0
21,0
221,0
478,0
566,0
705,0
665,0
677,0
727,0
720,0
737,0
718,0
705,0
629,0
616,0
791,0
894,0
710,0
514,0
354,0
220,0
88,0
29,0
18,0
18,0
29,0
254,0
0,0
660,0
645,0
580,0
590,0
716,0
677,0
629,0
570,0
584,0
635,0
770,0
789,0
891,0
810,0
540,0
216,0
94,0
17,0
17,0
17,0
17,0
20,0
147,0
468,0
580,0
548,0
525,0
578,0
580,0
556,0
550,0
538,0
617,0
652,0
613,0
692,0
693,0
627,0
361,0
161,0
71,0
17,0
17,0
17,0
17,0
19,0
130,0
322,0
445,0
449,0
446,0
459,0
460,0
510,0
555,0
546,0
533,0
500,0
623,0
666,0
698,0
644,0
421,0
221,0
114,0
18,0
17,0
17,0
17,0
17,0
135,0
411,0
507,0
628,0
630,0
640,0
650,0
645,0
624,0
592,0
589,0
538,0
718,0
720,0
624,0
642,0
479,0
212,0
19,0
17,0
18,0
21,0
21,0
31,0
42,0
125,0
238,0
269,0
250,0
236,0
293,0
279,0
270,0
240,0
233,0
232,0
405,0
420,0
531,0
440,0
285,0
78,0
18,0
17,0
17,0
17,0
17,0
17,0
20,0
19,0
105,0
171,0
188,0
144,0
120,0
109,0
109,0
134,0
147,0
194,0
316,0
435,0
541,0
475,0
260,0
60,0
106,0
22,0
21,0
21,0
21,0
44,0
144,0
375,0
518,0
563,0
514,0
562,0
583,0
556,0
624,0
607,0
563,0
691,0
764,0
839,0
938,0
778,0
472,0
247,0
105,0
21,0
21,0
21,0
21,0
37,0
212,0
499,0
577,0
606,0
587,0
593,0
631,0
656,0
612,0
324,0
112,0
184,0
390,0
771,0
930,0
722,0
437,0
195,0
89,0
20,0
18,0
18,0
21,0
26,0
194,0
505,0
641,0
562,0
552,0
576,0
550,0
488,0
551,0
511,0
495,0
447,0
725,0
893,0
821,0
689,0
405,0
269,0
22,0
19,0
17,0
17,0
17,0
33,0
141,0
385,0
519,0
529,0
536,0
478,0
459,0
450,0
440,0
462,0
493,0
486,0
601,0
916,0
770,0
892,0
458,0
338,0
227,0
124,0
115,0
112,0
109,0
109,0
180,0
466,0
542,0
601,0
598,0
487,0
382,0
417,0
367,0
503,0
500,0
576,0
713,0
753,0
683,0
501,0
247,0
24,0
17,0
17,0
17,0
17,0
17,0
17,0
30,0
96,0
186,0
220,0
202,0
189,0
245,0
229,0
176,0
180,0
203,0
291,0
355,0
478,0
615,0
472,0
164,0
40,0
20,0
18,0
17,0
21,0
21,0
20,0
18,0
42,0
135,0
167,0
157,0
130,0
183,0
172,0
93,0
136,0
174,0
214,0
338,0
529,0
634,0
510,0
300,0
108,0
18,0
18,0
18,0
18,0
18,0
25,0
121,0
416,0
593,0
555,0
498,0
552,0
562,0
598,0
565,0
537,0
451,0
497,0
812,0
927,0
707,0
602,0
376,0
206,0
30,0
18,0
0,0
18,0
20,0
18,0
71,0
267,0
408,0
468,0
396,0
361,0
393,0
422,0
447,0
453,0
443,0
436,0
448,0
653,0
754,0
459,0
265,0
83,0
42,0
36,0
0,0
21,0
21,0
21,0
24,0
338,0
447,0
504,0
457,0
483,0
554,0
488,0
474,0
451,0
543,0
441,0
546,0
525,0
701,0
550,0
266,0
168,0
17,0
17,0
18,0
18,0
18,0
19,0
92,0
323,0
457,0
509,0
472,0
483,0
471,0
488,0
525,0
469,0
494,0
516,0
700,0
876,0
993,0
776,0
315,0
164,0
19,0
17,0
17,0
17,0
17,0
17,0
107,0
424,0
642,0
698,0
524,0
534,0
515,0
500,0
462,0
532,0
468,0
674,0
770,0
878,0
910,0
802,0
308,0
141,0
18,0
17,0
20,0
21,0
21,0
30,0
43,0
178,0
280,0
300,0
233,0
269,0
295,0
281,0
290,0
241,0
280,0
381,0
482,0
700,0
766,0
699,0
235,0
76,0
17,0
18,0
17,0
17,0
17,0
17,0
17,0
56,0
135,0
176,0
131,0
145,0
195,0
173,0
112,0
96,0
96,0
227,0
403,0
510,0
701,0
591,0
279,0
159,0
127,0
63,0
18,0
18,0
18,0
18,0
70,0
329,0
658,0
727,0
629,0
538,0
532,0
514,0
525,0
512,0
438,0
405,0
625,0
771,0
814,0
533,0
275,0
119,0
49,0
18,0
18,0
18,0
18,0
23,0
260,0
494,0
666,0
598,0
471,0
382,0
378,0
457,0
557,0
439,0
457,0
608,0
853,0
1090,0
979,0
775,0
377,0
309,0
114,0
39,0
39,0
56,0
56,0
62,0
247,0
540,0
647,0
676,0
661,0
623,0
557,0
530,0
541,0
542,0
472,0
575,0
729,0
974,0
948,0
781,0
472,0
369,0
80,0
21,0
21,0
21,0
21,0
26,0
191,0
477,0
701,0
703,0
575,0
539,0
538,0
521,0
557,0
537,0
507,0
530,0
633,0
768,0
752,0
510,0
220,0
95,0
63,0
48,0
20,0
41,0
46,0
64,0
132,0
526,0
660,0
620,0
516,0
283,0
219,0
217,0
192,0
170,0
174,0
348,0
391,0
519,0
532,0
369,0
114,0
19,0
121,0
98,0
84,0
71,0
80,0
90,0
120,0
195,0
450,0
501,0
441,0
413,0
318,0
310,0
309,0
284,0
315,0
430,0
443,0
628,0
721,0
559,0
250,0
151,0
100,0
84,0
72,0
72,0
72,0
72,0
72,0
128,0
278,0
314,0
308,0
252,0
244,0
230,0
219,0
212,0
202,0
278,0
358,0
521,0
606,0
525,0
242,0
142,0
107,0
81,0
72,0
72,0
72,0
96,0
232,0
514,0
668,0
671,0
650,0
612,0
581,0
528,0
554,0
543,0
508,0
567,0
608,0
947,0
979,0
689,0
311,0
187,0
123,0
124,0
109,0
86,0
81,0
84,0
164,0
463,0
728,0
787,0
610,0
571,0
576,0
568,0
547,0
547,0
525,0
565,0
634,0
838,0
869,0
617,0
259,0
192,0
142,0
107,0
105,0
117,0
107,0
116,0
214,0
362,0
474,0
483,0
410,0
413,0
430,0
486,0
460,0
477,0
546,0
586,0
622,0
835,0
842,0
613,0
163,0
224,0
117,0
97,0
103,0
115,0
117,0
124,0
239,0
519,0
628,0
652,0
565,0
546,0
577,0
557,0
565,0
596,0
613,0
590,0
732,0
1037,0
958,0
470,0
294,0
179,0
122,0
139,0
139,0
138,0
136,0
128,0
205,0
520,0
611,0
655,0
577,0
570,0
543,0
501,0
526,0
528,0
504,0
553,0
678,0
868,0
817,0
555,0
283,0
116,0
116,0
112,0
117,0
118,0
117,0
117,0
114,0
137,0
235,0
204,0
225,0
262,0
245,0
207,0
224,0
302,0
479,0
435,0
333,0
547,0
493,0
335,0
145,0
106,0
134,0
104,0
94,0
76,0
70,0
91,0
97,0
107,0
107,0
95,0
87,0
136,0
104,0
119,0
180,0
178,0
216,0
300,0
390,0
572,0
615,0
445,0
267,0
138,0
114,0
74,0
74,0
74,0
74,0
101,0
171,0
454,0
626,0
553,0
450,0
487,0
511,0
515,0
513,0
594,0
640,0
652,0
960,0
1217,0
1148,0
570,0
297,0
130,0
174,0
116,0
104,0
100,0
94,0
114,0
270,0
745,0
845,0
867,0
612,0
597,0
637,0
655,0
627,0
604,0
624,0
1153,0
994,0
1081,0
1063,0
1019,0
570,0
294,0
226,0
114,0
115,0
123,0
119,0
133,0
262,0
502,0
648,0
656,0
560,0
564,0
566,0
551,0
590,0
596,0
617,0
476,0
804,0
925,0
847,0
526,0
416,0
160,0
124,0
100,0
99,0
100,0
100,0
135,0
276,0
570,0
864,0
704,0
605,0
547,0
512,0
498,0
576,0
551,0
460,0
470,0
863,0
910,0
835,0
406,0
395,0
271,0
153,0
130,0
123,0
121,0
126,0
137,0
208,0
599,0
872,0
602,0
500,0
483,0
383,0
527,0
360,0
351,0
351,0
476,0
616,0
731,0
638,0
374,0
243,0
199,0
114,0
109,0
113,0
109,0
104,0
110,0
129,0
242,0
357,0
407,0
373,0
380,0
344,0
339,0
288,0
283,0
277,0
279,0
509,0
747,0
686,0
503,0
208,0
142,0
142,0
106,0
105,0
105,0
105,0
105,0
122,0
141,0
236,0
275,0
242,0
223,0
226,0
210,0
201,0
196,0
180,0
302,0
386,0
673,0
603,0
318,0
192,0
135,0
119,0
123,0
119,0
108,0
116,0
118,0
220,0
527,0
667,0
618,0
567,0
527,0
519,0
515,0
517,0
509,0
524,0
635,0
846,0
993,0
894,0
537,0
347,0
179,0
184,0
156,0
143,0
172,0
176,0
218,0
313,0
654,0
809,0
669,0
565,0
495,0
495,0
499,0
537,0
487,0
506,0
624,0
816,0
1100,0
1037,0
654,0
381,0
252,0
176,0
177,0
180,0
194,0
197,0
230,0
289,0
545,0
683,0
700,0
632,0
605,0
437,0
421,0
470,0
561,0
616,0
559,0
647,0
1042,0
857,0
524,0
374,0
311,0
219,0
169,0
149,0
155,0
156,0
187,0
289,0
488,0
547,0
576,0
619,0
640,0
589,0
572,0
620,0
612,0
617,0
240,0
240,0
240,0
240,0
240,0
240,0
240,0
240,0
195,0
176,0
176,0
186,0
236,0
343,0
594,0
720,0
765,0
768,0
800,0
739,0
594,0
587,0
596,0
669,0
749,0
787,0
979,0
860,0
617,0
476,0
237,0
142,0
127,0
127,0
128,0
126,0
132,0
213,0
342,0
440,0
452,0
447,0
397,0
423,0
409,0
420,0
422,0
361,0
388,0
555,0
709,0
642,0
461,0
272,0
172,0
157,0
155,0
164,0
125,0
116,0
121,0
152,0
293,0
380,0
441,0
378,0
373,0
297,0
270,0
241,0
225,0
403,0
472,0
546,0
741,0
692,0
525,0
350,0
213,0
280,0
228,0
207,0
195,0
205,0
268,0
407,0
774,0
902,0
0,0
0,0
647,0
602,0
513,0
482,0
490,0
513,0
565,0
817,0
1131,0
987,0
609,0
387,0
346,0
129,0
125,0
124,0
124,0
122,0
127,0
325,0
693,0
842,0
867,0
748,0
648,0
604,0
585,0
609,0
566,0
530,0
555,0
962,0
1185,0
1035,0
730,0
410,0
254,0
154,0
125,0
129,0
125,0
126,0
133,0
319,0
593,0
736,0
708,0
604,0
480,0
398,0
394,0
411,0
391,0
387,0
481,0
737,0
955,0
767,0
554,0
364,0
241,0
111,0
97,0
113,0
97,0
97,0
162,0
334,0
569,0
697,0
701,0
702,0
597,0
597,0
575,0
623,0
574,0
648,0
909,0
1022,0
1157,0
1062,0
697,0
462,0
366,0
197,0
83,0
52,0
44,0
48,0
101,0
280,0
613,0
800,0
838,0
810,0
660,0
555,0
501,0
510,0
508,0
415,0
416,0
720,0
707,0
598,0
377,0
264,0
200,0
121,0
22,0
17,0
17,0
17,0
29,0
119,0
262,0
390,0
399,0
431,0
353,0
265,0
230,0
160,0
172,0
204,0
272,0
451,0
824,0
485,0
212,0
175,0
136,0
150,0
71,0
71,0
71,0
71,0
71,0
71,0
92,0
214,0
264,0
268,0
248,0
253,0
217,0
181,0
182,0
231,0
331,0
448,0
772,0
587,0
321,0
290,0
168,0
61,0
42,0
42,0
42,0
42,0
77,0
231,0
488,0
667,0
603,0
629,0
560,0
478,0
436,0
484,0
463,0
488,0
573,0
901,0
813,0
897,0
554,0
361,0
299,0
27,0
17,0
17,0
17,0
19,0
53,0
317,0
595,0
790,0
788,0
678,0
586,0
470,0
479,0
503,0
540,0
547,0
669,0
911,0
873,0
847,0
466,0
176,0
354,0
18,0
19,0
22,0
22,0
22,0
63,0
286,0
540,0
600,0
633,0
628,0
558,0
559,0
557,0
589,0
625,0
707,0
719,0
1034,0
907,0
816,0
494,0
261,0
205,0
81,0
19,0
19,0
19,0
20,0
32,0
185,0
551,0
677,0
695,0
495,0
396,0
328,0
319,0
367,0
382,0
370,0
482,0
875,0
940,0
819,0
354,0
166,0
90,0
53,0
27,0
18,0
19,0
19,0
19,0
74,0
511,0
734,0
664,0
532,0
482,0
426,0
406,0
434,0
431,0
411,0
423,0
533,0
941,0
619,0
484,0
376,0
137,0
23,0
30,0
22,0
19,0
19,0
37,0
149,0
312,0
479,0
485,0
404,0
251,0
202,0
179,0
169,0
161,0
238,0
461,0
662,0
710,0
700,0
460,0
214,0
117,0
102,0
25,0
25,0
22,0
20,0
23,0
62,0
137,0
382,0
425,0
408,0
284,0
267,0
218,0
213,0
230,0
334,0
429,0
667,0
692,0
666,0
533,0
225,0
84,0
115,0
126,0
119,0
127,0
119,0
70,0
179,0
650,0
836,0
876,0
756,0
676,0
669,0
621,0
587,0
564,0
573,0
601,0
875,0
999,0
779,0
539,0
340,0
228,0
158,0
124,0
121,0
124,0
130,0
194,0
434,0
812,0
1018,0
1037,0
840,0
826,0
826,0
774,0
713,0
724,0
663,0
720,0
910,0
1001,0
821,0
605,0
383,0
286,0
311,0
260,0
244,0
341,0
349,0
367,0
510,0
781,0
890,0
923,0
788,0
748,0
705,0
700,0
680,0
631,0
774,0
744,0
896,0
970,0
882,0
708,0
526,0
365,0
504,0
350,0
145,0
131,0
161,0
236,0
722,0
946,0
1046,0
1100,0
1088,0
882,0
903,0
984,0
1219,0
960,0
931,0
904,0
1220,0
1129,0
940,0
848,0
595,0
671,0
439,0
358,0
282,0
273,0
288,0
369,0
645,0
1134,0
1282,0
1300,0
1242,0
1220,0
1069,0
1133,0
988,0
974,0
1019,0
1138,0
1388,0
1414,0
1121,0
865,0
811,0
711,0
742,0
560,0
467,0
455,0
458,0
459,0
487,0
767,0
945,0
1002,0
1022,0
1012,0
964,0
945,0
890,0
873,0
932,0
955,0
1241,0
1217,0
1006,0
882,0
839,0
700,0
565,0
481,0
476,0
461,0
483,0
498,0
528,0
592,0
683,0
718,0
739,0
693,0
614,0
521,0
450,0
470,0
529,0
664,0
984,0
1056,0
966,0
793,0
569,0
440,0
215,0
161,0
151,0
150,0
162,0
250,0
614,0
1005,0
998,0
1146,0
1230,0
1073,0
1024,0
892,0
867,0
859,0
784,0
1051,0
1264,0
1251,0
1160,0
853,0
595,0
478,0
300,0
238,0
232,0
232,0
235,0
280,0
539,0
993,0
1152,0
1083,0
998,0
886,0
690,0
663,0
655,0
691,0
866,0
883,0
1301,0
1307,0
1106,0
865,0
607,0
396,0
322,0
243,0
212,0
212,0
212,0
238,0
588,0
1084,0
1193,0
1136,0
920,0
880,0
664,0
649,0
670,0
689,0
860,0
1054,0
1277,0
1303,0
1167,0
842,0
572,0
402,0
264,0
224,0
204,0
202,0
210,0
341,0
633,0
1058,0
1122,0
1080,0
825,0
794,0
729,0
693,0
697,0
731,0
897,0
1047,0
1308,0
1340,0
1200,0
333,0
333,0
333,0
333,0
133,0
130,0
116,0
127,0
202,0
602,0
1162,0
1223,0
1147,0
1095,0
1056,0
931,0
881,0
937,0
867,0
957,0
986,0
1315,0
1375,0
1185,0
1009,0
682,0
555,0
287,0
190,0
165,0
173,0
176,0
215,0
328,0
518,0
737,0
839,0
866,0
768,0
746,0
740,0
729,0
752,0
789,0
986,0
1187,0
1124,0
1039,0
696,0
481,0
293,0
135,0
286,0
0,0
91,0
102,0
116,0
91,0
88,0
205,0
369,0
453,0
437,0
412,0
274,0
265,0
319,0
348,0
491,0
800,0
797,0
715,0
634,0
335,0
208,0
133,0
129,0
109,0
107,0
108,0
110,0
153,0
453,0
903,0
1061,0
1062,0
980,0
843,0
806,0
837,0
798,0
771,0
1004,0
1275,0
1245,0
1155,0
955,0
619,0
420,0
298,0
190,0
114,0
102,0
92,0
107,0
159,0
445,0
675,0
930,0
934,0
737,0
629,0
622,0
661,0
528,0
606,0
917,0
1070,0
1068,0
1181,0
898,0
705,0
431,0
208,0
114,0
120,0
110,0
107,0
111,0
126,0
306,0
613,0
809,0
798,0
620,0
616,0
530,0
517,0
506,0
804,0
893,0
1004,0
930,0
872,0
667,0
553,0
366,0
362,0
121,0
117,0
120,0
119,0
120,0
134,0
393,0
673,0
909,0
968,0
906,0
773,0
768,0
854,0
817,0
916,0
1064,0
1195,0
1176,0
942,0
839,0
507,0
498,0
263,0
118,0
121,0
117,0
117,0
111,0
121,0
413,0
667,0
890,0
875,0
846,0
651,0
707,0
721,0
634,0
791,0
826,0
1155,0
1125,0
990,0
828,0
682,0
496,0
360,0
124,0
106,0
116,0
117,0
111,0
121,0
228,0
341,0
558,0
559,0
507,0
482,0
453,0
422,0
386,0
508,0
698,0
859,0
878,0
741,0
606,0
436,0
301,0
214,0
53,0
19,0
19,0
18,0
18,0
35,0
67,0
126,0
222,0
243,0
251,0
239,0
231,0
228,0
238,0
289,0
508,0
717,0
696,0
641,0
574,0
376,0
143,0
101,0
106,0
115,0
111,0
108,0
115,0
129,0
380,0
839,0
997,0
891,0
747,0
688,0
656,0
667,0
776,0
900,0
1053,0
1174,0
1123,0
1014,0
930,0
630,0
466,0
139,0
139,0
143,0
122,0
124,0
127,0
165,0
515,0
868,0
1147,0
947,0
996,0
941,0
849,0
860,0
937,0
919,0
995,0
1193,0
1133,0
1053,0
933,0
663,0
127,0
127,0
127,0
122,0
112,0
109,0
118,0
115,0
500,0
837,0
1030,0
1015,0
819,0
764,0
730,0
788,0
954,0
959,0
1053,0
1108,0
1144,0
1027,0
819,0
665,0
484,0
442,0
149,0
125,0
119,0
113,0
117,0
213,0
529,0
891,0
874,0
1058,0
959,0
908,0
808,0
822,0
905,0
934,0
1120,0
1170,0
1172,0
1047,0
854,0
609,0
372,0
300,0
119,0
118,0
111,0
110,0
111,0
122,0
409,0
809,0
889,0
874,0
742,0
710,0
643,0
708,0
749,0
710,0
855,0
1144,0
1028,0
1007,0
934,0
710,0
487,0
528,0
178,0
109,0
96,0
91,0
98,0
112,0
290,0
430,0
710,0
664,0
643,0
637,0
580,0
590,0
645,0
683,0
806,0
1056,0
1035,0
991,0
908,0
682,0
277,0
443,0
91,0
54,0
38,0
18,0
19,0
33,0
58,0
171,0
232,0
283,0
315,0
338,0
350,0
474,0
267,0
443,0
802,0
979,0
960,0
849,0
537,0
532,0
321,0
265,0
172,0
119,0
114,0
117,0
122,0
232,0
418,0
901,0
1052,0
1048,0
987,0
921,0
903,0
945,0
912,0
1002,0
1110,0
1060,0
1165,0
1107,0
856,0
571,0
579,0
292,0
245,0
235,0
215,0
208,0
216,0
246,0
519,0
827,0
1037,0
1086,0
987,0
988,0
966,0
1012,0
1099,0
1064,0
1344,0
1283,0
1209,0
1411,0
690,0
825,0
490,0
502,0
249,0
225,0
218,0
213,0
215,0
237,0
465,0
846,0
1044,0
1042,0
974,0
858,0
873,0
876,0
968,0
0,0
0,0
0,0
0,0
0,0
0,0
0,0
0,0
0,0
0,0
0,0
0,0
0,0
0,0
0,0
0,0
0,0
879,0
903,0
798,0
795,0
0,0
867,0
954,0
1213,0
1291,0
1249,0
1194,0
1140,0
886,0
608,0
357,0
317,0
217,0
148,0
114,0
103,0
125,0
226,0
409,0
761,0
877,0
933,0
808,0
714,0
722,0
800,0
891,0
993,0
1030,0
900,0
1076,0
880,0
830,0
698,0
582,0
475,0
332,0
290,0
267,0
242,0
250,0
291,0
382,0
548,0
587,0
630,0
541,0
574,0
583,0
632,0
611,0
886,0
995,0
1155,0
1087,0
1048,0
827,0
623,0
520,0
286,0
248,0
198,0
76,0
66,0
66,0
72,0
236,0
356,0
439,0
488,0
515,0
466,0
419,0
403,0
396,0
609,0
738,0
903,0
852,0
815,0
743,0
574,0
356,0
130,0
111,0
68,0
19,0
19,0
57,0
153,0
310,0
623,0
787,0
798,0
752,0
695,0
587,0
610,0
719,0
789,0
884,0
924,0
861,0
757,0
538,0
454,0
320,0
177,0
216,0
162,0
55,0
13,0
87,0
168,0
352,0
466,0
748,0
840,0
837,0
809,0
672,0
728,0
824,0
925,0
1063,0
1030,0
1113,0
897,0
610,0
501,0
338,0
283,0
176,0
67,0
27,0
28,0
49,0
166,0
387,0
671,0
670,0
900,0
778,0
745,0
603,0
649,0
686,0
941,0
1031,0
1092,0
1092,0
989,0
774,0
522,0
366,0
287,0
220,0
159,0
42,0
18,0
49,0
200,0
325,0
698,0
884,0
932,0
793,0
722,0
749,0
787,0
803,0
896,0
1169,0
1194,0
1175,0
1004,0
796,0
544,0
379,0
332,0
302,0
200,0
156,0
99,0
93,0
176,0
378,0
719,0
816,0
924,0
895,0
973,0
814,0
743,0
959,0
1066,0
1232,0
1117,0
1168,0
966,0
860,0
618,0
300,0
287,0
226,0
176,0
100,0
100,0
100,0
160,0
230,0
351,0
474,0
605,0
558,0
611,0
515,0
515,0
498,0
732,0
939,0
994,0
960,0
841,0
654,0
486,0
360,0
278,0
190,0
222,0
111,0
39,0
48,0
162,0
282,0
419,0
568,0
601,0
641,0
645,0
618,0
587,0
588,0
709,0
992,0
1050,0
992,0
944,0
733,0
743,0
602,0
402,0
297,0
251,0
239,0
239,0
241,0
284,0
502,0
835,0
961,0
965,0
1058,0
951,0
872,0
897,0
1060,0
1095,0
1235,0
1237,0
1166,0
939,0
798,0
539,0
429,0
313,0
199,0
190,0
181,0
181,0
181,0
189,0
434,0
590,0
746,0
763,0
769,0
868,0
852,0
895,0
886,0
966,0
1132,0
1179,0
1122,0
1030,0
759,0
620,0
507,0
373,0
267,0
251,0
244,0
243,0
244,0
282,0
496,0
761,0
943,0
912,0
913,0
824,0
655,0
635,0
675,0
763,0
1000,0
1080,0
955,0
800,0
606,0
426,0
339,0
235,0
261,0
216,0
188,0
187,0
191,0
262,0
447,0
760,0
983,0
989,0
940,0
924,0
923,0
895,0
876,0
948,0
1199,0
1142,0
1115,0
872,0
814,0
655,0
526,0
433,0
353,0
297,0
270,0
251,0
256,0
314,0
451,0
797,0
1016,0
967,0
914,0
870,0
818,0
823,0
930,0
1001,0
1292,0
1199,0
1200,0
875,0
532,0
679,0
619,0
403,0
322,0
251,0
216,0
212,0
214,0
277,0
404,0
623,0
886,0
949,0
873,0
828,0
769,0
786,0
745,0
981,0
1141,0
1176,0
1131,0
1011,0
789,0
665,0
540,0
365,0
298,0
257,0
228,0
220,0
203,0
180,0
177,0
216,0
360,0
437,0
528,0
539,0
479,0
429,0
427,0
575,0
778,0
775,0
693,0
653,0
458,0
296,0
173,0
139,0
267,0
236,0
224,0
223,0
224,0
283,0
409,0
695,0
820,0
871,0
831,0
795,0
785,0
932,0
831,0
856,0
941,0
947,0
923,0
776,0
765,0
594,0
472,0
314,0
235,0
207,0
215,0
204,0
212,0
226,0
384,0
618,0
814,0
854,0
785,0
766,0
772,0
846,0
799,0
914,0
1048,0
1158,0
1015,0
856,0
711,0
563,0
546,0
394,0
331,0
305,0
311,0
280,0
310,0
316,0
417,0
691,0
1042,0
1140,0
1125,0
1084,0
1063,0
1122,0
1029,0
1395,0
1122,0
1189,0
1075,0
1064,0
869,0
470,0
518,0
372,0
401,0
364,0
354,0
352,0
383,0
416,0
435,0
712,0
1106,0
1147,0
1123,0
1106,0
944,0
968,0
1024,0
978,0
1168,0
1193,0
988,0
864,0
601,0
438,0
402,0
373,0
379,0
441,0
438,0
424,0
457,0
473,0
592,0
793,0
961,0
1076,0
1034,0
1025,0
1045,0
1005,0
951,0
948,0
1044,0
1046,0
955,0
939,0
826,0
578,0
521,0
470,0
454,0
465,0
384,0
370,0
364,0
416,0
451,0
584,0
816,0
930,0
904,0
851,0
819,0
822,0
811,0
909,0
1092,0
1131,0
1084,0
978,0
857,0
712,0
490,0
433,0
310,0
251,0
207,0
154,0
167,0
212,0
237,0
330,0
466,0
524,0
523,0
509,0
488,0
504,0
525,0
606,0
888,0
1011,0
952,0
920,0
752,0
580,0
455,0
354,0
322,0
266,0
189,0
178,0
228,0
308,0
499,0
724,0
992,0
1028,0
975,0
965,0
888,0
940,0
949,0
980,0
1274,0
1293,0
1212,0
956,0
881,0
660,0
548,0
486,0
455,0
422,0
371,0
356,0
325,0
353,0
479,0
724,0
959,0
1111,0
1054,0
1033,0
941,0
946,0
972,0
1045,0
1148,0
1175,0
1219,0
910,0
796,0
673,0
494,0
606,0
441,0
265,0
200,0
150,0
178,0
403,0
620,0
843,0
1133,0
1161,0
1209,0
1027,0
1080,0
1204,0
1244,0
1374,0
1431,0
1424,0
1319,0
1338,0
1013,0
864,0
670,0
533,0
448,0
437,0
415,0
389,0
409,0
448,0
593,0
984,0
1335,0
1315,0
1363,0
1437,0
1550,0
1507,0
1438,0
1366,0
1367,0
1464,0
1368,0
1122,0
1086,0
935,0
746,0
672,0
537,0
509,0
495,0
488,0
504,0
563,0
691,0
953,0
1231,0
1295,0
1309,0
1349,0
1402,0
1163,0
1263,0
1287,0
1420,0
1463,0
1372,0
1132,0
1047,0
895,0
887,0
814,0
262,0
257,0
249,0
246,0
253,0
266,0
365,0
528,0
748,0
822,0
783,0
746,0
600,0
616,0
555,0
713,0
985,0
995,0
906,0
1020,0
856,0
627,0
563,0
485,0
363,0
283,0
248,0
244,0
247,0
260,0
302,0
384,0
511,0
723,0
764,0
712,0
691,0
653,0
629,0
696,0
903,0
1038,0
1003,0
973,0
794,0
651,0
551,0
386,0
286,0
238,0
228,0
217,0
235,0
289,0
475,0
789,0
991,0
1054,0
1044,0
1051,0
922,0
915,0
985,0
1031,0
1156,0
1184,0
1162,0
1227,0
976,0
737,0
626,0
522,0
488,0
432,0
312,0
232,0
198,0
366,0
516,0
797,0
1138,0
1227,0
1206,0
1224,0
1094,0
1043,0
1044,0
1006,0
1308,0
1314,0
1140,0
983,0
834,0
616,0
442,0
234,0
295,0
266,0
245,0
189,0
193,0
323,0
605,0
969,0
1222,0
1340,0
1359,0
1301,0
1116,0
1186,0
1027,0
1223,0
1549,0
1496,0
1419,0
1218,0
1028,0
910,0
685,0
389,0
350,0
330,0
310,0
306,0
310,0
329,0
586,0
921,0
1204,0
1218,0
1158,0
1197,0
1174,0
1194,0
1124,0
1187,0
1285,0
1332,0
1134,0
1037,0
917,0
835,0
525,0
479,0
162,0
224,0
228,0
169,0
246,0
285,0
540,0
959,0
1335,0
1346,0
1347,0
1196,0
1094,0
1141,0
1205,0
1305,0
1453,0
1344,0
1188,0
1158,0
1012,0
720,0
711,0
502,0
204,0
161,0
146,0
136,0
156,0
160,0
225,0
537,0
826,0
993,0
1003,0
1033,0
999,0
928,0
880,0
950,0
1154,0
1160,0
1099,0
940,0
700,0
605,0
505,0
323,0
183,0
153,0
153,0
154,0
154,0
154,0
179,0
247,0
518,0
670,0
696,0
678,0
582,0
535,0
577,0
694,0
946,0
1123,0
981,0
943,0
750,0
538,0
374,0
256,0
219,0
139,0
133,0
135,0
132,0
180,0
461,0
839,0
1185,0
1258,0
1216,0
1196,0
1171,0
1241,0
1190,0
1293,0
1399,0
1412,0
1260,0
1184,0
971,0
730,0
578,0
286,0
156,0
149,0
149,0
153,0
151,0
174,0
406,0
773,0
1143,0
1253,0
1212,0
1202,0
1174,0
1172,0
1175,0
1174,0
1248,0
1216,0
1060,0
983,0
737,0
619,0
499,0
424,0
157,0
135,0
100,0
113,0
129,0
160,0
419,0
740,0
1041,0
1098,0
1072,0
1099,0
1060,0
1063,0
1073,0
1026,0
1071,0
1125,0
1032,0
897,0
828,0
641,0
452,0
328,0
222,0
159,0
122,0
104,0
122,0
161,0
291,0
482,0
645,0
731,0
739,0
717,0
566,0
642,0
661,0
671,0
863,0
885,0
714,0
661,0
532,0
294,0
206,0
283,0
172,0
73,0
52,0
52,0
52,0
70,0
187,0
211,0
467,0
485,0
499,0
511,0
484,0
516,0
565,0
527,0
626,0
607,0
614,0
581,0
465,0
275,0
248,0
230,0
220,0
158,0
86,0
92,0
122,0
145,0
160,0
275,0
346,0
538,0
596,0
625,0
631,0
694,0
700,0
729,0
958,0
973,0
948,0
816,0
683,0
523,0
426,0
371,0
360,0
315,0
262,0
200,0
174,0
226,0
246,0
290,0
476,0
574,0
625,0
631,0
604,0
567,0
575,0
632,0
952,0
975,0
856,0
688,0
574,0
501,0
435,0
397,0
529,0
420,0
349,0
348,0
376,0
426,0
550,0
778,0
957,0
1063,0
1175,0
1170,0
1148,0
1128,0
1114,0
1123,0
1338,0
1342,0
1261,0
1042,0
973,0
753,0
568,0
430,0
514,0
422,0
373,0
365,0
353,0
367,0
492,0
905,0
1040,0
1191,0
1207,0
1156,0
973,0
969,0
1032,0
1292,0
1505,0
1643,0
1523,0
1482,0
1300,0
1189,0
1092,0
763,0
822,0
693,0
663,0
775,0
816,0
941,0
1084,0
1256,0
1345,0
1452,0
935,0
910,0
1078,0
1273,0
1250,0
1311,0
1306,0
1559,0
1432,0
1440,0
1362,0
1252,0
1037,0
1008,0
1089,0
899,0
873,0
853,0
855,0
880,0
915,0
1015,0
1161,0
1279,0
1269,0
1278,0
1292,0
1282,0
1339,0
1516,0
1443,0
1596,0
1404,0
1392,0
1246,0
1155,0
1235,0
1062,0
