0,0
0,0
0,0
0,0
0,0
0,0
0,0
0,271870348
6,8368901520000005
8,183431578
8,810388533999998
8,980042516000001
8,932246017999999
8,43641466
7,399180992000001
2,3959844259999996
0,012539960000000001
0,0
0,0
0,0
0,0
0,0
0,0
0,0
0,0
0,0
0,0
0,0
0,0
0,0
0,0
0,0
0,225265668
0,6284321520000001
0,44532849599999996
0,7104318000000001
0,9922995240000001
0,9613778519999999
0,6612891819999999
0,34981699600000005
0,0062811
0,0
0,0
0,0
0,0
0,0
0,0
0,0
0,0
0,0
0,0
0,0
0,0
0,0
0,0
0,0
1,9125276700000002
3,0026580839999997
4,996203481999999
5,470568073999999
5,1778960980000015
4,203342064
2,6148050799999996
0,8119007659999999
0,01034865
0,0
0,0
0,0
0,0
0,0
0,0
0,0
0,0
0,0
0,0
0,0
0,0
0,0
0,0
0,0
6,0802044959999995
7,010665348000002
6,405478112000001
7,965641578
4,686387154
7,074284681999999
6,186747968
2,6211664079999997
0,0
0,0
0,0
0,0
0,0
0,0
0,0
0,0
0,0
0,0
0,0
0,0
0,0
0,0
0,0
0,0
6,1719000479999995
1,705561984
2,785401916
8,181401218
7,427953928
2,038085238
0,8326127599999997
0,252460686
0,00154818
0,0
0,0
0,0
0,0
0,0
0,0
0,0
0,0
0,0
0,0
0,0
0,0
0,0
0,0
0,0
0,395834656
0,9545882880000001
1,9241931580000002
2,5012009479999997
3,4722782239999996
8,242301234000001
7,377406302000001
3,4603255660000003
0,017476979999999996
0,0
0,0
0,0
0,0
0,0
0,0
0,0
0,0
0,0
0,0
0,0
0,0
0,0
0,0
0,089547234
3,0226790820000002
2,8488872940000007
7,827654068
9,179712868000003
9,073994624000001
8,380901556000001
7,236030498
3,1376428379999997
0,0151227
0,0
0,0
0,0
0,0
0,0
0,0
0,0
0,0
0,0
0,0
0,0
0,0
0,0
0,0
0,118303054
1,705444608
8,290107399999998
6,3208211
0,51630149
2,4362447380000005
0,7602281519999999
0,242094452
0,026867362
0,000886
0,0
0,0
0,0
0,0
0,0
0,0
0,0
0,0
0,0
0,0
0,0
0,0
0,0
0,0
0,0
0,004767154
0,097181454
0,16800376600000003
1,463258046
2,9361775019999996
1,845066558
2,2128973900000006
0,32956983200000006
0,01077623
0,0
0,0
0,0
0,0
0,0
0,0
0,0
0,0
0,0
0,0
0,0
0,0
0,0
0,0
0,0984951
0,6084665199999999
1,381687078
2,1233444100000005
1,71052672
1,320395778
0,991826238
0,6726164040000001
0,207135292
0,00269468
0,0
0,0
0,0
0,0
0,0
0,0
0,0
0,0
0,0
0,0
0,0
0,0
0,0
0,0
0,0
3,568367618
8,274063974
8,614456158000001
8,974057196
8,413110232000001
8,497276865999998
7,543703943999999
3,660469802
0,022578174
0,0
0,0
0,0
0,0
0,0
0,0
0,0
0,0
0,0
0,0
0,0
0,0
0,0
0,0
1,4512240360000002
6,971874966000001
8,366012794000001
8,874471574000003
8,708267268
8,585269873999998
8,01235131
7,657907238
3,909115524
0,050795733999999995
0,0
0,0
0,0
0,0
0,0
0,0
0,0
0,0
0,0
0,0
0,0
0,0
0,0
0,0
0,23915344000000002
0,8221211519999999
1,17196514
1,304067168
0,789124904
1,502564928
2,426175734
7,367779382000001
4,076784382
0,04798187400000001
0,0
0,0
0,0
0,0
0,0
0,0
0,0
0,0
0,0
0,0
0,0
0,0
0,0
0,0
5,9999999999999995e-05
0,12482080400000002
0,5211410000000001
1,205766954
0,83591439
1,005153462
2,100620748
3,7189186800000003
4,22093087
0,035647248
0,0
0,0
0,0
0,0
0,0
0,0
0,0
0,0
0,0
0,0
0,0
0,0
0,0
0,0
0,340343856
7,322793644
8,539429405999998
9,066896557999998
9,142804544
8,997643838
5,85769973
6,931169902
2,96024081
0,07993382600000001
0,0
0,0
0,0
0,0
0,0
0,0
0,0
0,0
0,0
0,0
0,0
0,0
0,0
0,0
1,736723632
2,4057159219999997
2,5943730480000005
2,4190049239999993
2,9993360079999998
4,303501428
7,223253344
6,598877692000001
4,334563844
0,07866237000000001
0,0
0,0
0,0
0,0
0,0
0,0
0,0
0,0
0,0
0,0
0,0
0,0
0,0
0,0
0,21150674799999997
3,854751512
7,8357934479999996
3,201354158
3,0693211440000003
1,2497557119999998
0,6362414080000001
0,44578455399999994
0,42856528999999993
0,0056843399999999995
0,0
0,0
0,0
0,0
0,0
0,0
0,0
0,0
0,0
0,0
0,0
0,0
0,0
0,0
0,0
0,121551542
0,650531848
0,5192101420000002
2,0631916340000003
1,3468818280000001
0,28087687000000006
0,8684130059999999
0,08512378200000001
0,0055648
0,0
0,0
0,0
0,0
0,0
0,0
0,0
0,0
0,0
0,0
0,0
0,0
0,0
0,0
0,204644038
0,52081327
1,7003535120000002
2,6143238500000003
4,388762111999999
1,664696734
1,2797198480000003
0,699400082
0,127373026
0,0010955599999999998
0,0
0,0
0,0
0,0
0,0
0,0
0,0
0,0
0,0
0,0
0,0
0,0
0,0
0,0
0,0
4,06620332
6,986936886000001
6,192717296
3,2359853600000004
5,194088956000001
2,7297470859999997
4,660075532
0,7223952739999999
0,025632607999999998
0,0
0,0
0,0
0,0
0,0
0,0
0,0
0,0
0,0
0,0
0,0
0,0
0,0
0,0
0,183223218
0,674012844
1,1624334280000002
0,67139589
1,0106393359999999
1,082672332
1,998606916
0,7190802079999999
0,404722644
0,00412787
0,0
0,0
0,0
0,0
0,0
0,0
0,0
0,0
0,0
0,0
0,0
0,0
0,0
0,0
0,0
0,048197590000000005
0,7410610379999999
1,368667436
0,8776808039999999
1,0597412400000001
0,558906438
0,069611924
0,04193415599999999
2,23e-05
0,0
0,0
0,0
0,0
0,0
0,0
0,0
0,0
0,0
0,0
0,0
0,0
0,0
0,0
0,0
1,0458083360000001
2,7775062660000005
5,760858916000001
0,563440698
2,031072928
6,906344022
2,139897586
0,7445802040000001
0,09920271400000001
0,0
0,0
0,0
0,0
0,0
0,0
0,0
0,0
0,0
0,0
0,0
0,0
0,0
0,0
0,0
5,478834212
7,762961868
8,368675028
8,915201410000002
8,904840473999998
8,630925218
7,724204278
2,87062977
0,084625216
0,0
0,0
0,0
0,0
0,0
0,0
0,0
0,0
0,0
0,0
0,0
0,0
0,0
0,0
0,0
0,6982875000000002
1,2008324220000002
1,108948344
0,7260080399999999
0,657836522
0,74278298
0,965099522
0,259875244
0,0
0,0
0,0
0,0
0,0
0,0
0,0
0,0
0,0
0,0
0,0
0,0
0,0
0,0
0,0
0,0
0,0
2,36381745
1,8657250800000003
3,1034159000000003
3,281169434
6,671692416
2,4867685239999995
2,1928431579999996
0,45664498000000003
0,00016408999999999998
0,0
0,0
0,0
0,0
0,0
0,0
0,0
0,0
0,0
0,0
0,0
0,0
0,0
2,92670237
6,771558003999999
7,403892266
6,206263684
7,473537774
7,389402584000001
3,292433292
2,9834581979999997
0,9408617880000001
0,051190724
2,44e-06
0,0
0,0
0,0
0,0
0,0
0,0
0,0
0,0
0,0
0,0
0,0
0,0
0,0
0,0
0,06664126399999999
0,079656648
0,171039108
0,66221491
0,513690758
0,6586486960000001
1,1997154380000001
0,453243402
0,00768923
0,0
0,0
0,0
0,0
0,0
0,0
0,0
0,0
0,0
0,0
0,0
0,0
0,0
0,0
0,260481522
6,5205281920000004
6,630935656
2,1838729779999997
2,498963484
6,3494033640000005
0,941861888
0,5516806620000001
0,49207180400000006
0,01905154
0,0
0,0
0,0
0,0
0,0
0,0
0,0
0,0
0,0
0,0
0,0
0,0
0,0
0,0
0,0
2,084870148
3,12851989
4,261525722
3,400729728
2,656193818
1,8820292180000002
1,0399893100000002
0,320848866
0,050742912
4e-05
0,0
0,0
0,0
0,0
0,0
0,0
0,0
0,0
0,0
0,0
0,0
0,0
0,0
0,006816
0,15475959
3,3610038760000003
3,301433128
0,9669499960000001
6,3403068
4,173870062
1,032049252
0,44554764799999996
0,13794694400000002
0,00034709
0,0
0,0
0,0
0,0
0,0
0,0
0,0
0,0
0,0
0,0
0,0
0,0
0,0
0,021994216
0,160121896
0,23489581
0,23295301000000004
0,28700796999999995
0,279706994
0,280835626
0,17015499599999998
0,027021353999999997
0,00468732
0,0
0,0
0,0
0,0
0,0
0,0
0,0
0,0
0,0
0,0
0,0
0,0
0,0
0,0
0,166048248
0,33928062800000003
0,6117142179999999
0,378194416
0,9495840239999999
1,2073206399999996
0,8916189560000002
0,426457434
0,265114018
0,03001339
0,00049
0,0
0,0
0,0
0,0
0,0
0,0
0,0
0,0
0,0
0,0
0,0
0,0
0,0
0,045042540000000006
0,132469542
0,0048603
0,10450490000000001
0,14340589399999998
0,4917402540000001
1,522070246
1,2831210020000001
3,8003151
0,335713356
0,0006428699999999999
0,0
0,0
0,0
0,0
0,0
0,0
0,0
0,0
0,0
0,0
0,0
0,0
0,0
0,31274445
0,8144134199999999
1,306080602
1,954167354
1,642657262
1,046155882
0,7318847980000001
0,437632478
0,583224084
0,040939765999999995
0,0
0,0
0,0
0,0
0,0
0,0
0,0
0,0
0,0
0,0
0,0
0,0
0,0
0,0
0,996120502
4,991332748
7,51965933
8,666314556
8,597869508
8,719080728
8,54364878
7,571511726
5,127863016
0,280384424
0,0
0,0
0,0
0,0
0,0
0,0
0,0
0,0
0,0
0,0
0,0
0,0
0,0
0,0
0,728626398
2,056792722
2,642500783999999
5,493300142
8,834453712
7,169919677999999
8,370047737999998
6,92571617
4,3851814860000005
0,6719546020000001
0,00328115
0,0
0,0
0,0
0,0
0,0
0,0
0,0
0,0
0,0
0,0
0,0
0,0
0,0
4,3676615000000005
7,368416977999999
8,485967658
8,992958426
9,183523972000001
9,097585686
8,737835252
8,21264298
6,231145614
1,3513107279999999
0,0040397
0,0
0,0
0,0
0,0
0,0
0,0
0,0
0,0
0,0
0,0
0,0
0,0
0,0
3,784641814
6,964208428
8,142097380000001
8,395770848
8,991349111999998
8,85709098
8,608087544
7,059208674
5,022559660000001
0,915104314
0,00568769
0,0
0,0
0,0
0,0
0,0
0,0
0,0
0,0
0,0
0,0
0,0
0,0
0,0
3,901623598
7,170874410000001
8,271958664
7,974766254000001
8,567908491999999
6,833241996
7,067420822
8,135108984
6,312384586
1,4377420140000001
0,00441379
0,0
0,0
0,0
0,0
0,0
0,0
0,0
0,0
0,0
0,0
0,0
0,0
0,0
1,45474181
5,704843183999999
3,0763075819999997
3,724605062
1,360272406
2,6412251620000005
2,23467308
1,370819216
0,757594578
0,166133286
0,0019660100000000002
0,0
0,0
0,0
0,0
0,0
0,0
0,0
0,0
0,0
0,0
0,0
0,0
0,0
0,037748086
0,12385685000000002
0,22728011200000003
0,31816933
0,725256068
0,3867169339999999
0,14258106999999998
0,09150122599999999
0,274340878
0,15397138200000002
0,00117364
0,0
0,0
0,0
0,0
0,0
0,0
0,0
0,0
0,0
0,0
0,0
0,0
0,0
0,298559478
1,3709415239999998
4,887702178000001
9,16869848
7,808774885999999
8,89652434
8,040615447999999
8,213312698000001
2,105077352
0,25324168799999996
0,0033520100000000003
0,0
0,0
0,0
0,0
0,0
0,0
0,0
0,0
0,0
0,0
0,0
0,0
0,0
1,1595032159999998
8,052896888
9,033898612
1,20065633
8,648003083999997
9,231032674
9,32221308
8,128224186
4,828888671999999
2,6678160539999993
0,00583887
0,0
0,0
0,0
0,0
0,0
0,0
0,0
0,0
0,0
0,0
0,0
0,0
0,0
5,570139492
3,567904193999999
1,142265448
1,953717658
3,429623132
7,621665644000001
8,976000821999998
8,560259857999998
7,550185099999999
3,048944716
0,00535276
0,0
0,0
0,0
0,0
0,0
0,0
0,0
0,0
0,0
0,0
0,0
0,0
0,0
3,3951106279999994
7,7318902939999985
8,387714533999999
6,414127144
7,173944426000001
7,1766052259999995
8,685488934
8,474684327999997
7,6839570120000005
2,580196166000001
0,00771997
0,0
0,0
0,0
0,0
0,0
0,0
0,0
0,0
0,0
0,0
0,0
0,0
0,0
5,5118874
3,615773564
8,243139142
9,041061564000001
9,316724731999999
9,299128263999998
9,094451849999999
8,620148132
7,097385314
2,5529202980000005
0,00779443
0,0
0,0
0,0
0,0
0,0
0,0
0,0
0,0
0,0
0,0
0,0
0,0
0,0
5,145644178
7,721014265999999
8,630499746
9,074132002
9,235133815999998
9,190564834
8,931908092
8,442868056
7,0785829300000005
3,02354315
0,009789520000000001
0,0
0,0
0,0
0,0
0,0
0,0
0,0
0,0
0,0
0,0
0,0
0,0
0,01515268
5,282886676000001
7,71724747
8,589967074
9,074060512
9,21796291
9,191284902000001
8,917923681999998
8,387994531999999
6,974351575999999
2,787007898
0,01029838
0,0
0,0
0,0
0,0
0,0
0,0
0,0
0,0
0,0
0,0
0,0
0,0
0,028549552000000002
4,924433358
7,624536641999999
8,584707684000001
9,04884295
9,22246616
9,19731753
8,902556464000003
8,230820434000002
6,758539669999999
2,663956576
0,01052095
0,0
0,0
0,0
0,0
0,0
0,0
0,0
0,0
0,0
0,0
0,0
0,0
0,024073832000000003
2,1300674740000005
7,020998034
8,301602998
8,873540183999998
8,770972096
9,015385126000004
8,67925989
7,918437711999999
6,287724424
2,350917928
0,0134444
0,0
0,0
0,0
0,0
0,0
0,0
0,0
0,0
0,0
0,0
0,0
0,0
0,04271156
4,861662286
7,315089946
8,242423403999998
8,839117088
9,07537275
9,095540777999998
8,675667356
8,027830754
6,706990211999999
2,3863530159999997
0,01383839
0,0
0,0
0,0
0,0
0,0
0,0
0,0
0,0
0,0
0,0
0,0
0,0
0,0
0,458092096
5,881775772000001
4,593412028
5,360943045999999
3,831396766
1,9645184380000003
1,7486282000000002
4,271068595999999
1,18945762
0,630858294
0,005474140000000001
0,0
0,0
0,0
0,0
0,0
0,0
0,0
0,0
0,0
0,0
0,0
0,0
0,046929941999999995
1,0540121759999999
0,6925605399999999
0,90031531
1,25003721
2,534141038
1,2709733799999998
1,15114003
1,02269612
0,7990394200000001
1,11415868
0,016033590000000004
0,0
0,0
0,0
0,0
0,0
0,0
0,0
0,0
0,0
0,0
0,0
0,0
0,023017927999999997
0,666685622
1,421034744
2,141291994
3,0018516180000003
5,375199971999999
9,42416737
7,161484778000001
8,371767100000001
3,5242229239999996
4,072046028
0,015666649999999997
0,0
0,0
0,0
0,0
0,0
0,0
0,0
0,0
0,0
0,0
0,0
0,0
0,0
1,0754440459999999
1,806701074
1,637972202
7,925998023999999
8,223582447999998
7,921737146000001
7,200576762
8,835664692
7,782100541999999
4,266130212
0,01994418
0,0
0,0
0,0
0,0
0,0
0,0
0,0
0,0
0,0
0,0
0,0
0,0
0,071914696
2,6904668199999997
2,272501845999999
2,397247006
2,00404372
2,3318974340000005
1,9682562019999998
2,4752339979999998
2,667161102
6,746669704
0,9723992640000001
0,0133223
0,0
0,0
0,0
0,0
0,0
0,0
0,0
0,0
0,0
0,0
0,0
0,0
0,086930112
5,6295179079999995
7,745774301999999
6,238994002
7,1019053659999996
8,661222402000002
9,095813444
9,158007492000001
8,715683945999999
7,240673904
3,4568219119999997
0,021668609999999998
0,0
0,0
0,0
0,0
0,0
0,0
0,0
0,0
0,0
0,0
0,0
0,0
0,099540896
5,850962936000001
7,9702207519999995
8,642423090000001
9,132605752
9,292586668
9,262907801999999
9,076659112
8,534499588000001
7,5068945739999995
3,6532402100000003
0,03368521
0,0
0,0
0,0
0,0
0,0
0,0
0,0
0,0
0,0
0,0
0,0
0,0
0,121273502
4,878902805999999
7,16845414
8,391291043999997
8,8663384
9,180336896
9,116165795999999
8,910343782
8,112109926
6,3504727700000005
2,160195708
0,021193703999999997
0,0
0,0
0,0
0,0
0,0
0,0
0,0
0,0
0,0
0,0
0,0
0,0
0,147949934
5,270010002
7,688299795999999
8,665655864
9,05030666
5,228446022
4,165662943999999
6,781504922
3,402691834
1,99744209
3,641212556
0,0194404
0,0
0,0
0,0
0,0
0,0
0,0
0,0
0,0
0,0
0,0
0,0
0,0
0,21571283199999997
4,845462575999999
4,455531984
4,3730233819999995
8,773086416
9,233672190000002
7,860694136
8,765434566
8,237061428
7,239861940000001
3,867060612
0,062736848
0,0
0,0
0,0
0,0
0,0
0,0
0,0
0,0
0,0
0,0
0,0
0,0
0,0
2,192805208
7,078225907999999
8,503038722
9,130493611999999
9,278707654
9,214185427999997
7,671958399999999
5,730323447999999
7,410801518000001
4,170737408
0,044971788000000006
0,0
0,0
0,0
0,0
0,0
0,0
0,0
0,0
0,0
0,0
0,0
0,0
0,0
1,351291664
2,4240345079999996
6,710694926
1,7917684120000001
2,910033246
1,7456375480000001
5,341788998
1,7337953599999998
1,379263032
1,023632834
0,01632612
0,0
0,0
0,0
0,0
0,0
0,0
0,0
0,0
0,0
0,0
0,0
0,0
0,38815729600000004
5,938770418
7,991979005999999
8,654080664
9,145340203999998
9,301501004
9,244276412
9,075720034
8,508547775999999
5,989946354000001
3,9012219619999997
0,054765968
0,0
0,0
0,0
0,0
0,0
0,0
0,0
0,0
0,0
0,0
0,0
0,0
0,304709162
2,501601402
6,369950888
4,879362416000001
8,085639482
6,885178972
8,911194453999999
8,601688582000001
7,383934108
6,6553939479999995
0,928597058
0,018118194
0,0
0,0
0,0
0,0
0,0
0,0
0,0
0,0
0,0
0,0
0,0
0,0
0,2769642
4,07579604
6,62266062
5,889908497999999
7,249623606000001
7,327121544
8,126778908
7,197663758
7,539619592000001
2,08050605
1,064530976
0,01133521
0,0
0,0
0,0
0,0
0,0
0,0
0,0
0,0
0,0
0,0
0,0
0,0
0,06563704
0,22228340800000004
0,418579714
0,509845098
1,1487045799999998
1,284770498
1,7981494580000001
3,561658634
2,8830220399999997
1,8217521399999999
1,022095666
0,04226561
0,0
0,0
0,0
0,0
0,0
0,0
0,0
0,0
0,0
0,0
0,0
0,0
0,4393426019999999
2,8656915020000002
6,826452131999999
8,600018726
9,146791259999999
6,749748654
5,5908966399999995
7,417527894
3,6960302240000003
4,489265983999999
0,8311640279999999
0,07244291400000001
0,0
0,0
0,0
0,0
0,0
0,0
0,0
0,0
0,0
0,0
0,0
0,0
0,07666496
0,479445712
1,017020392
1,113948442
0,660438872
0,35610532199999995
0,405567448
0,96776008
1,024903418
0,225891618
0,108894126
0,00051384
0,0
0,0
0,0
0,0
0,0
0,0
0,0
0,0
0,0
0,0
0,0
0,0
0,36706861799999996
1,16472295
2,7110537519999998
5,85033261
7,065924108
7,36183945
8,646163522
5,405943102
7,0921520000000005
4,221998364
5,044976384000001
0,483199224
0,0003721
0,0
0,0
0,0
0,0
0,0
0,0
0,0
0,0
0,0
0,0
0,0
2,246437836
5,3215678980000005
6,859664952
9,073880096
9,10560534
9,23705735
8,848434458000002
8,125000924
5,235603
2,8794703080000006
1,000815156
0,046395946
0,0008954799999999999
0,0
0,0
0,0
0,0
0,0
0,0
0,0
0,0
0,0
0,0
0,0
0,11986322199999998
1,2947169640000002
2,597750222
2,368016896
2,2247021800000004
6,194648634
5,196097947999999
3,0799796280000002
8,397495915999999
1,821968178
2,536907654
0,09606410800000001
0,0
0,0
0,0
0,0
0,0
0,0
0,0
0,0
0,0
0,0
0,0
0,0
2,637429572
6,257748568000001
8,291570596
8,98340052
9,274520888
9,278094154
9,135587584000001
5,906188072000001
8,416285226
3,40575388
5,10678019
0,37204459
0,00016287000000000002
0,0
0,0
0,0
0,0
0,0
0,0
0,0
0,0
0,0
0,0
0,0
0,315203736
1,2762815
3,743099596
6,6357129960000005
8,897379214
8,996050113999999
8,459870868
8,440295335999998
7,87321888
7,520033212
4,911704923999999
0,25648595799999996
0,00021674000000000002
0,0
0,0
0,0
0,0
0,0
0,0
0,0
0,0
0,0
0,0
0,0
2,714730736
6,9086733780000005
8,258377664
8,814481254
9,054286462
9,057299186
9,079986894000001
9,159139158
8,662805208
7,860617219999999
4,64411757
0,5016944240000001
0,0009356900000000001
0,0
0,0
0,0
0,0
0,0
0,0
0,0
0,0
0,0
0,0
0,0
0,10216400599999999
0,45956114600000003
0,48220860200000004
0,870805542
1,402979322
1,2093829999999999
1,8188919979999998
2,47358563
3,214707416
2,775298466
0,8530208659999999
0,05640447800000001
0,0
0,0
0,0
0,0
0,0
0,0
0,0
0,0
0,0
0,0
0,0
0,0
0,29441304199999996
0,18658854200000002
0,30319053199999996
0,577275164
0,6576622659999999
1,1718334659999998
0,742521228
0,47305178800000003
0,45066763400000004
0,503747152
0,39504240799999996
0,01950282
0,0
0,0
0,0
0,0
0,0
0,0
0,0
0,0
0,0
0,0
0,0
0,0
1,1721493060000001
2,7589005739999997
6,694480049999998
2,613068682
4,318447578000001
3,446739546
3,158571722
2,7985597660000003
3,210399992
2,5890049339999996
1,614095366
0,18155059999999998
0,00076311
0,0
0,0
0,0
0,0
0,0
0,0
0,0
0,0
0,0
0,0
0,0
3,2484711519999996
4,327101168000001
6,993770822
8,64300035
9,290817362
9,369198334
8,843214440000002
9,22374602
8,727928136000001
7,921119319999999
5,249162666
0,6184493919999998
0,0018799
0,0
0,0
0,0
0,0
0,0
0,0
0,0
0,0
0,0
0,0
9,52e-05
3,637738
7,352234394000001
8,387538805999998
9,013684366
9,248343454000002
9,377877112
9,329175877999997
9,193384220000002
8,754100042000001
8,041371612
5,604455963999999
0,7573888619999999
0,00207772
0,0
0,0
0,0
0,0
0,0
0,0
0,0
0,0
0,0
0,0
0,00034
4,159478195999999
7,289496822
8,381798137999999
8,94759007
9,26819893
9,349689212
9,321601949999998
9,198257984
8,788785729999999
8,01046114
5,626244428
0,7319392739999998
0,00238976
0,0
0,0
0,0
0,0
0,0
0,0
0,0
0,0
0,0
0,0
0,002606876
4,671795629999999
7,578177470000001
8,517266338
9,05910414
9,279341065999999
9,33578237
9,338915479999997
9,130424362
8,670890567999999
7,965842994
5,647565955999999
0,791224924
0,00219428
0,0
0,0
0,0
0,0
0,0
0,0
0,0
0,0
0,0
0,0
0,006108948
4,128287796
7,150426304000001
8,350154896
8,873928806
9,2476354
9,331018975999998
9,34570125
9,144994374000001
8,75205124
7,989905235999999
5,658312311999999
0,7669537199999998
0,0020635399999999996
0,0
0,0
0,0
0,0
0,0
0,0
0,0
0,0
0,0
0,0
0,0
0,8900771219999998
2,8054027880000003
5,142380528
2,968942302
3,093245682
2,6770008540000005
2,21789342
2,118323704
1,1518843380000001
0,43658536800000003
0,6892058160000001
0,141139126
0,0009533499999999999
0,0
0,0
0,0
0,0
0,0
0,0
0,0
0,0
0,0
0,0
0,012542124
1,3366711359999999
3,8009848759999993
5,771136294
7,5921782900000006
8,668617952
9,032382197999999
1,1631915999999998
9,190329130000002
7,356641388000001
8,152859142
6,264775995999999
0,34696466800000003
0,00201475
0,0
0,0
0,0
0,0
0,0
0,0
0,0
0,0
0,0
0,0
0,036554648
5,27121909
7,869065463999999
8,82221405
8,990524461999998
9,065297048
9,167321378
9,422758193999998
8,246751104000001
9,039614851999998
8,245677449999999
6,290422910000001
1,231779972
0,0031772
0,0
0,0
0,0
0,0
0,0
0,0
0,0
0,0
0,0
0,0
0,043308912
0,910034644
7,666323410000001
6,202785452
9,212090098
8,866405312000001
9,335060728
9,397228962
9,302669606000002
8,947218450000001
8,173952814
6,532119306
1,24692709
0,00336043
0,0
0,0
0,0
0,0
0,0
0,0
0,0
0,0
0,0
0,0
0,032926956
0,9489344439999998
3,6723992560000003
6,628311038
8,624739960000001
9,171251908
9,377015634
9,3901671
9,246231539999998
8,743298176
7,90957054
6,01932173
1,1564049740000002
0,0036049999999999997
0,0
0,0
0,0
0,0
0,0
0,0
0,0
0,0
0,0
0,0
0,0
0,057512736
5,022651717999999
7,5634871399999986
8,507168380000001
9,037079344
9,262984851999999
9,340578812
9,325064463999999
9,185918322
8,633953164000001
7,880595360000001
6,0229886299999995
1,2967328280000001
0,00410427
0,0
0,0
0,0
0,0
0,0
0,0
0,0
0,0
0,0
0,0
0,07124009000000002
4,694598377999999
7,23250916
8,350908389999999
8,916732335999999
9,204313208000002
9,285411152
9,264906256
9,046914953999998
8,39734483
7,229466056000001
4,8563472600000015
0,791447984
0,00437142
0,0
0,0
0,0
0,0
0,0
0,0
0,0
0,0
0,0
0,0
0,11667236000000002
3,12191113
6,239875951999999
7,285206554
8,338858998
8,74013362
9,184627827999998
8,878592677999999
8,628581436
8,030418102
6,46276844
3,304693392
0,47871615
0,0042343599999999995
0,0
0,0
0,0
0,0
0,0
0,0
0,0
0,0
0,0
0,0
0,11186536999999999
1,661452632
4,0428617000000004
4,849567906
4,750076594
4,4732699160000005
3,295210742
2,8510584260000007
1,051030426
0,9401388319999999
0,6535737540000001
0,996994386
0,6364415359999999
0,008156549999999999
0,0
0,0
0,0
0,0
0,0
0,0
0,0
0,0
0,0
0,0
0,0024303560000000003
0,396572012
0,545557316
4,7536197620000005
8,927103301999999
8,208046246
6,572471622
3,0877852919999995
6,527054808
1,184751272
0,947125166
0,244089268
0,06291060200000001
0,00191844
0,0
0,0
0,0
0,0
0,0
0,0
0,0
0,0
0,0
0,0
0,0
0,21578487200000002
0,45176753
0,547195952
0,381722758
0,45511926399999997
0,391809284
0,21154164
0,19498460399999998
0,43895974199999993
0,5440474919999999
0,506355466
0,22830473799999998
0,0038488899999999998
0,0
0,0
0,0
0,0
0,0
0,0
0,0
0,0
0,0
0,0
0,079292664
6,028330856
4,2763323920000005
8,491504614
9,069908796
9,284841759999999
9,29574109
9,023949512
9,137114094000001
8,6853652
7,782286305999999
6,305464306
1,4215081740000002
0,00447893
0,0
0,0
0,0
0,0
0,0
0,0
0,0
0,0
0,0
0,0
0,3586398959999999
1,6717892920000001
4,3466068
8,670016014000002
4,980966889999999
6,628670206
1,884509476
1,2799202039999997
1,9905038599999998
0,6046256980000001
1,564409834
0,5184186
0,015700188
0,0
0,0
0,0
0,0
0,0
0,0
0,0
0,0
0,0
0,0
0,0
0,11191237200000001
0,24572140199999998
0,34927044000000007
1,0812406740000002
1,0779056439999999
2,003361888
1,77197078
1,571565832
1,7311478860000002
1,225625382
0,6594917540000002
0,3848215
0,101527516
0,00062647
0,0
0,0
0,0
0,0
0,0
0,0
0,0
0,0
0,0
0,0
0,081553224
0,479963586
1,4105312
2,6433055920000004
5,553196198
6,6355035639999995
3,2753088119999996
5,01640158
3,321452278
2,2975600740000006
1,4307837939999999
0,470490424
0,129906762
0,0033090999999999997
0,0
0,0
0,0
0,0
0,0
0,0
0,0
0,0
0,0
0,0
0,06634316
0,25197715
2,0981928499999998
3,485195946
4,16734749
5,042695644
3,140577326
1,3154984159999998
2,3953072519999994
0,367626764
0,38946182999999995
0,337853024
0,08677939799999998
4,88e-06
0,0
0,0
0,0
0,0
0,0
0,0
0,0
0,0
0,0
0,0
0,19045838199999998
1,2901101840000002
6,192444080000001
8,246264732
1,8237842700000002
3,106050554
2,17691328
6,894736624
2,19849667
1,7537831659999998
4,742382884
1,7723215540000004
0,06609462199999999
0,0008679700000000001
0,0
0,0
0,0
0,0
0,0
0,0
0,0
0,0
0,0
0,0
0,15857458600000002
1,065449436
2,247125009999999
5,576343824
2,9956895
5,763208038
7,682738104
1,960621714
1,262135476
2,670491418
1,855033342
0,963999938
0,42935861399999997
0,003986890000000001
0,0
0,0
0,0
0,0
0,0
0,0
0,0
0,0
0,0
0,0
0,16194054000000002
1,0968288200000003
1,979534034
2,6681288839999997
3,7255019439999995
5,223020732000001
2,194802522
3,135710512
1,1591572339999998
0,8622160899999999
0,6340313
0,64418911
0,493230558
0,00395125
0,0
0,0
0,0
0,0
0,0
0,0
0,0
0,0
0,0
0,0
0,41696430399999995
1,66804684
3,29386974
8,575691258
0,0
3,881168756
5,19884152
3,37060498
2,061967088
0,998469418
2,558254922
0,90635051
0,13210006999999999
0,0022983
0,0
0,0
0,0
0,0
0,0
0,0
0,0
0,0
0,0
0,0
1,5376635619999999
6,344219716
7,922203232
6,201828916
6,874576628
8,684741403999999
8,726318538
4,647351899999999
3,2733887739999994
3,011527534
7,482892682000001
6,76685323
1,203600298
0,01029566
0,0
0,0
0,0
0,0
0,0
0,0
0,0
0,0
0,0
0,0
0,771187124
5,561524098
7,551739008000001
8,475401452
8,79428625
8,995110054000001
9,21309312
9,186391850000001
9,02084133
8,60170278
7,876059023999999
6,072061364
1,953541374
0,01015694
0,0
0,0
0,0
0,0
0,0
0,0
0,0
0,0
0,0
0,0
1,836978506
5,8906751779999995
7,688542260000001
8,582479502
9,104110554
9,301588956000002
9,33336109
9,301924372
8,815212476
8,646988297999998
7,744173517999999
4,245176190000001
1,500928426
0,011831119999999999
0,0
0,0
0,0
0,0
0,0
0,0
0,0
0,0
0,0
0,0
2,07582086
6,186609004
7,769744114
8,776863912
8,010068532
8,384059953999998
5,3990212380000004
7,955499120000001
5,227624372
7,798763015999999
7,389002926
6,5411196160000005
2,302455524
0,015293320000000001
0,0
0,0
0,0
0,0
0,0
0,0
0,0
0,0
0,0
0,0
2,4223644880000004
6,460891814
7,766362372000001
8,599390565999999
4,812672514
6,98136031
6,041571978
8,320403344
8,221725462
8,748923316
8,095688296
6,595172056
2,4725868659999994
0,010708249999999999
0,0
0,0
0,0
0,0
0,0
0,0
0,0
0,0
0,0
0,0
1,851164582
6,242999906
7,797630280000001
8,534923799999998
9,119479618000002
9,34278239
9,344932016000001
9,398766272
9,262710332
8,844373526
8,15399772
6,8708924740000015
2,704500348
0,01073349
0,0
0,0
0,0
0,0
0,0
0,0
0,0
0,0
0,0
0,0
0,7088087739999999
2,5324371859999997
6,820381818
5,9604864399999995
6,133450287999999
8,268759954
6,57775077
8,372889363999999
8,659255722000001
8,998057679999999
7,833465944
4,3247943100000015
1,075333554
0,010400449999999999
0,0
0,0
0,0
0,0
0,0
0,0
0,0
0,0
0,0
0,0
1,9044508799999997
6,0610357839999995
4,350145975999999
8,232299134000002
8,738375986000001
9,034752702000002
7,620169122000001
8,91543027
6,888935276
8,494778671999999
4,023449114
1,628699858
0,356229328
0,006081080000000001
0,0
0,0
0,0
0,0
0,0
0,0
0,0
0,0
0,0
0,0
0,483546718
1,48118301
4,4484359200000005
6,136828114000001
5,897074452
7,278513086
1,248131464
0,545893526
0,58955349
0,641049818
0,217221208
0,076793026
0,031792957999999996
0,0049594899999999996
0,0
0,0
0,0
0,0
0,0
0,0
0,0
0,0
0,0
0,0
0,40857839200000007
1,901551066
7,151017292
7,930518784
8,735990048000001
7,080550231999999
6,641714402000001
6,761028992000002
8,296926976
8,156268824000001
7,2541532559999995
5,46932589
1,3019155320000002
0,016749852
0,0
0,0
0,0
0,0
0,0
0,0
0,0
0,0
0,0
0,0
1,05012385
5,07455581
6,876971228
7,945499568
7,860086182
7,9657397
8,954343278
8,87176616
8,5454209
8,19805284
7,553726415999998
5,865516908
1,771894544
0,024706958
0,0
0,0
0,0
0,0
0,0
0,0
0,0
0,0
0,0
0,0
0,51759357
5,582647946000001
4,911007116
6,8199767179999995
5,130306764
5,647304802
8,310157521999999
8,070705392
7,832487221999999
7,623374438000001
6,333717612
2,0997471659999998
0,433774872
0,008208360000000001
0,0
0,0
0,0
0,0
0,0
0,0
0,0
0,0
0,0
0,0
0,10230412800000001
1,05438178
0,74998904
0,8164144939999999
4,343469014000001
9,085123306000002
9,15058729
9,221353210000004
9,080730678000002
8,74621765
8,216404758000001
7,214055644
4,265850486000001
0,05500051
0,000256
0,0
0,0
0,0
0,0
0,0
0,0
0,0
0,0
0,018841212
0,48275957999999997
6,936980879999998
7,8669662460000005
8,657142175999999
8,935130406
9,23755983
9,334759384000003
8,534097928000001
7,575325708
6,618065174000001
4,266923385999999
2,1595962560000004
0,9192580379999999
0,080233676
0,0
0,0
0,0
0,0
0,0
0,0
0,0
0,0
0,0
0,0
0,249217842
0,819505698
3,437716738
1,154223454
3,193451454
1,413224308
1,984843998
1,899394496
1,191227074
2,7815691920000005
4,346004799999999
1,033338348
0,172681388
0,00370372
0,0
0,0
0,0
0,0
0,0
0,0
0,0
0,0
0,0
0,0
0,455443426
0,9931283200000001
1,12177793
5,405431705999999
6,788524778
3,0815023
6,397300693999999
3,6180448619999996
1,546731458
2,233545438
2,3986110080000005
1,872356836
0,263144904
0,021060879999999997
0,0
0,0
0,0
0,0
0,0
0,0
0,0
0,0
0,0
0,0
1,2389583720000001
1,1132885799999999
1,8807198419999998
2,1316263380000002
1,9350864099999998
3,51191922
5,384156000000001
6,0174602
3,29993826
4,972984551999999
5,250127652
3,2140785600000004
2,995002362
0,06617581200000001
9,4e-05
0,0
0,0
0,0
0,0
0,0
0,0
0,0
0,0
0,016582644
1,306304142
2,3885676999999994
7,658775342
8,552075099999998
9,053054532
9,26724292
9,116002224000002
9,137725332
8,907569357999998
7,865089161999999
2,6621415840000004
6,185106965999999
3,62026381
0,18997997200000002
0,0001182
0,0
0,0
0,0
0,0
0,0
0,0
0,0
0,0
0,047282144
1,0934712979999999
2,401733656
3,1577312480000006
5,133513305999999
4,169544585999999
6,6875365339999995
5,898733374000001
4,937628144
8,527910694000001
8,908768548
5,888566514
7,228296794000001
2,486183986
0,10805638800000002
0,0
0,0
0,0
0,0
0,0
0,0
0,0
0,0
0,0
0,013195379999999998
0,615449338
3,716163766
3,243808046
3,784996924
1,112717014
2,5117425740000003
1,0736973979999997
1,3794499400000004
1,209205238
0,6647117079999999
0,520093894
0,226259028
0,200208846
0,0026996800000000003
0,0
0,0
0,0
0,0
0,0
0,0
0,0
0,0
0,0
0,0
0,4917931459999999
2,0449975699999996
1,8617459680000001
3,358585518
6,0780628839999995
3,939910642
7,722290517999999
8,167264088000001
8,683943638
8,972786498
2,4351452919999996
1,117108106
0,325792354
0,038923580000000006
0,0
0,0
0,0
0,0
0,0
0,0
0,0
0,0
0,0
0,021205828
2,577184978
5,289701428
5,981000149999999
4,17492148
5,836599842000001
2,7958950799999998
2,0478225300000004
7,559567860000001
0,8210211599999999
0,9711550579999999
1,5858439720000002
1,3866720259999998
0,7254112260000002
0,130541982
0,0
0,0
0,0
0,0
0,0
0,0
0,0
0,0
0,0
0,149311626
2,5916424620000003
6,932291799999999
6,670876986
2,9884205579999996
3,3308239079999997
5,472386426000001
5,852539048000001
9,320224846000002
9,204244928
8,904471586
8,449956682
7,463820704
4,670791382000001
0,11271291600000001
0,00011151999999999999
0,0
0,0
0,0
0,0
0,0
0,0
0,0
0,0
0,07589882199999999
4,5642463179999995
7,105388189999999
8,084489056
8,750182184
9,098580222
8,965901296
9,34214757
9,317877892
9,225701484000002
8,769245000000002
8,302584733999998
6,372599753999999
3,916807536
0,138871466
0,00015403
0,0
0,0
0,0
0,0
0,0
0,0
0,0
0,0
0,0
0,14119026599999998
0,382390684
0,725475634
0,9276424400000002
1,29825349
1,527166742
2,6656573219999995
0,8686684880000001
0,39512381999999996
0,34045167
0,430646734
0,546756938
0,249530116
0,04426167599999999
7,929999999999999e-05
0,0
0,0
0,0
0,0
0,0
0,0
0,0
0,0
0,05962828
3,823863882
6,605934799999999
7,5573413060000005
6,636334156000001
8,00756906
7,986245322000001
9,295346869999998
9,284177904000002
8,834373974
8,739652895999999
7,777110138000001
6,64565797
1,7801012680000001
0,50304545
0,0004971
0,0
0,0
0,0
0,0
0,0
0,0
0,0
0,0
0,070995804
4,917469661999999
7,118985361999999
7,96386586
8,585470242
8,988469276
9,218530583999998
9,052904856000001
8,646172554000001
7,944442284
3,8115965479999994
3,3630908579999996
4,249890720000001
1,515546498
0,268480112
0,0005590500000000001
0,0
0,0
0,0
0,0
0,0
0,0
0,0
0,0
0,014229335999999999
0,288923528
0,716895724
1,2658957100000001
1,8863130259999998
1,695950882
1,436811382
2,0668775839999998
1,353450792
0,6784808819999999
0,8851895179999999
0,934890272
0,479863576
0,110690284
0,0034708759999999995
0,0
0,0
0,0
0,0
0,0
0,0
0,0
0,0
0,0
0,0
0,206905826
0,31721685200000005
1,136074938
0,42737851800000004
0,8941163240000001
1,1818029019999998
1,5417035280000002
4,516914828
2,874148498
3,400048866
1,0692034639999999
4,677375636000001
2,0792070019999995
0,058311183999999995
0,0
0,0
0,0
0,0
0,0
0,0
0,0
0,0
0,0
0,047150215999999995
5,1517464319999995
2,075004754
5,7021279379999985
3,4942899179999998
8,582733132000001
2,1584125739999998
4,449700738
2,6732418100000004
1,4238386879999998
1,347794208
2,5103652820000004
2,526491132
0,8711342859999999
0,28554497
0,0030939199999999996
0,0
0,0
0,0
0,0
0,0
0,0
0,0
0,0
0,0026486
0,17993420399999996
1,5178134840000002
1,971924616
3,23689765
2,28592623
3,386124218
3,3679602220000002
5,384418482
1,4685896999999999
1,736635088
1,816010508
1,590999952
0,9745932759999999
0,5401706799999999
0,0008210600000000001
0,0
0,0
0,0
0,0
0,0
0,0
0,0
0,0
0,10600412000000001
1,5207008119999998
2,8653444639999996
4,223101182000001
8,401106108000002
8,663197316
8,923668015999999
6,763443297999999
4,819165714
7,875227853999999
6,891938091999999
0,0
5,643033668
0,9848521799999999
0,18177105200000002
0,00033090999999999996
0,0
0,0
0,0
0,0
0,0
0,0
0,0
0,0
0,10593066599999999
4,8171564060000005
6,943741532
7,907458714
8,548153734
8,98743458
9,149125174
9,223861286000002
8,3783316
5,7591284159999985
8,193873248
8,16553262
6,983996879999999
5,640279350000001
1,041004516
0,00135229
0,0
0,0
0,0
0,0
0,0
0,0
0,0
0,0
0,05306702
4,387691428
6,989425821999999
7,630055722
8,541017949999999
8,832866842000001
4,188347950000001
7,038991977999999
2,322910386
2,453495394
0,7210001560000001
0,541625722
0,3376158
1,5946087999999996
0,721194708
0,00148596
0,0
0,0
0,0
0,0
0,0
0,0
0,0
0,0
0,17703946199999998
2,0255808340000003
3,7334576999999998
3,208942642
2,3941425320000005
2,266635624
2,009984564
4,609540512
2,9698350880000004
0,8945583040000001
0,276978856
0,59838684
0,5942728100000001
0,5623416099999999
0,145872802
0,00055882
0,0
0,0
0,0
0,0
0,0
0,0
0,0
0,0
0,15640966
5,324964392000001
7,060324831999999
2,724395046
3,1845122180000005
7,072591312
8,212898268
5,19376227
3,0952743220000003
4,864424656
5,578752792
4,457907414
3,377188028
0,43407332200000004
0,04735391
0,001158
0,0
0,0
0,0
0,0
0,0
0,0
0,0
0,0
0,08224955999999999
0,842898076
1,325315188
1,695525464
2,3226616480000004
7,710732804
8,874406290000001
6,260117474
6,6071335499999995
4,06916146
3,3690734159999995
0,714919702
0,61312514
0,288088036
0,028124037999999997
0,0005872000000000001
0,0
0,0
0,0
0,0
0,0
0,0
0,0
0,0
0,131745578
1,9762943259999999
1,9734411740000002
2,2866704920000003
8,408520912000002
8,632823934
7,630424348
7,427527984
6,392580924000001
8,379414418
7,023530671999999
2,1255244699999998
6,776087542
0,9997797220000001
0,19282661800000003
0,00102602
0,0
0,0
0,0
0,0
0,0
0,0
0,0
0,0
0,16054013799999997
0,6545900739999999
1,497507512
2,656329584
3,162256072
8,362789965999998
8,952315331999998
9,11094221
8,432798920000002
7,858603243999999
4,350909648
0,663677
0,7701008920000001
1,25137145
0,443552976
0,00435948
0,0
0,0
0,0
0,0
0,0
0,0
0,0
0,0
0,206250336
2,674627732
7,033340450000001
5,711241488000001
8,665723028
8,592189238000001
8,830133759999999
9,134562006000001
7,773876788000001
5,497954998
7,9975656079999995
8,061438878
7,09433297
5,005922988
0,9790879739999999
0,00269968
0,0
0,0
0,0
0,0
0,0
0,0
0,0
0,0
0,16182322
5,021415266000001
6,860455842
6,831598097999999
8,506808844
8,953755566
9,204638781999998
8,784849684000001
8,526289084
8,080515498
6,675134788000001
7,347437606000001
3,3309263900000006
1,2876244740000002
0,276120816
0,0030985599999999998
0,0
0,0
0,0
0,0
0,0
0,0
0,0
0,0
0,24659628199999997
0,8944486640000001
2,500849956
3,221865252
3,26929467
4,746451842
4,879124185999999
3,6035501479999996
3,8180871300000003
1,6807985119999997
1,1388397319999999
1,18059846
0,8724921280000001
0,347324818
0,019749128
0,000272
0,0
0,0
0,0
0,0
0,0
0,0
0,0
0,0
0,000326
0,13432096400000001
0,32155212
0,524845418
0,853120492
1,0541248179999998
0,9895871540000001
1,1338954060000002
2,781258018
1,0142015640000002
2,68531617
1,13741085
4,033023384
0,23705769999999998
0,115371936
0,0022966600000000003
0,0
0,0
0,0
0,0
0,0
0,0
0,0
0,0
0,165013456
0,6641517079999999
1,3924960100000003
1,355331108
2,0947898
4,548146002
2,430409116
3,158399192
2,031844012
6,832730156
4,837597344000001
1,033462732
0,8066832359999999
0,44851349599999996
0,141980966
0,0011439999999999998
0,0
0,0
0,0
0,0
0,0
0,0
0,0
0,0
0,0
0,240330688
0,489603474
1,39388741
2,3013302920000003
1,276175508
3,80935972
3,834661898
3,906463352
8,61431354
4,1197521219999995
8,071824634
1,2712737660000002
5,781276158
1,3485381640000003
0,00416652
0,0
0,0
0,0
0,0
0,0
0,0
0,0
0,0
0,0048198
0,38530182800000007
4,5719014200000005
7,754828676
8,46546731
7,569316025999999
8,583840396
6,4748944680000005
0,7710183279999999
2,252417776
2,577495606
2,3974543740000005
6,740351636
5,430625978
1,547460334
0,0032685899999999996
0,0
0,0
0,0
0,0
0,0
0,0
0,0
0,0
0,423752856
5,496538722
7,146182792
8,009135416
8,498255732
6,437920385999999
5,8983007899999995
8,83965598
8,523353464
8,857862942000002
5,06134426
4,978017027999999
2,7487698720000004
0,9415630879999999
0,196580964
0,00329411
0,0
0,0
0,0
0,0
0,0
0,0
0,0
0,0
0,23767823599999996
0,757058678
1,796149102
4,130053557999999
3,01691749
2,706432922
3,23769527
4,725993834
6,662004146
3,5613243900000002
3,0684158939999997
2,8362091019999998
1,9149128039999999
0,8791345400000001
0,21117388599999998
0,0015251000000000002
0,0
0,0
0,0
0,0
0,0
0,0
0,0
0,0
0,5280222
5,238875234000001
7,023881093999999
7,726882616
8,321841634
5,177186378
8,476251936
4,972177534
8,447450371999999
8,893774182
8,583439852000001
1,5409175219999998
3,0037220919999994
1,6383180940000002
0,695319918
0,00338402
0,0
0,0
0,0
0,0
0,0
0,0
0,0
0,0
0,29550616
3,235675308
5,864980977999999
7,420184138
8,459023128
8,93951244
7,825596161999999
4,972110379999999
2,9392427480000007
2,989000586
2,3904338920000003
1,1237505060000001
0,9320565600000001
0,30647736600000003
0,507212218
0,005900119999999999
0,0
0,0
0,0
0,0
0,0
0,0
0,0
0,0
0,5698019280000001
4,601463806
1,912513548
3,624521750000001
6,085805768
4,801720242
4,573820294
3,8422513560000002
3,167207376
3,5135337239999993
4,297296558
0,8593219239999998
1,884216956
0,638337026
0,039662750000000004
0,000328
0,0
0,0
0,0
0,0
0,0
0,0
0,0
0,0
0,042253008
0,4458765
0,5010116219999999
2,4535414080000004
3,750187388
5,59965251
7,971193511999999
6,068055451999999
6,18038164
8,008528948
3,1111128580000003
2,134950758
3,92950823
0,9863976080000001
0,34387284
0,00219153
0,0
0,0
0,0
0,0
0,0
0,0
0,0
0,0
0,292251958
1,9757628759999997
6,0165642340000005
4,249430128000001
8,0381903
6,813328574
8,542117116
8,92862417
8,639127732
8,858800839999999
8,409774974
7,804413211999999
6,629363129999999
4,207694546
0,698530838
0,00574488
0,0
0,0
0,0
0,0
0,0
0,0
0,0
0,0
0,401447322
4,723222966
6,712635222
7,590934274
8,220741756
8,749338705999998
9,01514915
9,077165443999998
8,984726038000002
8,811826196
8,364433159999999
7,781481800000001
6,442432966
4,282687184
0,8720036980000001
0,005025819999999999
0,0
0,0
0,0
0,0
0,0
0,0
0,0
0,0
0,5241300919999998
3,57568899
6,12652048
7,480930716
8,144438972000001
8,599365873999998
8,763627708
8,817949120000003
8,785538844
8,555544544
8,205667956
7,441153453999999
6,192088598
1,07039335
0,6307783180000001
0,00521583
0,0
0,0
0,0
0,0
0,0
0,0
0,0
0,0
0,481646412
4,142304192
6,1500021180000015
7,45605009
8,05411079
8,497774028
8,760649034
8,870435307999998
8,769035213999999
8,519944096
8,142009714
7,394117952
6,172384136000001
4,184116938
1,08267627
0,0054066900000000005
0,0
0,0
0,0
0,0
0,0
0,0
0,0
0,0
0,381369354
4,960375784
6,769584214
7,358772761999999
7,8650563899999995
8,488456764
8,944330820000001
8,997964022000001
8,909808761999999
8,680572076000002
8,28645822
7,724260064000001
6,341513174
4,704116070000001
1,540457872
0,0052064699999999995
0,0
0,0
0,0
0,0
0,0
0,0
0,0
0,0
0,5664029819999999
2,562841260000001
6,438748198
7,47683137
8,206825538
8,650596768
8,971599182
8,997570873999999
8,975821737999999
8,750776194
8,355818897999999
7,376250178
6,232676897999999
3,832524044000001
1,1561224020000003
0,00649362
0,0
0,0
0,0
0,0
0,0
0,0
0,0
0,0
0,45315335599999995
4,3111776420000005
6,2454850980000005
7,307945833999999
8,040233882
8,479954853999999
8,709849004
8,774325332
8,764482061999999
8,407715107999998
7,932812449999999
7,2107348899999995
6,003127092000001
3,927248694
0,9970972760000001
0,00616658
0,0
0,0
0,0
0,0
0,0
0,0
0,0
0,0
0,42664751200000006
4,093253754
6,086612514000001
7,307317306
8,083798790000001
8,512983918
8,770678402
8,854490126
8,818556147999997
8,681703884000001
8,297127554000001
7,575249088000001
6,580273645999999
4,52240276
1,2199505060000002
0,006263830000000001
0,0
0,0
0,0
0,0
0,0
0,0
0,0
0,0
0,51084527
5,084551994000001
6,660323352000001
7,7272559759999995
8,298820566
8,684004380000001
8,971016164
9,032828312000001
8,835364069999999
8,632860756
8,270615022
7,618529767999999
6,591929582000001
4,774640634000001
1,211917536
0,005222479999999999
0,0
0,0
0,0
0,0
0,0
0,0
0,0
0,0
0,7393756599999999
4,814920325999999
6,6177435860000005
7,494412734
8,19227276
8,620099446
8,645122618000002
9,082986321999998
8,898804354
8,609448755999999
7,592179964
7,647305821999999
6,0951080719999995
3,8200859780000003
1,251923676
0,00782345
0,0
0,0
0,0
0,0
0,0
0,0
0,0
0,0
0,441484708
4,100210482
6,156410127999999
7,281206256000002
8,014131096
8,410534028
8,693129353999998
8,878832860000001
8,821522904
8,272863374
8,385907064000001
7,928471739999999
2,2058887899999995
1,097099982
0,0
0,0
0,0
0,0
0,0
0,0
0,0
0,0
0,0
0,0
0,543424562
2,5975480859999998
6,436099248
6,887442739999999
8,011316271999998
8,483486284000001
8,501152252
7,643681066
8,188163086
8,639781458000002
8,697394860000003
7,146975790000002
1,168663562
0,8887040799999999
0,50119066
0,007020940000000001
0,0
0,0
0,0
0,0
0,0
0,0
0,0
0,0
0,6935032299999999
2,4410639620000003
2,93784148
7,414426584
8,193810496
7,424973597999999
9,07070144
8,971928386000002
8,982802022
7,495264586
0,99563029
0,772101226
1,244541972
1,5226354839999998
0,5350927
0,01058943
0,0
0,0
0,0
0,0
0,0
0,0
0,0
0,0
0,6483464
4,218919809999999
6,423056344
7,600044614000001
8,415191154
8,636107461999998
8,786714826
8,987716768
8,955654699999998
8,666157242
8,48650288
7,964687339999999
7,0710249439999995
5,314125262
1,8584338999999999
0,00570327
0,0
0,0
0,0
0,0
0,0
0,0
0,0
0,0
0,35208741200000004
5,067734701999999
6,713891656
7,609054062
8,17207717
8,627968222000002
8,859608216
8,940090466
8,943044988
8,81913179
8,563627059999998
8,475725869999998
7,0404274020000015
5,070262038
2,046105378
0,006431460000000001
0,0
0,0
0,0
0,0
0,0
0,0
0,0
0,0
0,30481712000000005
5,138748766000001
6,7013594560000005
7,621817016
8,230139808
8,691847874000002
8,863288706
8,976788725999997
8,814673802
8,747115524000002
8,400718202
7,893786048000001
6,844777276
5,06257114
0,990441284
0,0072931
0,0
0,0
0,0
0,0
0,0
0,0
0,0
0,0
0,37181123000000005
4,799606966000001
5,242854204
6,8885658119999995
7,676672217999999
6,3731176619999985
5,031925095999999
6,730702268
7,316736789999999
5,874862038000001
5,1483619360000015
6,673261684
6,2539368080000015
4,226246943999999
1,2034569960000001
0,00544874
0,0
0,0
0,0
0,0
0,0
0,0
0,0
0,0
0,33820498399999993
4,459878699999999
6,333637132
7,430094072000001
7,865098076000001
6,410381549999999
5,3741824199999995
6,430290606000001
5,514249636
7,032535612
6,935318784
6,386126208
5,166828295999999
5,101463079999999
0,49726799600000005
0,00457305
0,0
0,0
0,0
0,0
0,0
0,0
0,0
0,0
0,29075851399999997
0,6963176780000001
5,533218927999999
5,02283305
7,870213637999999
8,626384015999998
8,782002656
8,718986988000001
6,953156248
1,7154275659999998
3,6853218780000003
3,126352636
1,7919689740000002
4,956051738
0,6180530739999999
0,0031600499999999998
0,0
0,0
0,0
0,0
0,0
0,0
0,0
0,0
0,882947236
4,683902946
6,303847808
7,568979168
8,220922588
8,781027210000001
9,001467328
9,13437527
8,931576806000002
8,885046283999998
6,1419470160000005
7,648500613999999
7,057662614000002
4,423095677999998
1,5857039619999997
0,0072350700000000006
0,0
0,0
0,0
0,0
0,0
0,0
0,0
0,0
0,24876766400000003
5,720272522
6,834748424000001
7,725772998
8,221085119999998
8,67774126
8,896214764000002
9,220189828
8,347771138
4,784260864
5,772095333999999
7,538584954
6,499472452
4,736899918000001
1,662072804
0,00653144
0,0
0,0
0,0
0,0
0,0
0,0
0,0
0,0
0,26299640199999996
5,324011828000001
6,770890056
7,701885538
8,267082328
8,561121378
8,877055604
9,01238204
8,935708798
8,633468856
8,219112256
7,796270269999999
6,720141100000001
4,696600362
1,6915838760000004
0,0046182
0,0
0,0
0,0
0,0
0,0
0,0
0,0
0,0
0,105920334
2,340064848
3,07059414
5,82740936
7,706788291999998
6,805531834
9,139117124000002
9,120037166
8,943416906
8,68360077
8,098788416
7,987418176
7,223778888000001
5,677787334
2,362211652
0,00596326
0,0
0,0
0,0
0,0
0,0
0,0
0,0
0,0
0,26689616200000005
5,3587538420000005
7,019059406
7,877564034
8,513857402000001
8,992688140000002
9,162522668
9,242991528
9,198878298000002
9,040488934
8,665681527999997
8,113068862
7,34693026
5,773621037999999
2,3779004459999995
0,00612768
0,0
0,0
0,0
0,0
0,0
0,0
0,0
0,0
0,24605407199999998
5,455309828000001
6,868933065999999
7,7632233280000005
8,364503772
8,745411227999998
8,931908684000001
8,945449365999998
8,840148248
8,646266463999998
8,394498254000002
7,860489143999999
6,879892128000001
5,039346836
1,839470824
0,00658865
0,0
0,0
0,0
0,0
0,0
0,0
0,0
0,0
0,31991733000000006
4,404916171999999
6,236140198
7,366686786
8,072278826
8,445510888
8,778009948
8,878443134
8,787307298
8,619580624000001
8,229277928
7,564187174
6,56920899
4,850273542
1,342113926
0,0061385699999999994
0,0
0,0
0,0
0,0
0,0
0,0
0,0
0,0
0,31798958400000005
4,469848702
6,323919300000001
7,334827335999999
8,095825042
8,528126153999999
8,764171492
8,861639678
8,810074572
8,668703318000002
8,313505918
7,739074932
6,688017009999999
5,0415567979999985
1,7273068959999998
0,00589772
0,0
0,0
0,0
0,0
0,0
0,0
0,0
0,0
0,283740414
4,50569592
6,277631504
7,405319476
8,167699728
8,465045554
8,580664331999998
8,812687496
8,781148454
8,571009654
8,233023904
7,683318111999999
6,373599968
4,675653186000001
1,2991790600000002
0,0061378000000000005
0,0
0,0
0,0
0,0
0,0
0,0
0,0
0,0
0,24817610399999998
3,67081341
5,921331696
6,97204596
7,814614939999999
8,333647053999998
8,621399378
8,33740841
8,563054005999998
8,432769886
7,85569968
7,451053886
3,4160720700000002
4,515256972000001
0,7588890640000001
0,00296948
0,0
0,0
0,0
0,0
0,0
0,0
0,0
0,0
0,25258192
4,144609574
5,616735938
7,281962438
8,046182408
8,478152856000001
8,865432623999999
8,886216319999997
8,88741582
8,659905265999999
8,328837342
7,660631442000001
6,52583185
3,2703846620000006
0,777402626
0,009475279999999999
0,0
0,0
0,0
0,0
0,0
0,0
0,0
0,0
0,21206506800000002
4,344336065999999
6,046665445999999
7,300257395999999
7,94442541
8,40680622
8,743915732
8,93276125
8,920183247999999
8,757393128
8,422171092
7,868270910000001
6,87044536
5,1130057540000005
1,9051663859999999
0,0067380800000000005
0,0
0,0
0,0
0,0
0,0
0,0
0,0
0,0
0,140874468
3,526659176
5,820770260000001
7,058885458
7,884316136000001
8,382049266
8,660374696000002
8,441133576
8,750737286000001
8,211049378
7,572634604000001
3,0965356980000003
5,5586768599999985
4,391212519999999
0,228733544
0,00214785
0,0
0,0
0,0
0,0
0,0
0,0
0,0
0,0
0,01048848
0,26681325000000006
0,47951259999999996
0,7165057699999999
0,88317178
1,03337889
1,13900351
1,17960766
1,17798847
7,913346133999999
6,990516749999999
7,7863577379999995
6,956351102
5,357352139999999
0,733162466
0,00494394
0,0
0,0
0,0
0,0
0,0
0,0
0,0
0,0
0,009914509999999998
0,10147292999999999
0,34111917
0,43721273000000005
4,678382444
6,770438552000001
5,501526424
6,415218094
8,584604179999998
4,356648478
3,9193394440000002
1,45417265
3,412206068
4,5314881940000005
0,194773352
0,00253874
0,0
0,0
0,0
0,0
0,0
0,0
0,0
0,0
0,1049869
3,4923058399999993
0,88564128
4,691535706000001
3,8205138100000005
0,83102877
2,901920966
5,407093812000001
6,567963774
4,827058598
5,121835922
4,289164076
4,340871775999999
1,486749298
1,6602673419999996
0,010914824
0,0
0,0
0,0
0,0
0,0
0,0
0,0
0,0
0,14820051400000003
5,276166246
7,069513204000001
8,020454622
8,699688674
9,049132182
9,249919718000001
9,301373798000002
9,249315227999999
8,95989334
8,576344426
6,770884049999999
3,589979564
4,863504335999999
1,0670828639999999
0,00591087
0,0
0,0
0,0
0,0
0,0
0,0
0,0
0,0
0,155550992
4,702487718
6,591015897999999
7,616991838
8,186354824
4,913027000000001
6,693057736000001
8,834313084000001
5,377868712
6,308984258000001
5,699874692
5,179772743999999
6,580238814
4,372597332
1,503737596
0,00614944
0,0
0,0
0,0
0,0
0,0
0,0
0,0
0,0
0,242876566
3,9959524859999997
6,265265296
7,436601779999999
5,838533798
4,8380985579999995
4,097629252
2,7816777779999997
2,5943650700000003
4,79572094
4,766016684
1,827392466
2,1008311120000003
1,383786278
0,13310483799999998
0,0037827100000000003
0,0
0,0
0,0
0,0
0,0
0,0
0,0
0,0
0,21334947599999998
4,009605478
6,363763501999999
7,500673552000001
7,381163764
3,8188190599999996
7,004613415999999
8,890499334
6,399246806
8,71942934
8,40914898
8,085592627999999
7,273099198
5,491956994
2,1904623780000003
0,00470281
0,0
0,0
0,0
0,0
0,0
0,0
0,0
0,0
0,182695952
2,7448674619999998
6,4638982
7,765729930000001
8,460037142000001
7,5598683399999995
8,856808842
8,465361719999999
8,670192694
7,061979430000001
3,390038594
5,154683852
1,5731999719999996
0,936118672
0,193880376
0,0047326600000000005
0,0
0,0
0,0
0,0
0,0
0,0
0,0
0,0
0,27015262799999995
2,2561819640000005
6,07734981
4,5614993780000015
4,894757224
6,372992750000002
7,777996143999999
8,249794536
8,742797908
7,415986181999999
7,138899302
5,904463426
7,3464438340000005
5,452512422
1,663774754
0,005076280000000001
0,0
0,0
0,0
0,0
0,0
0,0
0,0
0,0
0,14367669800000005
4,753995558
6,676918712000001
7,668067085999999
8,336236566
8,855623137999997
8,93483226
9,124434350000001
9,153399132
8,912286423999998
8,578143461999998
8,067071343999999
5,697726990000001
3,555319908
0,9388630299999999
0,00504628
0,0
0,0
0,0
0,0
0,0
0,0
0,0
0,0
0,16759218800000003
3,0776059460000007
6,345539465999999
6,975911228
8,053268674000002
8,521036361999998
8,785962814000001
8,801644723999999
9,074723154
8,839500794
8,411705298
7,824263032
5,6373592
4,292287094
0,6519993659999999
0,0
0,0
0,0
0,0
0,0
0,0
0,0
0,0
0,0
0,14984145000000001
4,01141133
6,087320026
7,10948412
8,065165216
8,482274527999998
8,86672062
8,957308118
8,964608474
5,882046906
4,594166118000001
3,745254602
1,5772891459999998
4,354835882000001
1,59283345
0,00504354
0,0
0,0
0,0
0,0
0,0
0,0
0,0
0,0
0,15332131400000004
4,1845512959999995
6,261431557999999
7,374538143999999
8,124836696
8,56154256
7,833586462
8,924422265999999
8,936408144000001
8,703852308
8,283656386
7,863617166
6,891462064000001
5,215027337999999
1,3509854520000002
0,0038913700000000003
0,0
0,0
0,0
0,0
0,0
0,0
0,0
0,0
0,12186034800000002
4,266414392000001
6,280217996
7,351497364
8,161437126
8,540512084
8,856029914
8,932049661999999
8,886887142
8,314329608000001
8,284724195999999
7,792558565999999
6,460799696000001
5,187567230000001
0,8714740640000002
0,00201904
0,0
0,0
0,0
0,0
0,0
0,0
0,0
0,0
0,124075366
3,2936840939999996
5,595041252
6,847291670000001
7,758986994000001
8,281185290000002
5,296160869999999
4,441643992
8,609053678
6,514153218
7,38116053
0,932056454
0,9785002179999999
1,0337870420000002
0,39466251
0,0032648900000000003
0,0
0,0
0,0
0,0
0,0
0,0
0,0
0,0
0,08422052
4,435811683999999
6,538177414
7,722620272000001
8,385988878000003
8,818210762
9,08295038
9,124455654
8,957547162
8,708566198
8,50342266
7,870388782
6,9429940839999995
5,047169
1,27116935
0,00389762
0,0
0,0
0,0
0,0
0,0
0,0
0,0
0,0
0,08764409999999999
4,396117676
6,146177011999999
4,132474537999999
8,21109365
8,400083272
3,7134713799999997
7,017388371999999
6,008050428000001
4,085066106
8,61533136
7,034887896
6,77773958
4,781844948
1,32856061
0,0032815500000000003
0,0
0,0
0,0
0,0
0,0
0,0
0,0
0,0
0,08908225
4,695080468
6,803070936
7,7710907319999984
8,420171534
8,845404826000001
9,045025815999999
9,11001604
8,939271880000002
8,543459851999998
8,453783598
7,877706740000001
6,912426425999999
4,91905063
1,1625679979999997
0,0031794200000000005
0,0
0,0
0,0
0,0
0,0
0,0
0,0
0,0
0,082811826
4,011993558
6,113664779999999
6,705102176
7,904488563999999
8,459792146
8,730959121999998
8,78141886
8,668625736000001
8,651715094000002
8,296204550000002
7,41259747
5,706520178
3,970343838
0,8107585439999999
0,00280728
0,0
0,0
0,0
0,0
0,0
0,0
0,0
0,0
0,07736353600000001
3,4275026659999996
5,863976846
7,136209010000001
7,921670816
8,298070518000001
8,421562752
8,95613248
9,042367208
8,781426976
8,387213483999998
7,625446264
5,495270359999999
3,133221072
0,5650821960000001
0,00326824
0,0
0,0
0,0
0,0
0,0
0,0
0,0
0,0
0,0
0,438452116
4,165583692
3,8000556640000003
2,3089188259999998
0,21797755000000002
0,15266668000000003
0,21502969000000002
0,11409706
0,03663679
0,02223433
0,06385334999999999
0,14625797
0,060737809999999996
0,13014707
0,00092748
0,0
0,0
0,0
0,0
0,0
0,0
0,0
0,0
0,00054918
0,16680122600000002
3,703119122
1,6558172
2,3458253140000003
5,741238484
3,475988416
2,8161020219999995
3,5862616800000002
4,1652414879999995
5,116353932
7,156094842000001
3,2382763179999996
3,3596395839999995
0,613585014
0,00169967
0,0
0,0
0,0
0,0
0,0
0,0
0,0
0,0
0,046212108
3,2266217779999997
6,034487966
7,345248391999999
8,031843986
8,510090993999999
8,051595612
8,933236400000002
7,258694406
8,812048358
5,674215948
7,650478769999999
6,145809056
4,2135292159999995
0,819466726
0,0031333900000000002
0,0
0,0
0,0
0,0
0,0
0,0
0,0
0,0
0,033623384000000006
3,409851228
5,822715258
7,179735726
8,057503670000001
8,572489934
8,795607718000001
8,94523363
8,803910872000003
8,589169887999999
8,236482612
7,482929634
6,104092476
3,831837516
0,49264409
0,00181011
0,0
0,0
0,0
0,0
0,0
0,0
0,0
0,0
0,043784828000000005
2,970231638
5,572123018
7,011201136
7,889222334
8,463956238000002
8,658315148000002
8,823742360000002
8,884266167999998
8,73456515
8,418702088
7,829197144
6,830965957999999
4,660537761999999
0,731843732
0,0026373599999999996
0,0
0,0
0,0
0,0
0,0
0,0
0,0
0,0
0,038284448
2,853899452
5,5092605059999995
6,918386674000001
7,835102416
8,337865818
8,84148206
7,634823596000001
6,273651426000002
4,067951072
7,943700248
7,434197812000001
6,174332558
3,599608782
0,39505956600000003
0,00122916
0,0
0,0
0,0
0,0
0,0
0,0
0,0
0,0
0,014439804
2,4340783399999997
5,917234551999999
7,2531543119999995
7,6926652220000005
8,494940935999999
5,647793008000001
5,340469488
5,392350875999998
8,787424441999999
3,64407329
7,890383898
6,799362366
4,6650571119999995
0,827348346
0,00230968
0,0
0,0
0,0
0,0
0,0
0,0
0,0
0,0
0,039314423999999994
3,773880346
6,278460198
7,4901327979999985
8,249457410000002
8,710364396000001
9,12311052
8,54230228
8,41617141
9,014450266
8,55188047
8,130259535999999
6,934671274
4,318464863999999
0,615989744
0,00155465
0,0
0,0
0,0
0,0
0,0
0,0
0,0
0,0
0,028158452
3,9469897460000003
6,5430399360000004
7,728383928
8,463904371999998
8,890784281999998
8,998745990000002
8,931081540000003
7,696648429999999
5,752652381999999
8,495264574
7,819633591999999
6,755902722000001
4,299944001999999
0,673087488
0,0013601599999999998
0,0
0,0
0,0
0,0
0,0
0,0
0,0
0,0
0,021574399999999997
3,808164268
6,321103398
7,409679529999999
8,205721105999999
8,607894259999998
8,885905908
8,942214547999997
8,884489773999999
8,697606424
8,370308454
7,742741285999999
6,60050019
4,187511826
0,5055796260000001
0,0009657299999999999
0,0
0,0
0,0
0,0
0,0
0,0
0,0
0,0
0,016269232
2,912113336
5,686264712
7,105360214
7,79536605
8,546070647999999
8,66581041
8,75751776
8,884672834
8,621805598000002
8,233661602
7,431259966
6,171819263999999
3,186330698000001
0,3927294099999999
0,00153695
0,0
0,0
0,0
0,0
0,0
0,0
0,0
0,0
0,012556615999999998
2,5541314579999996
5,751245302
7,060812683999999
8,055597407999999
8,518079602
8,732765112000001
8,726886793999999
8,827540414
5,110745756
6,934175358
4,385950686
2,4278529680000003
0,562403096
0,017203813999999998
3,4e-05
0,0
0,0
0,0
0,0
0,0
0,0
0,0
0,0
0,0
3,0375777939999997
5,717501899999999
7,163511799999998
8,038973755999999
8,480822543999999
8,738740601999998
8,803186776
8,772403892
8,590777794
8,194127232000001
7,528854779999999
6,2774423299999995
3,636341688
0,28426683
0,00083384
0,0
0,0
0,0
0,0
0,0
0,0
0,0
0,0
0,0
2,7756535680000005
5,594569401999999
7,047355813999999
7,926645884000001
8,440925113999999
8,694617982
8,859167897999999
8,802507627999999
8,608642159999999
8,133835476
7,458264398000001
6,3411858940000005
3,6436923359999995
0,335719176
0,0006954900000000001
0,0
0,0
0,0
0,0
0,0
0,0
0,0
0,0
0,0
3,033749606
5,733556498
7,018580786
7,946652404
8,444449554
8,676087588
8,711379175999998
8,645143619999999
8,47445297
7,881837652
7,077222334
5,611446787999999
2,89322001
0,18091250200000003
0,00043738
0,0
0,0
0,0
0,0
0,0
0,0
0,0
0,0
0,0
2,8035543780000003
5,563576068
6,968244509999999
7,7764339179999995
8,284388984
8,60929613
8,748034086
8,598929234
8,288817252000001
7,908142456000001
7,038786942000001
5,6811869559999995
3,051210298
0,17139532400000002
0,00017484
0,0
0,0
0,0
0,0
0,0
0,0
0,0
0,0
0,0
2,5758258800000005
5,443884154
6,953091294
7,7976114579999996
8,218304820000002
8,620016972
8,679143218
8,601286492
8,311160566
7,962872934000001
7,208139356
5,864463110000001
1,7660632719999998
0,069890764
0,0
0,0
0,0
0,0
0,0
0,0
0,0
0,0
0,0
0,0
2,2976405379999996
2,481323520000001
5,652228151999999
2,189903592
0,449486876
1,74866502
1,536048112
1,406269116
2,4292116659999996
6,881800904
7,450935359999999
6,372806847999999
3,5189779879999996
0,07300121000000001
2,44e-06
0,0
0,0
0,0
0,0
0,0
0,0
0,0
0,0
0,0
2,7372634019999995
6,200573513999999
7,662268526000001
8,404066473999999
8,895594656000002
9,123875306
9,181563538
8,284762396
8,681696191999999
8,720191125999998
8,205087052000001
6,8466856279999995
3,8669842739999996
0,182661966
8,721e-05
0,0
0,0
0,0
0,0
0,0
0,0
0,0
0,0
0,0
2,7764738379999994
6,001865876000001
7,550077460000001
8,354956424
8,834096434000001
9,047484717999998
9,1255571
9,072007628000001
8,859400609999996
7,9297069339999995
7,798064222
6,422519501999999
3,402428862
0,19842179399999996
4,844e-05
0,0
0,0
0,0
0,0
0,0
0,0
0,0
0,0
0,0
3,014612228
6,074690452
7,522594346
8,235788474
8,771257402
9,061201334000001
8,941213123999999
6,8744724
8,781604269999999
8,336572318
7,779546528
6,581369251999999
2,495398818
0,083101442
0,0
0,0
0,0
0,0
0,0
0,0
0,0
0,0
0,0
0,0
3,19506799
6,1463608480000005
7,42409036
8,190946506000001
8,665318252
8,91328434
9,032188946
8,92023704
8,777142566
8,27933592
7,73317267
6,5199175720000015
3,65464395
0,072441852
0,0
0,0
0,0
0,0
0,0
0,0
0,0
0,0
0,0
0,0
2,940662886
5,782270763999999
7,353328134000001
8,123687202000001
8,583916802000001
8,840129475999998
8,930191870000002
8,907832512
8,753078742
8,337789692
7,471594152000001
5,662702744
3,18208702
0,08963579
0,0
0,0
0,0
0,0
0,0
0,0
0,0
0,0
0,0
0,0
2,689982156
5,792684018
7,1666374919999996
8,057612964
8,507783066
8,785682154
8,920466313999999
8,888639336
8,73781644
8,266316874
7,522589562
6,193207523999999
3,058963552
0,03244897
0,0
0,0
0,0
0,0
0,0
0,0
0,0
0,0
0,0
0,0
2,408136856
5,65954199
7,065355909999999
7,901367179999999
8,373427252
8,719940892
8,80999093
8,79243288
8,55518921
7,682658758
6,955192514
2,8016676059999996
1,211334144
0,01982693
0,0
0,0
0,0
0,0
0,0
0,0
0,0
0,0
0,0
0,0
2,1647558380000005
5,643763998
7,053965758
8,067755720000001
8,476211697999998
8,759499828000001
8,8692396
8,812579952
8,563188444
8,074528676
7,086727542
5,559446263999999
2,216174156
0,011982562
0,0
0,0
0,0
0,0
0,0
0,0
0,0
0,0
0,0
0,0
0,6094866780000001
5,150646496
5,946735716
7,257645483999999
8,33436688
8,635801901999999
8,971164839999998
8,668125797999998
4,033795662
7,533511789999999
6,520601846
3,4396700519999994
0,535057522
0,00588667
0,0
0,0
0,0
0,0
0,0
0,0
0,0
0,0
0,0
0,0
0,41342131
4,269474399999999
1,4554180119999998
1,9785675139999999
2,4143759119999997
3,52152761
7,504280788
8,612946224000002
8,33001696
7,817296346000001
6,853660593999999
4,830786596
1,5848661119999998
0,00873886
0,0
0,0
0,0
0,0
0,0
0,0
0,0
0,0
0,0
0,0
0,5884244820000001
4,022345906000001
5,691033876
6,911042439999999
8,01435248
8,483150332
7,793758844
8,892072432
6,400887468
3,0122893619999997
4,942097521999999
3,7850745839999993
1,5464935300000002
0,00791782
0,0
0,0
0,0
0,0
0,0
0,0
0,0
0,0
0,0
0,0
0,6815077319999999
4,7430716959999994
6,540938532
7,654259262000002
8,382265118000001
8,654032732000001
8,349942354000001
8,62444248
8,506615437999999
7,675762413999999
7,179696562
4,809979877999999
1,37803186
0,00969812
0,0
0,0
0,0
0,0
0,0
0,0
0,0
0,0
0,0
0,0
0,7346455199999999
4,962345206
6,709312446
7,671615516
8,400554688
8,600963712
4,415995122
8,295496907999999
8,484548122
7,989136952
7,04127526
3,8782388279999997
1,8009043839999996
0,009743650000000001
0,0
0,0
0,0
0,0
0,0
0,0
0,0
0,0
0,0
0,0
1,0470928000000002
5,140353375999998
7,443940566
8,645293582000003
9,149415653999998
9,45595218
9,691396495999998
9,803698142
9,396403554
8,677925814000002
7,505577508
5,894725991999999
1,819033084
0,008586580000000002
0,0
0,0
0,0
0,0
0,0
0,0
0,0
0,0
0,0
0,0
0,640750906
4,849537162000001
7,184496299999999
8,232341412
9,086900702
9,493733763999998
9,579944398
9,52697325
9,237897704
8,555481664
7,597383988
5,546515178
1,1265250319999998
0,00599488
0,0
0,0
0,0
0,0
0,0
0,0
0,0
0,0
0,0
0,0
0,330295562
4,325014093999999
3,3082836519999996
4,0559890439999995
5,157679182
7,129940767999999
5,717688931999999
9,72513944
4,293863186
5,2427318519999995
6,945260812
6,1851571739999995
0,934927314
0,00584065
0,0
0,0
0,0
0,0
0,0
0,0
0,0
0,0
0,0
0,0
0,995839774
5,4765836000000006
7,482072356
8,670576938000002
9,246124846
9,55774417
9,912356338
5,593310194000001
9,268826587999998
6,293177926
1,2600852660000001
0,753222032
0,27875868800000003
0,0025278199999999996
0,0
0,0
0,0
0,0
0,0
0,0
0,0
0,0
0,0
0,0
0,3787501519999999
4,774049757999999
7,0279240320000005
8,013789329999998
8,991026294
9,419754362
9,467370800000003
8,831549434
8,681124326
6,806432754
7,6892423800000005
5,4719894259999995
1,206094694
0,00650292
0,0
0,0
0,0
0,0
0,0
0,0
0,0
0,0
0,0
0,0
0,40896627199999996
4,642545837999999
6,745059564
5,948161456
9,014373692
7,982155378000001
9,889309978000002
9,156547189999998
9,367230558
8,272085689999999
6,63458568
4,880243022
0,905948134
0,00475495
0,0
0,0
0,0
0,0
0,0
0,0
0,0
0,0
0,0
0,0
0,041041152000000004
0,19465385600000001
0,657806288
1,387852302
1,6293032740000002
1,9145241220000002
2,0597869479999997
3,5149837800000006
2,880887386
3,0269352560000002
1,644572956
1,03449961
0,25603387400000005
0,00022875
0,0
0,0
0,0
0,0
0,0
0,0
0,0
0,0
0,0
0,0
0,27066603799999994
1,367677194
4,2960451299999995
6,165855782
9,859009746
9,857030324
9,913472122
9,565370882000002
9,32676301
8,813727290000003
7,7085406999999995
5,322492378
1,015206892
0,0049584
0,0
0,0
0,0
0,0
0,0
0,0
0,0
0,0
0,0
0,0
0,416889674
5,113754826
7,30796022
8,530567507999999
9,221431209999999
9,585151822
9,712711842
9,588688102000004
9,331448544
8,799652768
7,4852753980000015
5,245091846
0,8080581139999999
0,0037618200000000004
0,0
0,0
0,0
0,0
0,0
0,0
0,0
0,0
0,0
0,0
0,25618563
1,294867266
3,1676695139999995
5,012714816
7,988331094
8,532297743999997
3,0532710599999997
7,4262311080000005
8,373166307999998
7,562491958
6,788949644
1,22922604
0,15198954600000003
0,00013115
0,0
0,0
0,0
0,0
0,0
0,0
0,0
0,0
0,0
0,0
0,042726520000000004
0,078602136
1,111849702
8,774482579999999
7,409919852
5,72878118
4,920554688
0,458170974
1,4228289399999998
9,061080974000001
1,630222612
1,7691003519999997
0,939436336
0,0063355
0,0
0,0
0,0
0,0
0,0
0,0
0,0
0,0
0,0
0,0
0,10999857199999999
3,325970436
1,3788703359999999
8,712081576
9,365052436000001
9,191029542
7,683804173999998
7,487460362
1,4863130279999999
2,7727806100000003
7,854251575999999
3,592936972
1,00298735
0,00368185
0,0
0,0
0,0
0,0
0,0
0,0
0,0
0,0
0,0
0,0
0,14004518800000001
2,177903656
8,161528282
1,38588032
2,239568542
4,0019485360000004
4,287584108
0,60112305
4,990258158
8,367064566
6,672273479999999
5,156381814000001
0,868573304
0,00263618
0,0
0,0
0,0
0,0
0,0
0,0
0,0
0,0
0,0
0,0
0,49818519200000005
6,65242271
8,321894603999999
9,233550444
9,833526504000002
10,096698309999999
5,3222469499999985
9,373815618
9,723587754
9,00173636
8,270928092
5,685474100000001
0,51456115
0,0020150999999999997
0,0
0,0
0,0
0,0
0,0
0,0
0,0
0,0
0,0
0,0
0,12467935
4,5094310459999996
5,284172082000001
8,274618936000001
4,904344726000001
9,437097653999999
9,753986346
9,973335953999998
5,8834721860000005
3,7364742520000003
7,758018541999999
2,3388409980000002
0,45965089
0,0028302500000000003
0,0
0,0
0,0
0,0
0,0
0,0
0,0
0,0
0,0
0,0
0,168786126
2,172181896
6,880155678
7,797188586
9,683015571999999
10,098866113999998
10,09207435
8,165210524
6,7168925559999995
8,658830566
7,412277928000002
1,902557932
0,498143574
0,00172203
0,0
0,0
0,0
0,0
0,0
0,0
0,0
0,0
0,0
0,0
0,20507377999999998
4,62134541
7,590349314
9,103868330000001
9,694106942000003
10,000397481999999
10,108083258
10,009059558
8,387078986
9,087272209999998
8,045897084
5,345173527999999
0,818608538
0,00130332
0,0
0,0
0,0
0,0
0,0
0,0
0,0
0,0
0,0
0,0
0,188880844
6,12552258
8,334958896
9,240443809999999
9,812739578
10,087209882000003
10,14529964
9,939668769999999
9,5885953
9,130874356000001
8,18727902
5,695581024
0,714840238
0,0013394899999999998
0,0
0,0
0,0
0,0
0,0
0,0
0,0
0,0
0,0
0,0
0,21906984
5,241093748
7,809919662
8,892411951999998
9,520279688
9,839414993999998
9,92447263
9,799307178000003
9,462790484
8,925077848
7,663573272
4,992573885999999
0,33303110999999996
0,0005620699999999999
0,0
0,0
0,0
0,0
0,0
0,0
0,0
0,0
0,0
0,0
0,18331027600000002
5,415778824
7,733217940000001
8,798354905999998
9,425807116000001
9,780233454000001
9,137939218000001
8,697412736
6,7573666359999995
7,454995566000001
5,6347114099999995
4,9657239419999994
0,422301758
0,0011088200000000002
0,0
0,0
0,0
0,0
0,0
0,0
0,0
0,0
0,0
0,0
0,1250524
5,191720806
7,734292482
8,886295138000001
9,508883528000002
9,862851869999998
9,970096944
9,881250565999999
9,531473594000001
8,803666004
7,662795546
4,741660371999999
0,342462844
0,00050265
0,0
0,0
0,0
0,0
0,0
0,0
0,0
0,0
0,0
0,0
0,0
4,017595539999999
6,780984774
8,500325265999999
7,3155297059999995
5,959402736
8,459708766
9,302008898000002
3,3607775500000003
3,30437468
1,5560590599999997
1,8110306279999997
0,12223769799999999
0,00018056
0,0
0,0
0,0
0,0
0,0
0,0
0,0
0,0
0,0
0,0
0,08854087199999999
0,7770363320000001
1,5773355219999998
3,9321341480000007
1,896238514
2,417994464
1,200337416
1,3611312019999997
1,371697854
2,014091064
1,4043483520000002
0,5656883220000001
0,035262388
1,2e-05
0,0
0,0
0,0
0,0
0,0
0,0
0,0
0,0
0,0
0,0
0,097705308
5,610458946
8,442946472
9,60440631
9,113170946
9,230923888
9,515967646
10,256545416000002
10,037684182000001
9,400175743999998
8,3556684
4,989553830000001
0,27707523800000006
8,026e-05
0,0
0,0
0,0
0,0
0,0
0,0
0,0
0,0
0,0
0,0
0,09386121200000003
5,351634432
8,30260816
9,252945467999998
9,823265248
10,071243734
10,165602860000002
10,04539222
9,73193285
9,168812809999999
8,05042074
4,687979174
0,21898249
1,464e-05
0,0
0,0
0,0
0,0
0,0
0,0
0,0
0,0
0,0
0,0
0,09055185399999999
5,03300108
8,048169242
8,139898559999999
7,8792237919999994
8,702936104
9,711996776000001
9,575848231999998
8,886260179999999
4,658989374
1,434234746
0,426566
0,00745627
0,0
0,0
0,0
0,0
0,0
0,0
0,0
0,0
0,0
0,0
0,0
0,0
0,044170417999999996
0,40623046999999995
0,640187852
2,3391421500000003
1,73402091
3,49043256
4,63190346
6,766104694
8,46024234
7,0849157819999995
2,8046747099999996
0,020194028
0,0
0,0
0,0
0,0
0,0
0,0
0,0
0,0
0,0
0,0
0,0
0,0
3,778819422
7,409278756
6,55535268
8,248948636000001
7,264204248000001
9,589241514
8,082609329999999
9,182441874
8,06924092
6,144530008
1,6281476419999996
0,08942042199999997
0,0
0,0
0,0
0,0
0,0
0,0
0,0
0,0
0,0
0,0
0,0
0,039257956
0,706282504
7,771840193999999
8,778740904000001
9,595036301999999
5,890879532000001
8,987727106000001
9,48419847
8,245433122
3,9645290839999996
6,01704385
0,87054632
0,011835792
0,0
0,0
0,0
0,0
0,0
0,0
0,0
0,0
0,0
0,0
0,0
0,0
0,7273420060000001
1,3158997639999999
4,605473982
8,381409006000002
4,798616523999999
9,533644498
5,565736996
4,180323104000001
6,513979918
3,6213274660000003
2,8764339139999997
0,09011379800000002
0,0
0,0
0,0
0,0
0,0
0,0
0,0
0,0
0,0
0,0
0,0
0,026903879999999998
5,2656771020000015
8,074589694
9,05379138
9,685371843999999
9,968450616
9,992435903999999
9,890184591999999
9,520762635999997
8,919795062
7,625993564
3,7600301320000002
0,068202516
0,0
0,0
0,0
0,0
0,0
0,0
0,0
0,0
0,0
0,0
0,0
0,051291276
4,818838622
7,690370096
8,712616336000002
9,430384146000002
9,696533802
9,738494906
9,618199406
9,268384438
8,54245429
2,362960692
2,23637593
0,056290888000000004
0,0
0,0
0,0
0,0
0,0
0,0
0,0
0,0
0,0
0,0
0,0
0,031174452000000002
4,45000438
7,490595942
3,6056411539999997
7,201965282
9,810623158
10,028055169999998
9,800933985999999
9,431043002
8,782094896
5,377762056000001
1,364802894
0,014126699999999999
0,0
0,0
0,0
0,0
0,0
0,0
0,0
0,0
0,0
0,0
0,0
0,0
0,8290764639999999
4,897112264000001
8,32763724
7,0901866479999995
4,504110443999999
3,134505362
5,945671446
6,764372274
8,178956444
6,713023423999999
1,8567309079999998
0,011298830000000001
0,0
0,0
0,0
0,0
0,0
0,0
0,0
0,0
0,0
0,0
0,0
0,011361608
4,35460638
7,586926910000001
8,79010932
9,358933888000003
9,735356522000002
9,890171932000001
9,718817926000002
8,451449682
8,11553723
6,8802360479999995
2,3674411139999996
0,01291292
0,0
0,0
0,0
0,0
0,0
0,0
0,0
0,0
0,0
0,0
0,0
0,001513356
0,40332928599999995
1,37726374
2,533324034
6,098761596
4,299833056
3,707236742
5,434044106
9,221929010000002
7,315092150000001
2,58791322
0,882417416
0,005463999999999999
0,0
0,0
0,0
0,0
0,0
0,0
0,0
0,0
0,0
0,0
0,0
0,0
0,038393000000000004
0,02550005
0,14224156999999998
0,18525766000000002
0,22098953
0,30928512
0,14171909
0,15659447
0,13370743
0,11190718
0,053824819999999995
0,00280928
0,0
0,0
0,0
0,0
0,0
0,0
0,0
0,0
0,0
0,0
0,0
0,0
0,05796174999999999
0,41994156999999993
0,8013705999999999
0,9301917099999999
9,626573712
10,154732939999999
10,067155584
9,635021694
8,990471217999998
7,322072436
2,722972796
0,010922
0,0
0,0
0,0
0,0
0,0
0,0
0,0
0,0
0,0
0,0
0,0
0,0
0,5686090079999999
2,0340353419999997
3,50501936
3,307426554
5,714239033999999
5,487662524000001
5,771299346000001
1,6571456839999998
3,045016998
2,0566026539999998
2,1307675600000002
0,01035518
0,0
0,0
0,0
0,0
0,0
0,0
0,0
0,0
0,0
0,0
0,0
0,0
4,621541801999999
8,105979763999999
9,196197704
9,864970755999998
10,02310458
10,108407382000001
10,012118648
9,817321777999998
9,129422027999999
7,464974583999999
2,50348027
0,007631399999999999
0,0
0,0
0,0
0,0
0,0
0,0
0,0
0,0
0,0
0,0
0,0
0,0
1,222083906
4,354128779999999
8,922284436
9,009480544000002
8,29460834
8,991612771999998
8,495889772
3,806453614
3,5985872559999996
2,559342584
1,39720079
0,00724741
0,0
0,0
0,0
0,0
0,0
0,0
0,0
0,0
0,0
0,0
0,0
0,0
3,986052122
8,010631192
9,259226079999998
9,945576366
10,021150018000002
10,181748432000001
9,849153942000001
9,541718337999999
8,818211036
7,074691619999999
2,4353882319999998
0,00611424
0,0
0,0
0,0
0,0
0,0
0,0
0,0
0,0
0,0
0,0
0,0
0,0
4,301760434
7,90410547
9,028015552000001
9,576536686
9,906655564
9,982310728
9,785987050000001
8,256026654000001
8,5463887
6,6075701780000005
2,3585078619999997
0,00539408
0,0
0,0
0,0
0,0
0,0
0,0
0,0
0,0
0,0
0,0
0,0
0,0
1,338573392
4,124096376000001
3,2799047520000006
3,7299652219999997
1,4136343839999999
3,8213320499999996
6,19576852
6,699778178000001
4,710288081999999
1,747427528
0,605423902
0,00232227
0,0
0,0
0,0
0,0
0,0
0,0
0,0
0,0
0,0
0,0
0,0
0,0
3,5902142319999997
5,902648608000001
8,665850972
9,270494282000001
9,669612702
9,885888637999999
9,71868087
9,342726412
8,621760373999999
6,676275949999999
1,800624116
0,0045879300000000005
0,0
0,0
0,0
0,0
0,0
0,0
0,0
0,0
0,0
0,0
0,0
0,0
3,4750815979999996
7,52345144
8,812646376
9,426286228
9,7910366
9,882143864
9,739351597999999
9,34665534
8,661486202
6,611988385999999
1,779361766
0,004173220000000001
0,0
0,0
0,0
0,0
0,0
0,0
0,0
0,0
0,0
0,0
0,0
0,0
3,349015726
7,574791334
8,868916554
9,561087718000001
9,761700232
9,771940244
9,734455266
7,985416088
7,494870677999999
6,407987533999999
1,3269196280000002
0,00437413
0,0
0,0
0,0
0,0
0,0
0,0
0,0
0,0
0,0
0,0
0,0
0,0
3,2897317439999996
6,892359222
8,672835618
9,513858829999998
9,808856188000002
9,888690606000003
9,726364008000003
9,323031235999999
8,569006525999999
6,693241776
1,2354011499999997
0,0029717399999999996
0,0
0,0
0,0
0,0
0,0
0,0
0,0
0,0
0,0
0,0
0,0
0,0
2,9953656719999997
7,445326616000001
8,80495031
9,144370972
9,69461994
9,380185026000001
9,718186944
8,946543854000002
8,262305742
6,216717082000001
1,1091642199999998
0,0028356
0,0
0,0
0,0
0,0
0,0
0,0
0,0
0,0
0,0
0,0
0,0
0,0
0,29950004999999996
1,2523947960000004
2,612415468
5,644803666
2,8658987259999997
3,0549582379999998
6,808151004000001
8,482423396
7,104321834
3,9393227960000003
0,499552696
0,00311729
0,0
0,0
0,0
0,0
0,0
0,0
0,0
0,0
0,0
0,0
0,0
0,0
0,6879745400000001
6,4534224139999985
8,231689986
9,090980639999998
9,49521595
9,576769318
9,08247329
7,456544568
7,529093326
5,159456494
0,6175127199999999
0,00191918
0,0
0,0
0,0
0,0
0,0
0,0
0,0
0,0
0,0
0,0
0,0
0,0
0,40350701799999994
5,50130522
8,033836128
8,90977692
9,485884283999997
9,725538030000001
9,502389046000003
9,092315812000002
7,08309545
5,681009113999999
0,7634283659999999
0,00179643
0,0
0,0
0,0
0,0
0,0
0,0
0,0
0,0
0,0
0,0
0,0
0,0
1,683785958
6,097137077999999
8,17449596
8,903906842
9,510344216000002
9,600222211999998
9,427995769999999
8,889374522
7,783055036
4,908576624
0,6150107739999999
0,00143865
0,0
0,0
0,0
0,0
0,0
0,0
0,0
0,0
0,0
0,0
0,0
0,0
1,9895212159999998
6,3784366200000004
8,420520157999999
9,104763776
9,379010946000003
9,536728305999999
9,428088822
9,036291986
8,024255922
5,653447601999999
0,619207324
0,00189188
0,0
0,0
0,0
0,0
0,0
0,0
0,0
0,0
0,0
0,0
0,0
0,0
2,5691230540000003
7,143907988
8,75234098
9,440976228
9,755572270000002
9,782635390000001
9,622852274000003
9,195594882
8,23607314
5,464581827999999
0,7401411
0,00115074
0,0
0,0
0,0
0,0
0,0
0,0
0,0
0,0
0,0
0,0
0,0
0,0
1,702337426
7,3503537340000005
8,723709604
9,171951850000001
9,42428626
9,476944062
9,275857084
9,108891468000001
8,156929004
5,773738162000001
0,231453128
0,00016660000000000004
0,0
0,0
0,0
0,0
0,0
0,0
0,0
0,0
0,0
0,0
0,0
0,0
1,3462330420000004
6,856794925999999
8,604769960000002
9,283560336000003
9,609510382
9,658526566
9,411078038
8,983063384000001
7,977039247999999
5,3726781159999994
0,36302609599999996
0,0003833299999999999
0,0
0,0
0,0
0,0
0,0
0,0
0,0
0,0
0,0
0,0
0,0
0,0
1,25604355
6,749731430000001
8,545247814
9,324113962000002
9,581776618
9,649782444
9,429305976
8,994099897999998
7,826144378
5,350307372
0,1825863
0,00010499000000000001
0,0
0,0
0,0
0,0
0,0
0,0
0,0
0,0
0,0
0,0
0,0
0,0
0,03447898
0,48146651
8,816875490000001
9,453775812000002
9,786527636
9,8079329
9,624470062
9,150970439999998
8,159667778000001
5,2551960079999995
0,261493062
0,00023241
0,0
0,0
0,0
0,0
0,0
0,0
0,0
0,0
0,0
0,0
0,0
0,0
1,3742955939999997
6,452649774
8,302070136000001
9,08669732
9,545017832
9,588537581999999
9,36459136
8,852839690000001
7,581833679999999
4,597452228
0,17187482599999998
7,076e-05
0,0
0,0
0,0
0,0
0,0
0,0
0,0
0,0
0,0
0,0
0,0
1,003202084
6,705593662
8,490256196
9,222083004
9,596102476
9,566516682
9,351311888
9,000931739999999
7,858903820000001
4,814626589999999
0,25610801599999994
5,4900000000000006e-05
0,0
0,0
0,0
0,0
0,0
0,0
0,0
0,0
0,0
0,0
0,0
0,0
0,6474285120000001
6,301105798
8,369497938
9,253179218000003
9,575816602000003
9,613690571999998
9,471587143999999
9,114943
7,497014609999999
4,930415483999999
0,133014738
0,0
0,0
0,0
0,0
0,0
0,0
0,0
0,0
0,0
0,0
0,0
0,0
0,0
0,45829264200000003
6,293066706
8,251007276000001
8,962315016
9,316419575999998
9,454650906000001
9,161597566000003
8,037314253999998
7,089680022
3,582843702000001
0,052678996
0,0
0,0
0,0
0,0
0,0
0,0
0,0
0,0
0,0
0,0
0,0
0,0
0,0
0,0
4,716186974
7,262551672
8,385918334
9,006706098
9,293758001999999
7,3314916000000006
5,415028214
4,213419386000001
1,223519096
0,023023870000000002
0,0
0,0
0,0
0,0
0,0
0,0
0,0
0,0
0,0
0,0
0,0
0,0
0,0
0,21152579800000001
4,191804544000001
8,173221031999999
6,145177941999999
4,389461026
5,926258269999999
2,5037262960000004
3,5869011840000002
2,7409522260000005
0,816080642
0,02342884
0,0
0,0
0,0
0,0
0,0
0,0
0,0
0,0
0,0
0,0
0,0
0,0
0,0
0,869172922
6,506935963999999
8,388047788000002
9,020513134000002
9,382933682
9,381837011999998
9,426245576
8,925792506000002
7,663118108
4,286511646
0,070802406
0,0
0,0
0,0
0,0
0,0
0,0
0,0
0,0
0,0
0,0
0,0
0,0
0,0
0,036787704
0,18268801800000004
0,28119108600000003
1,3541347980000003
0,9743292200000001
0,6490429260000001
2,52057783
1,956441136
0,6605853199999999
0,076914884
0,00202351
0,0
0,0
0,0
0,0
0,0
0,0
0,0
0,0
0,0
0,0
0,0
0,0
0,0
0,091069058
0,12742527
0,305821412
0,21463502600000003
0,531566266
0,7629483939999999
0,753306176
0,44219725
1,903758292
0,164539026
0,00740982
0,0
0,0
0,0
0,0
0,0
0,0
0,0
0,0
0,0
0,0
0,0
0,0
0,0
0,06033914
0,5892951999999999
1,2914288679999997
5,278079138
1,5642412919999997
4,524637534
3,8826462680000002
5,08751527
3,0539707699999994
3,5047781700000007
0,070760976
0,0
0,0
0,0
0,0
0,0
0,0
0,0
0,0
0,0
0,0
0,0
0,0
0,0
0,057032136000000004
0,47661985999999995
0,6563804080000001
1,3961787060000002
1,089955346
2,718624214
1,37858241
1,020642018
1,2139787199999998
0,17468064600000002
0,00286609
0,0
0,0
0,0
0,0
0,0
0,0
0,0
0,0
0,0
0,0
0,0
0,0
0,0
0,0
0,23032756
0,7494736600000002
1,1910687820000003
0,8405691519999999
0,87399547
1,0210884500000001
0,466721938
0,196064044
0,123028622
0,0019268400000000002
0,0
0,0
0,0
0,0
0,0
0,0
0,0
0,0
0,0
0,0
0,0
0,0
0,0
0,06203764
0,7336208579999999
5,976820677999999
7,807220382
7,679061556000001
5,501603558000001
4,860736992000001
3,34740379
1,05218051
0,41463090999999996
0,009383530000000001
0,0
0,0
0,0
0,0
0,0
0,0
0,0
0,0
0,0
0,0
0,0
0,0
0,0
0,036642308
0,584959614
7,875333952
8,107773128
7,10906308
8,010498487999998
3,2033736200000003
8,829780117999999
5,958844222000001
0,530871122
0,00706636
0,0
0,0
0,0
0,0
0,0
0,0
0,0
0,0
0,0
0,0
0,0
0,0
0,0
0,11339932
0,04479875
2,3425123759999997
3,800429246
2,133552796
0,474817752
1,4641590119999999
0,335082896
0,26311033799999994
1,1987388479999996
0,01923563
0,0
0,0
0,0
0,0
0,0
0,0
0,0
0,0
0,0
0,0
0,0
0,0
0,0
0,0
0,07705858600000001
0,7470176379999999
3,3609029039999996
0,657366814
8,787526468
6,804131734
2,0706968839999997
3,593774052
1,188656298
0,00586049
0,0
0,0
0,0
0,0
0,0
0,0
0,0
0,0
0,0
0,0
0,0
0,0
0,0
0,0
2,045164276
5,536550233999999
7,83011567
8,082195308000001
4,496100988
4,610765997999999
7,111583174000001
2,38012397
0,5298641860000001
0,010089730000000002
0,0
0,0
0,0
0,0
0,0
0,0
0,0
0,0
0,0
0,0
0,0
0,0
0,0
0,0
0,08867691399999998
0,06654012000000001
0,31136962
0,572270282
0,05267722999999999
0,034736736000000004
0,24445908600000002
0,051467086
0,06432597799999999
0,00464961
0,0
0,0
0,0
0,0
0,0
0,0
0,0
0,0
0,0
0,0
0,0
0,0
0,0
0,0
0,126207146
0,40118486000000003
0,946589914
2,143303142
1,6013003080000001
0,65131178
1,813530334
1,3469222859999999
0,15365893400000002
0,00538833
0,0
0,0
0,0
0,0
0,0
0,0
0,0
0,0
0,0
0,0
0,0
0,0
0,0
0,0
5,0143975439999995
7,03767048
8,602182688
5,486324328
5,588713192
3,2450363599999994
3,321853152
1,8464049040000003
1,25058111
0,0114231
0,0
0,0
0,0
0,0
0,0
0,0
0,0
0,0
0,0
0,0
0,0
0,0
0,0
0,08977201800000002
2,7907850499999993
2,1709590820000004
0,989712946
0,897155506
4,489803428000001
0,8585147639999999
0,7856199299999999
0,575379716
0,31422881999999996
0,0018543700000000002
0,0
0,0
0,0
0,0
0,0
0,0
0,0
0,0
0,0
0,0
0,0
0,0
0,0
0,0
0,6736661179999999
1,0940495420000003
1,642868744
2,2259477380000003
2,435158014
3,183040706
2,220940744
1,602305804
0,260933244
0,0016340100000000002
0,0
0,0
0,0
0,0
0,0
0,0
0,0
0,0
0,0
0,0
0,0
0,0
0,0
0,0
4,308303433999999
1,598230084
0,962861968
2,8201822180000002
0,9070192280000001
2,1250745259999997
1,8542658600000002
0,469190332
2,1128433180000004
0,01345913
0,0
0,0
0,0
0,0
0,0
0,0
0,0
0,0
0,0
0,0
0,0
0,0
0,0
0,0
0,8526748920000001
0,4617353980000001
1,991413678
9,143457047999997
8,558903472
9,701405973999998
9,031467381999999
7,47902036
1,850872598
0,010367000000000001
0,0
0,0
0,0
0,0
0,0
0,0
0,0
0,0
0,0
0,0
0,0
0,0
0,0
0,004493464
5,343147436000001
2,74962832
5,454354458
8,042141426
7,269168691999999
1,889866648
1,764455202
0,385115056
0,090071282
0,0005752299999999999
0,0
0,0
0,0
0,0
0,0
0,0
0,0
0,0
0,0
0,0
0,0
0,0
0,0
0,0
0,007584276
0,289048164
1,5534735259999997
1,413711242
0,470100414
0,373809522
0,320110904
0,267786712
0,159678158
2,684e-05
0,0
0,0
0,0
0,0
0,0
0,0
0,0
0,0
0,0
0,0
0,0
0,0
0,0
0,0
0,25699820800000006
0,652694122
1,491367718
8,800674110000001
8,078593342
1,4964169379999999
1,418733134
0,62000239
0,055105144
0,0032038699999999997
0,0
0,0
0,0
0,0
0,0
0,0
0,0
0,0
0,0
0,0
0,0
0,0
0,0
0,0
4,221106306000001
7,483362350000001
8,933893990000003
9,396799591999999
9,560532288000001
9,400171912000001
8,83698446
6,977064255999999
1,232491544
0,0051789800000000006
0,0
0,0
0,0
0,0
0,0
0,0
0,0
0,0
0,0
0,0
0,0
0,0
0,0
0,0
0,43056095800000005
1,1264764
1,780032184
4,468213817999999
2,545593002
8,898665478000003
2,603057364
6,787590150000001
0,466450806
0,00550218
0,0
0,0
0,0
0,0
0,0
0,0
0,0
0,0
0,0
0,0
0,0
0,0
0,0
0,0
0,411025262
1,0294117779999998
1,763048184
6,373694039999999
2,537858114
8,726707346000001
1,8801937040000003
1,3229945719999998
0,27322431
0,00346312
0,0
0,0
0,0
0,0
0,0
0,0
0,0
0,0
0,0
0,0
0,0
0,0
0,0
0,0
0,153802272
1,534078906
2,5057653999999996
7,933215810000001
8,904015702
9,025272862000001
8,266508672
6,64793974
1,942067496
0,00555527
0,0
0,0
0,0
0,0
0,0
0,0
0,0
0,0
0,0
0,0
0,0
0,0
0,0
0,0
3,400462004
7,288787072
8,704349888000001
9,127301108000001
9,298942158
9,048343228
8,200853828
6,371476168
1,8532888639999998
0,00580715
0,0
0,0
0,0
0,0
0,0
0,0
0,0
0,0
0,0
0,0
0,0
0,0
0,0
0,0
0,33149689800000004
0,751192866
3,364694156
4,915472248
3,0259750600000004
0,683127472
1,2103984399999999
0,290657534
0,05737909200000001
0,00016497999999999998
0,0
0,0
0,0
0,0
0,0
0,0
0,0
0,0
0,0
0,0
0,0
0,0
0,0
0,0
0,044915769999999994
0,100504026
0,678352246
1,6081316819999998
1,3486680260000001
0,710532288
1,4864784619999998
0,245155042
0,20119939599999997
0,0
0,0
0,0
0,0
0,0
0,0
0,0
0,0
0,0
0,0
0,0
0,0
0,0
0,0
0,0
0,25755772600000004
1,7269833279999998
7,750545882
5,64414159
8,337947481999999
6,486661396000001
7,330208544
3,092017428
0,378776452
0,00160894
0,0
0,0
0,0
0,0
0,0
0,0
0,0
0,0
0,0
0,0
0,0
0,0
0,0
0,0
3,822729668
3,0156615800000006
8,861029966000002
9,479045886
9,844897620000001
9,55140948
8,93831925
7,340868334
0,79955875
0,004417620000000001
0,0
0,0
0,0
0,0
0,0
0,0
0,0
0,0
0,0
0,0
0,0
0,0
0,0
0,0
4,046252248
8,131221936
9,143976060000002
9,641540758000001
9,624425204
9,52162291
8,333760395999999
6,358406882
1,9122526
0,006158350000000001
0,0
0,0
0,0
0,0
0,0
0,0
0,0
0,0
0,0
0,0
0,0
0,0
0,0
0,0
0,190887864
0,5484952559999999
0,531222104
1,292431114
0,9900086200000001
0,36805042600000004
0,316030254
0,14273574599999997
0,016379496000000004
0,0
0,0
0,0
0,0
0,0
0,0
0,0
0,0
0,0
0,0
0,0
0,0
0,0
0,0
0,0
0,0
0,166559332
0,75020189
1,8254787860000001
3,3712363699999996
4,383892176000002
4,315388874
1,852722678
1,2772374279999998
0,00567032
0,0
0,0
0,0
0,0
0,0
0,0
0,0
0,0
0,0
0,0
0,0
0,0
0,0
0,0
3,6306941099999994
7,913743801999999
9,286299038
9,843451263999997
9,934216578
9,75504197
8,916843084
7,1742920639999985
2,115953662
0,00700743
0,0
0,0
0,0
0,0
0,0
0,0
0,0
0,0
0,0
0,0
0,0
0,0
0,0
0,0
3,572521166
7,540245625999999
9,005184558000002
9,397263259999999
9,635098598
9,32737875
8,582105574
6,649868088
1,7897721819999999
0,00451307
0,0
0,0
0,0
0,0
0,0
0,0
0,0
0,0
0,0
0,0
0,0
0,0
0,0
0,0
0,2610134760000001
0,8183368520000001
0,961002144
1,6354463440000002
1,204757106
1,1979648559999998
1,066161736
0,459241858
0,07079685399999999
0,00041315000000000004
0,0
0,0
0,0
0,0
0,0
0,0
0,0
0,0
0,0
0,0
0,0
0,0
0,0
0,0
0,40822519200000007
6,813806997999999
2,9259585620000004
8,90615724
8,898197057999997
1,7501185499999998
1,4576297420000004
1,1713176000000003
0,41267462799999993
0,0033228299999999997
0,0
0,0
0,0
0,0
0,0
0,0
0,0
0,0
0,0
0,0
0,0
0,0
0,0
0,0
2,572514068
6,923923564
8,660641508
9,088484882000001
9,259115238
9,133172223999999
8,275353965999999
6,469622587999999
1,7051386780000002
0,004528450000000001
0,0
0,0
0,0
0,0
0,0
0,0
0,0
0,0
0,0
0,0
0,0
0,0
0,0
0,0
0,041686364000000004
0,179961668
0,223042186
0,55393038
1,100732156
1,528915678
1,333451172
0,7659740039999999
0,126108844
0,0014060700000000001
0,0
0,0
0,0
0,0
0,0
0,0
0,0
0,0
0,0
0,0
0,0
0,0
0,0
0,0
0,0
0,4385133259999999
0,39650174600000004
0,583924252
1,1409406160000002
1,5464665640000002
1,932801056
3,9309439860000004
1,96382607
0,00721325
0,0
0,0
0,0
0,0
0,0
0,0
0,0
0,0
0,0
0,0
0,0
0,0
0,0
0,0
0,163096736
1,368913748
3,721350364
7,640533464
6,507197971999999
2,4093230560000003
7,473310574
7,321339008
1,73736259
0,00440352
0,0
0,0
0,0
0,0
0,0
0,0
0,0
0,0
0,0
0,0
0,0
0,0
0,0
0,0
0,031138027999999998
0,34153685200000006
0,533112376
1,171697324
0,452785338
0,74132511
0,45988384199999993
0,161395372
0,00782095
0,0
0,0
0,0
0,0
0,0
0,0
0,0
0,0
0,0
0,0
0,0
0,0
0,0
0,0
0,0
2,255051136
3,9233606959999996
7,55828611
3,3341135980000005
1,7750175359999998
2,14893594
1,5906364340000003
0,44966092999999996
0,07841138600000001
0,0008351100000000001
0,0
0,0
0,0
0,0
0,0
0,0
0,0
0,0
0,0
0,0
0,0
0,0
0,0
0,0
0,0
5,900381422
7,8135379480000005
5,686766113999999
3,3453274380000004
9,218736618000001
8,650817629999999
6,9399929
1,9993512
0,0044468
0,0
0,0
0,0
0,0
0,0
0,0
0,0
0,0
0,0
0,0
0,0
0,0
0,0
0,0
1,1940344159999998
4,040101652
8,740405872000002
9,23369071
9,319199237999998
9,237077464
7,506102835999999
3,6767326959999997
1,3494747199999997
0,00638649
0,0
0,0
0,0
0,0
0,0
0,0
0,0
0,0
0,0
0,0
0,0
0,0
0,0
0,0
0,13966802400000003
1,004476672
1,696021898
2,9231952980000004
1,766918656
2,6903427159999995
1,87679758
2,0757578999999997
0,258193344
0,00077986
0,0
0,0
0,0
0,0
0,0
0,0
0,0
0,0
0,0
0,0
0,0
0,0
0,0
0,0
0,31900709
4,948571338000001
3,523236568
0,7710848060000001
1,01967804
1,027296398
1,2772610880000002
0,866885574
0,222361062
0,00349488
0,0
0,0
0,0
0,0
0,0
0,0
0,0
0,0
0,0
0,0
0,0
0,0
0,0
0,0
0,013065364000000001
0,25865994600000003
0,742909222
1,2735383859999998
0,746155716
0,7022980839999999
0,5272115780000001
0,638365902
0,30399398
0,00217769
0,0
0,0
0,0
0,0
0,0
0,0
0,0
0,0
0,0
0,0
0,0
0,0
0,0
0,0
0,11209499599999999
0,861385708
0,975495768
1,2124348040000001
0,984311184
1,128274058
0,466117734
1,113320256
0,15344082399999998
0,00175355
0,0
0,0
0,0
0,0
0,0
0,0
0,0
0,0
0,0
0,0
0,0
0,0
0,0
0,0
0,15967356200000002
0,364521192
2,2061081839999996
6,183732082000001
0,935836214
0,8388121279999999
0,7945631879999999
5,130654946
0,06369829800000001
0,0023020000000000002
0,0
0,0
0,0
0,0
0,0
0,0
0,0
0,0
0,0
0,0
0,0
0,0
0,0
0,0
0,0
0,068470962
0,15666609399999998
0,21670313
0,27212493800000004
0,1496119
0,142333612
0,06990618199999998
0,00600634
0,000178
0,0
0,0
0,0
0,0
0,0
0,0
0,0
0,0
0,0
0,0
0,0
0,0
0,0
0,0
0,0
0,21198142
0,7383730619999999
0,082954164
0,34820260199999997
0,478871264
2,5598713460000004
0,32073560799999995
0,16636495600000004
0,00351964
0,0
0,0
0,0
0,0
0,0
0,0
0,0
0,0
0,0
0,0
0,0
0,0
0,0
0,0
0,10407951
2,456588092
3,0255780380000004
5,937926808
2,965210066
2,489733786
1,497517298
2,342022808
0,4263735900000001
0,00376187
0,0
0,0
0,0
0,0
0,0
0,0
0,0
0,0
0,0
0,0
0,0
0,0
0,0
0,0
0,347636078
3,379581666
5,873335667999999
9,602156018000002
9,743358732
9,559078542000002
5,845187386
7,553349472
2,2429390600000008
0,006756680000000001
0,0
0,0
0,0
0,0
0,0
0,0
0,0
0,0
0,0
0,0
0,0
0,0
0,0
0,0
1,560393432
6,785872526
8,527560199999998
9,172156332
9,364601462000001
9,206975254
8,697210596000001
7,1259572900000006
2,4913883980000007
0,00724373
0,0
0,0
0,0
0,0
0,0
0,0
0,0
0,0
0,0
0,0
0,0
0,0
0,0
0,0
1,7373813879999997
7,113922992
8,931951038
8,851342816
2,231579688
8,404157058
6,958989891999999
7,410578146000001
2,7685125540000004
0,00734625
0,0
0,0
0,0
0,0
0,0
0,0
0,0
0,0
0,0
0,0
0,0
0,0
0,0
0,0
0,537846518
2,6968663360000003
8,7481355
9,080796724000002
8,319921871999998
4,974182238
8,709088412
7,7579852439999994
0,877208232
0,00403097
0,0
0,0
0,0
0,0
0,0
0,0
0,0
0,0
0,0
0,0
0,0
0,0
0,0
0,0
0,398210944
6,5688865739999995
1,9379832240000001
7,344134402
3,8919508980000006
2,7348457679999996
9,107170633999997
6,519826914
2,421315
0,006307259999999999
0,0
0,0
0,0
0,0
0,0
0,0
0,0
0,0
0,0
0,0
0,0
0,0
0,0
0,0
0,0
6,65209012
7,209677817999999
9,322653538
9,593764244
9,659939282
8,832657614
7,670416056
0,896875412
0,00743346
0,0
0,0
0,0
0,0
0,0
0,0
0,0
0,0
0,0
0,0
0,0
0,0
0,0
0,0
1,1781439220000003
7,091875888000001
9,011678736000002
9,617146673999999
9,760656472
8,511396944
9,274988088000002
7,71781799
2,8283652839999998
0,00871041
0,0
0,0
0,0
0,0
0,0
0,0
0,0
0,0
0,0
0,0
0,0
0,0
0,0
0,0
1,5212100499999999
7,31384525
8,853125778
9,421039288
9,755553339999999
9,813079592000001
9,040830806
7,814006896
1,9993591019999999
0,00586029
0,0
0,0
0,0
0,0
0,0
0,0
0,0
