0,0
0,0
0,0
0,0
0,0
0,0
0,0
2,3197274519999995
6,905719074
5,098344384
3,7660759859999997
3,7627590960000004
3,799257888
2,469904608
1,13538147
0,15884421
0,00419688
0,0
0,0
0,0
0,0
0,0
0,0
0,0
0,0
0,0
0,0
0,0
0,0
0,0
0,0
0,37649375399999996
12,593786514
15,879368741999999
13,532621441999998
4,218424758
2,525430456
1,354893594
0,21686808000000002
0,049525019999999996
0,0014826
0,0
0,0
0,0
0,0
0,0
0,0
0,0
0,0
0,0
0,0
0,0
0,0
0,0
0,0
0,13650207
2,264253942
3,300967404
4,29175605
4,1700334980000004
3,271523358
2,482528242
3,83640417
0,840672462
0,0255345
0,0
0,0
0,0
0,0
0,0
0,0
0,0
0,0
0,0
0,0
0,0
0,0
0,0
0,0
0,33557835599999997
1,7755265219999998
2,301945456
2,5564809960000003
2,543558652
1,703346462
1,6379589359999998
0,6961006139999999
0,259406856
0,00305232
0,0
0,0
0,0
0,0
0,0
0,0
0,0
0,0
0,0
0,0
0,0
0,0
0,0
0,0
0,548413122
2,344020696
3,158955198
1,590587922
6,435184746
2,3609148659999994
3,9378948659999997
4,102396103999999
0,351825378
0,0077125200000000005
0,0
0,0
0,0
0,0
0,0
0,0
0,0
0,0
0,0
0,0
0,0
0,0
0,0
0,0
0,0
1,056301872
0,701610204
1,560218376
2,410002678
1,831527444
1,976657616
0,827913834
0,034066626
0,00178026
0,0
0,0
0,0
0,0
0,0
0,0
0,0
0,0
0,0
0,0
0,0
0,0
0,0
0,0
0,336672006
2,2942356900000003
4,270663949999999
12,491561238
4,803955739999999
4,706215577999999
3,3704655359999998
2,4001620900000002
0,8702115120000001
0,0182466
0,0
0,0
0,0
0,0
0,0
0,0
0,0
0,0
0,0
0,0
0,0
0,0
0,0
0,0
0,0
0,31065245999999996
0,7509406020000001
1,5732274019999999
1,6025476619999999
2,7031737659999995
1,278188736
0,33119902799999995
0,29793673800000003
0,00251292
0,0
0,0
0,0
0,0
0,0
0,0
0,0
0,0
0,0
0,0
0,0
0,0
0,0
0,0
0,5329337160000001
3,30957729
8,585081874
15,249362406
5,23845744
2,422191534
1,565319252
0,7023190079999999
0,187498818
0,0050570400000000005
0,0
0,0
0,0
0,0
0,0
0,0
0,0
0,0
0,0
0,0
0,0
0,0
0,0
0,0
0,0
0,936605862
0,8036553299999999
1,000144992
0,838685436
0,8002453919999999
1,3276744440000001
0,7669608000000001
0,179332656
0,00102576
0,0
0,0
0,0
0,0
0,0
0,0
0,0
0,0
0,0
0,0
0,0
0,0
0,0
0,0
0,0
1,017400968
2,6536443719999996
4,087037856
5,058691902
5,849807712
3,40080927
3,94094988
2,0728753440000003
0,017843472000000003
0,0
0,0
0,0
0,0
0,0
0,0
0,0
0,0
0,0
0,0
0,0
0,0
0,0
0,0
0,21627733799999999
3,7881973079999995
19,538309442000003
21,618719465999995
22,198302714
22,151658474000005
21,067512773999997
18,104307096
7,684194240000001
0,08426548199999999
0,0
0,0
0,0
0,0
0,0
0,0
0,0
0,0
0,0
0,0
0,0
0,0
0,0
0,0
0,49576913999999994
3,4095776879999997
9,140400924
6,635789958
7,205929926
15,679434246000001
6,029844792
5,218843056
0,8426281499999999
0,007240080000000001
0,0
0,0
0,0
0,0
0,0
0,0
0,0
0,0
0,0
0,0
0,0
0,0
0,0
0,0
0,343054584
1,8024047520000004
2,777091318
3,5785129739999997
3,024492972
4,681642680000001
1,4282489760000001
0,454495284
0,26965921800000003
0,0056936999999999995
0,0
0,0
0,0
0,0
0,0
0,0
0,0
0,0
0,0
0,0
0,0
0,0
0,0
0,0
2,9249601299999997
17,24338611
21,316368594
22,777233762
23,287771458
23,243239902
22,748843706
9,325019826
1,220017524
0,03446388
0,0
0,0
0,0
0,0
0,0
0,0
0,0
0,0
0,0
0,0
0,0
0,0
0,0
0,0
3,662463036
15,602488242
21,252385529999998
15,417545603999999
17,140918128000003
16,871530853999996
19,332001146000003
20,18929530600001
11,052692268
0,22590007799999998
4,74e-06
0,0
0,0
0,0
0,0
0,0
0,0
0,0
0,0
0,0
0,0
0,0
0,0
0,0
0,31535251200000003
2,2106668800000002
5,481758987999999
0,0
4,534148483999999
3,0258549299999995
1,4481044159999998
1,2057860459999998
0,219006132
0,0104196
0,0
0,0
0,0
0,0
0,0
0,0
0,0
0,0
0,0
0,0
0,0
0,0
0,0
0,0
4,018840434
2,4941640600000006
4,031040239999999
8,929528199999998
22,678958994
22,605802865999998
21,719656379999996
18,799713851999996
7,981500258
0,129074958
0,0
0,0
0,0
0,0
0,0
0,0
0,0
0,0
0,0
0,0
0,0
0,0
0,0
0,0
1,0376423639999999
16,930180319999998
20,458553052
21,232060674
19,884037686000003
8,396141286
18,092433822
16,484799042
10,687569966000002
0,07666153799999999
5,694000000000001e-05
0,0
0,0
0,0
0,0
0,0
0,0
0,0
0,0
0,0
0,0
0,0
0,0
0,0
0,25264521
1,2819857519999998
2,616460578
14,544650184
1,9108551479999998
2,1906897000000005
1,7078611019999999
1,2593449319999999
0,9130522019999998
0,022191000000000002
0,0
0,0
0,0
0,0
0,0
0,0
0,0
0,0
0,0
0,0
0,0
0,0
0,0
0,0
0,007067820000000001
0,564387342
2,450601816
5,055480204
6,346742124
4,255911114
1,640275086
1,494818994
0,9727881960000001
0,03405126
0,0
0,0
0,0
0,0
0,0
0,0
0,0
0,0
0,0
0,0
0,0
0,0
0,0
0,0
0,006018822
0,37674553800000005
0,36315248999999994
0,8022525479999999
1,074209664
1,605813408
1,822037742
1,440747438
0,206832294
0,0068139
0,0
0,0
0,0
0,0
0,0
0,0
0,0
0,0
0,0
0,0
0,0
0,0
0,0
0,0
0,10280158800000003
0,8374091279999999
0,8697532619999999
1,587945042
0,7638869039999999
2,405649126
3,4478180039999993
2,7187900799999998
0,5511759479999999
0,27755918399999996
0,00061908
0,0
0,0
0,0
0,0
0,0
0,0
0,0
0,0
0,0
0,0
0,0
0,0
0,0
0,46116643799999996
1,21939728
2,3605014479999995
1,143717912
1,063047594
0,531278028
1,0567751340000002
0,35907525599999995
0,034783614
0,0017976000000000001
0,0
0,0
0,0
0,0
0,0
0,0
0,0
0,0
0,0
0,0
0,0
0,0
0,0
0,0
3,1021763879999997
12,391062918
3,302746332
5,752338990000001
3,5901230219999998
2,1006736079999997
1,399368948
1,104310884
0,214028094
0,00265398
0,0
0,0
0,0
0,0
0,0
0,0
0,0
0,0
0,0
0,0
0,0
0,0
0,0
0,0
0,15327306
3,0922111799999996
0,0
0,0
0,0
0,0
0,0
0,0
14,814151134
1,416588714
0,00286158
0,0
0,0
0,0
0,0
0,0
0,0
0,0
0,0
0,0
0,0
0,0
0,0
0,0
7,285022124
17,803565382000002
21,563166348000003
18,240964757999997
9,141029916
23,55938259
10,666903494000001
13,488359958000002
9,174687114000001
0,35857360200000005
0,0009643200000000001
0,0
0,0
0,0
0,0
0,0
0,0
0,0
0,0
0,0
0,0
0,0
0,0
0,0
1,9252434900000002
16,401178668
13,658614536000004
13,139819928000001
19,424331126000002
22,725348372000003
20,549735964
13,77274704
11,851116648
0,177113496
4,74e-06
0,0
0,0
0,0
0,0
0,0
0,0
0,0
0,0
0,0
0,0
0,0
0,0
0,0
0,32434683000000003
8,138946012
1,5638925539999997
3,275298756
2,91257718
2,30046444
1,7408998679999999
1,9435757159999998
0,65758425
0,01456203
0,0
0,0
0,0
0,0
0,0
0,0
0,0
0,0
0,0
0,0
0,0
0,0
0,0
0,0
4,230291791999999
18,03359295
20,823906845999996
22,492479233999997
22,431361031999998
22,647257124
21,464935782000005
20,281029288000003
8,474878403999998
1,124691456
0,0055239
0,0
0,0
0,0
0,0
0,0
0,0
0,0
0,0
0,0
0,0
0,0
0,0
0,0
0,0004641
0,21891595800000002
0,14552236800000004
0,447254268
0,986779836
0,6471544739999999
0,812582988
0,8042702579999998
0,513199704
0,05292702
9,288e-05
0,0
0,0
0,0
0,0
0,0
0,0
0,0
0,0
0,0
0,0
0,0
0,0
0,0
0,21115446599999999
1,1722151040000002
2,8095205499999993
3,2265905040000002
6,307976508
4,988071523999999
5,532188280000001
3,0560067959999997
1,5196859280000004
0,0717171
0,0002397
0,0
0,0
0,0
0,0
0,0
0,0
0,0
0,0
0,0
0,0
0,0
0,0
0,0
1,054566102
16,651617564
20,591664845999997
20,572004442
23,170959348
23,004265254000003
18,694017324
20,616617778000002
15,729404250000002
2,725722678
0,00564546
0,0
0,0
0,0
0,0
0,0
0,0
0,0
0,0
0,0
0,0
0,0
0,0
0,0
1,529261514
2,5199192399999997
6,650054873999999
12,333695748
6,400089024
6,299212488
5,132096880000001
9,797947301999999
2,5769907119999997
3,0759601560000003
0,00618888
0,0
0,0
0,0
0,0
0,0
0,0
0,0
0,0
0,0
0,0
0,0
0,0
0,0
0,30783832799999994
4,2631952339999994
3,429447582
5,711061653999998
10,12219188
5,013405809999999
4,000688934
4,2555901800000004
5,471840178000001
0,514571682
0,00293628
0,0
0,0
0,0
0,0
0,0
0,0
0,0
0,0
0,0
0,0
0,0
0,0
0,0
0,707115354
2,3264242500000005
3,5744910179999994
4,582074534
5,214930222
7,10248671
4,30538922
4,5612707519999995
6,034589399999999
0,49653529199999996
0,0060879
0,0
0,0
0,0
0,0
0,0
0,0
0,0
0,0
0,0
0,0
0,0
0,0
0,0
1,0696243319999998
1,8896278499999999
5,6903293139999995
6,63500781
6,34474464
7,007896745999999
7,043674812000001
11,067482099999998
8,744418287999997
2,116509636
0,01995558
0,0
0,0
0,0
0,0
0,0
0,0
0,0
0,0
0,0
0,0
0,0
0,0
0,0
0,4690737
1,7043193259999998
4,186587816
5,901797525999999
4,602831372000001
5,28141414
4,2423764340000005
2,6459160059999998
1,4723055120000001
0,19179337200000002
0,00118782
0,0
0,0
0,0
0,0
0,0
0,0
0,0
0,0
0,0
0,0
0,0
0,0
0,0
0,1104267
0,493216746
1,7827731000000002
3,690527472
10,795560852000001
4,036296096
11,510909220000002
5,842755263999999
14,648298606000003
4,886097318
0,0
0,0
0,0
0,0
0,0
0,0
0,0
0,0
0,0
0,0
0,0
0,0
0,0
0,0
0,09407601
1,2994916339999998
0,5735591100000001
1,008910548
1,808356242
1,2712000860000001
1,541514846
3,036299658
3,5849708160000002
0,5255095679999999
0,0
0,0
0,0
0,0
0,0
0,0
0,0
0,0
0,0
0,0
0,0
0,0
0,0
0,0
0,228144222
0,8967912359999999
1,369054356
1,8866978279999997
1,444213752
1,499276424
1,0545756659999999
0,453133506
0,336791634
0,010308659999999999
0,0
0,0
0,0
0,0
0,0
0,0
0,0
0,0
0,0
0,0
0,0
0,0
0,0
0,0
0,9948885839999999
6,76661352
21,630124278
23,114713866
7,866189587999999
9,72956589
22,245885090000005
10,619129148
2,9831174879999995
1,5354052919999999
0,0
0,0
0,0
0,0
0,0
0,0
0,0
0,0
0,0
0,0
0,0
0,0
0,0
0,00040974
13,149974526
20,531208234
23,091513726
23,850287076
23,989179498
24,005291471999996
23,637250511999998
22,516434126
17,125314053999997
0,6699025439999999
0,0
0,0
0,0
0,0
0,0
0,0
0,0
0,0
0,0
0,0
0,0
0,0
0,0
0,0
0,48884446200000004
1,5395031779999997
2,9862128879999994
3,91025952
4,771991399999999
4,66092465
3,7578637320000006
1,871998896
1,1825227440000003
0,282175884
0,0
0,0
0,0
0,0
0,0
0,0
0,0
0,0
0,0
0,0
0,0
0,0
0,0
0,0
7,972501691999999
9,007350270000003
21,035263044000004
19,120234986
20,61383502
23,379418266000002
18,024413801999998
21,60561375
9,700805466
3,525489192
0,0
0,0
0,0
0,0
0,0
0,0
0,0
0,0
0,0
0,0
0,0
0,0
0,0
0,006908465999999999
13,209521070000003
20,747472995999996
22,875959676
23,724454212
23,974508843999995
23,961586692
23,733549816
22,473583908000005
19,425312329999993
8,60936346
0,01959234
0,0
0,0
0,0
0,0
0,0
0,0
0,0
0,0
0,0
0,0
0,0
0,0
0,0
1,7114994300000002
2,432519208
4,945631639999999
7,6599498
9,948261587999998
18,075847392
20,77032855
21,4285689
18,47082737399999
7,568876627999999
0,0
0,0
0,0
0,0
0,0
0,0
0,0
0,0
0,0
0,0
0,0
0,0
0,0
0,041173458
1,93868727
2,1590969400000004
2,9073254580000003
2,6844774119999997
3,920787882
3,152423658
2,5187583539999996
1,197020142
1,08068418
0,496116594
0,0
0,0
0,0
0,0
0,0
0,0
0,0
0,0
0,0
0,0
0,0
0,0
0,0
0,026363868
12,218080967999999
18,222082697999998
21,542567520000002
22,699118261999995
23,057424071999996
22,974490716000005
22,446004553999998
20,813087628
17,697779454
8,206443857999998
0,025238820000000002
0,0
0,0
0,0
0,0
0,0
0,0
0,0
0,0
0,0
0,0
0,0
0,0
0,116954334
3,6702342480000003
8,823309816
3,538116168
5,336411568000001
3,8973693059999994
5,361533753999999
5,197649016000001
2,883641586
0,96817743
0,31504729800000003
0,0
0,0
0,0
0,0
0,0
0,0
0,0
0,0
0,0
0,0
0,0
0,0
0,0
0,0
1,0172355659999999
3,7870743239999998
4,204230089999999
5,189813514000001
3,371052246
8,072067348000001
6,83007513
5,492049995999999
3,7455739799999996
0,8497548180000001
0,015126839999999999
0,0
0,0
0,0
0,0
0,0
0,0
0,0
0,0
0,0
0,0
0,0
0,0
0,21595303799999999
13,085365337999999
19,50577893
21,778109928000003
23,131480751999998
23,499548262
23,532634739999995
22,772778960000004
5,1521164200000005
4,20541428
1,8065063399999999
0,036426120000000006
0,0
0,0
0,0
0,0
0,0
0,0
0,0
0,0
0,0
0,0
0,0
0,0
0,019618680000000003
2,0019693
19,737964926
21,948130325999998
23,120837556
23,533532069999996
23,486973587999998
22,902338058
21,486448313999997
18,037520658000005
8,508567234000001
0,04109598
0,0
0,0
0,0
0,0
0,0
0,0
0,0
0,0
0,0
0,0
0,0
0,0
0,17089479600000002
10,035655218
18,649342722000004
21,43182897
22,560743723999998
23,014047744000003
22,887538115999998
21,857011727999996
20,483443746
16,620101376
6,518640666
0,03943812
0,0
0,0
0,0
0,0
0,0
0,0
0,0
0,0
0,0
0,0
0,0
0,0
0,188300136
15,084238494000001
20,169144732
21,899502738
22,486921104
22,894607748
22,696594457999996
21,308788308
18,742850160000003
13,342779384000002
4,199297712000001
0,04347414000000001
0,0
0,0
0,0
0,0
0,0
0,0
0,0
0,0
0,0
0,0
0,0
0,0
0,22097707799999997
10,433718744000002
18,094126452
21,129108834000004
22,554058782000002
23,068806954
22,912361880000002
21,964862556000003
20,474576111999998
16,51197684
7,231794401999999
0,06190254
0,0
0,0
0,0
0,0
0,0
0,0
0,0
0,0
0,0
0,0
0,0
0,0
0,056248200000000005
1,93209108
18,827877264
21,456802931999995
22,728517230000005
22,983179741999997
22,848975965999998
22,163009682000002
20,230873866
16,59482247
6,864655638
0,049428240000000005
0,0
0,0
0,0
0,0
0,0
0,0
0,0
0,0
0,0
0,0
0,0
0,0
0,38317751999999994
10,502247804000001
17,542892339999998
21,005471448
22,594127040000004
22,956698064000005
18,615403038
21,899359728000004
19,787100366
14,910888942
5,728835028
0,04741602
0,0
0,0
0,0
0,0
0,0
0,0
0,0
0,0
0,0
0,0
0,0
0,0
0,35187141599999994
15,274376556000002
15,025833738
16,85748444
21,544682022
23,82296811
23,752230798
5,59679796
5,2102280400000005
4,03415202
4,25055393
0,098444964
0,0
0,0
0,0
0,0
0,0
0,0
0,0
0,0
0,0
0,0
0,0
0,0
0,307002456
15,848821722
20,583775655999997
22,690421898
23,533028879999993
23,74126143
23,67291243
23,212174374000003
21,959563583999998
18,470664462000002
9,518887344000001
0,109331748
0,0
0,0
0,0
0,0
0,0
0,0
0,0
0,0
0,0
0,0
0,0
0,0
0,31595686800000006
16,095396624
20,633886653999998
22,530982752
23,409089586
23,6837217
23,453061947999995
22,935837396000004
21,513078737999997
18,83348331
9,335668506000001
0,123929424
0,0
0,0
0,0
0,0
0,0
0,0
0,0
0,0
0,0
0,0
0,0
0,0
0,349246356
16,265578769999998
20,56826424
22,491816630000002
23,395262754000004
23,644371714
23,473069434
23,016883313999998
21,899233482
18,628222428
10,179496560000002
0,14286511799999999
0,0
0,0
0,0
0,0
0,0
0,0
0,0
0,0
0,0
0,0
0,0
0,0
0,39030180000000003
15,743239860000001
20,358788987999997
22,574284973999998
23,389287882
23,733850446
23,749635678
23,184089406000002
21,728719044
19,35537444
11,080723908000001
0,19454225999999997
0,0
0,0
0,0
0,0
0,0
0,0
0,0
0,0
0,0
0,0
0,0
0,0
0,497831514
5,286119321999999
9,531546630000001
16,724944344
7,5000303960000005
9,325123098
7,606500144000001
6,585048467999999
5,175521472000001
3,298213818
1,5118074899999998
0,05975568
0,0
0,0
0,0
0,0
0,0
0,0
0,0
0,0
0,0
0,0
0,0
0,0
0,340057428
13,871275013999998
14,236370069999998
23,116709207999996
23,671133153999996
23,058845616
23,76098403
22,987531265999998
22,129836311999995
19,616907593999997
9,634501752
0,173616498
0,0
0,0
0,0
0,0
0,0
0,0
0,0
0,0
0,0
0,0
0,0
0,0
0,73914369
16,355648226
20,727451428000002
22,800321858
23,411964444
23,660508756
23,62325292
23,169388296
22,069436046000003
19,672180374
11,481590148
0,273505914
0,0
0,0
0,0
0,0
0,0
0,0
0,0
0,0
0,0
0,0
0,0
0,0
0,5589991259999999
13,298974374
18,716419121999998
20,436718524
5,4691746000000006
4,626142260000001
19,832830464000004
14,815652688
8,245045656
3,852405048
1,3275912779999999
0,053488752
0,0
0,0
0,0
0,0
0,0
0,0
0,0
0,0
0,0
0,0
0,0
0,0
0,14173733400000002
1,3499952600000003
3,511198698
5,661985812
4,557972834
4,824227682
3,6094238220000006
2,7098925299999994
2,765264436
1,052550894
0,565975884
0,00959178
0,0
0,0
0,0
0,0
0,0
0,0
0,0
0,0
0,0
0,0
0,0
0,0
0,0
1,392936678
3,018965718
7,629822564
8,476103004
0,0
0,0
0,0
0,0
0,0
0,0
0,0
0,0
0,0
0,0
0,0
0,0
0,0
0,0
0,0
0,0
0,0
0,0
0,0
2,671008006
17,022961187999996
21,114408341999997
22,955741489999998
23,752013676
23,882484317999996
23,662000494000004
22,937052419999997
20,616246150000002
11,112782009999998
3,916391898000001
0,158271258
0,0
0,0
0,0
0,0
0,0
0,0
0,0
0,0
0,0
0,0
0,0
0,0
0,08521761600000001
0,42236321400000004
2,2079001480000002
3,8178995999999996
4,064184264
7,655480934
9,281472522000001
2,97428253
1,5849572879999998
1,627767558
0,380358798
0,0053462399999999995
0,0
0,0
0,0
0,0
0,0
0,0
0,0
0,0
0,0
0,0
0,0
0,0
0,961122978
5,552873406000001
20,5093212
22,629445206
22,774589274
10,266396156
22,189988754
20,600879934
19,518480414000003
17,183584601999996
6,282040032
0,528235782
0,0
0,0
0,0
0,0
0,0
0,0
0,0
0,0
0,0
0,0
0,0
0,0
0,4175421899999999
4,3753462139999995
11,077817346000002
10,713007608000002
8,372844198000001
11,056247742
9,175525433999999
7,842153114
4,766209578
2,9215556639999996
1,9743768179999999
0,08100021600000001
0,0
0,0
0,0
0,0
0,0
0,0
0,0
0,0
0,0
0,0
0,0
0,0
0,666208404
1,1423935079999998
1,45509924
2,404117656
5,517271848000001
5,068348385999999
5,396213717999999
3,471460092
2,8156658039999996
2,1459107399999997
1,11449532
0,172514916
0,0
0,0
0,0
0,0
0,0
0,0
0,0
0,0
0,0
0,0
0,0
0,0
1,4334070559999998
6,801731868000001
9,371690807999999
10,906156626
17,509344588
16,270352712
12,947400900000002
9,989745869999998
11,137225866000001
5,2416292439999985
2,46809718
0,6218512499999999
0,0
0,0
0,0
0,0
0,0
0,0
0,0
0,0
0,0
0,0
0,0
0,0
5,564501334
16,794315078
19,800345972
21,60774645
17,357654988000004
15,169222962
21,063519564000003
23,190830916
22,669812330000003
18,174684071999998
2,58643191
1,010890122
0,0
0,0
0,0
0,0
0,0
0,0
0,0
0,0
0,0
0,0
0,0
0,0
7,216588692
17,784298062000005
21,207514614
22,878641034
23,766040392
23,757490902
14,734778855999998
17,460330408
18,045246312
18,147931674
13,382860157999998
1,291538226
0,0
0,0
0,0
0,0
0,0
0,0
0,0
0,0
0,0
0,0
0,0
0,0
7,659140034
17,656336176
21,143763191999998
23,125101246
14,447284968
20,24630469
20,448768204
12,640815815999998
11,098947299999999
14,710857960000002
12,040833828
1,2603059879999998
0,0
0,0
0,0
0,0
0,0
0,0
0,0
0,0
0,0
0,0
0,0
0,0
0,9077055300000001
3,8478364739999997
8,484021828000001
10,804449234
12,38236194
14,282327874
13,937907438
13,273496466000003
15,544824509999998
18,031156356000004
3,8259336180000005
0,133207326
0,0
0,0
0,0
0,0
0,0
0,0
0,0
0,0
0,0
0,0
0,0
0,0
2,1903899700000005
6,611904942
8,321220402000002
11,876022804000002
22,336135967999997
18,357720018
19,59832071
17,87667033
9,819233015999998
10,75161393
3,215600244
0,29872654199999993
0,0
0,0
0,0
0,0
0,0
0,0
0,0
0,0
0,0
0,0
0,0
0,0
1,3913914859999996
3,723088668
8,714404781999999
10,408252499999998
12,125037438
19,917009773999997
21,821378382000002
22,299253158000003
13,286980818
12,249081294
5,6875702740000005
0,724575828
0,0
0,0
0,0
0,0
0,0
0,0
0,0
0,0
0,0
0,0
0,0
0,002729862
6,9285822360000004
10,735878282000002
16,577590098
20,612231196
22,821532704000003
23,592429984
21,892083095999997
23,79436587
23,383398318000005
13,556874624
7,336666505999999
2,391334098
0,0
0,0
0,0
0,0
0,0
0,0
0,0
0,0
0,0
0,0
0,0
0,0
6,378730872
4,618688477999999
9,307964903999999
19,639433658
23,184484026
20,934108048
20,747546412
13,869411552
10,458922439999998
19,927406976
14,534068691999998
0,9484848300000001
0,0
0,0
0,0
0,0
0,0
0,0
0,0
0,0
0,0
0,0
0,0
0,013535772
9,789116862
18,518045046
21,402726030000004
23,562416766
23,719201427999998
23,769631074
23,793344016
23,610149946
22,257297947999998
19,926989838
14,231388953999998
2,4118415759999996
0,0
0,0
0,0
0,0
0,0
0,0
0,0
0,0
0,0
0,0
0,0
0,029158847999999998
9,527467854000001
18,169852487999997
21,259453536000002
23,013466194
23,674171385999998
23,924758589999996
23,827193604000005
23,334006071999998
22,236140202
19,833364518
13,909250556
2,02027836
0,0
0,0
0,0
0,0
0,0
0,0
0,0
0,0
0,0
0,0
0,0
0,06860407199999999
8,589181434
16,399013028000002
20,703637446000005
22,004105705999994
21,306413076000002
22,291507506000002
23,496965141999997
22,608894612000004
19,397104962
19,025516778
9,433495398
0,8236666260000001
0,0
0,0
0,0
0,0
0,0
0,0
0,0
0,0
0,0
0,0
0,0
0,0
0,0
7,298685678000001
12,507441659999998
17,866337082
21,33193731
22,589982887999998
18,743797817999997
21,954003828
22,140575489999996
21,026883456000004
11,862317621999999
11,6786298
1,8744571680000002
0,0
0,0
0,0
0,0
0,0
0,0
0,0
0,0
0,0
0,0
0,0
0,13217250000000003
7,396216721999999
17,42025807
20,454562002000003
21,211518402
22,852114722000003
23,544034968
23,453057693999995
19,176794849999993
21,890249532000002
17,880908154
15,612223536
1,899590028
0,0
0,0
0,0
0,0
0,0
0,0
0,0
0,0
0,0
0,0
0,0
0,289905504
5,403336702000001
6,845464859999999
16,593608477999997
7,930181219999999
12,7202883
14,466434982
14,646766296
10,420629744
13,959061584
18,001134395999998
12,883332119999999
0,9601222020000001
0,0
0,0
0,0
0,0
0,0
0,0
0,0
0,0
0,0
0,0
0,0
0,28527069600000005
4,992087894
9,92604639
11,554225818
14,067257933999997
23,23459722
23,387881824000004
23,545385034
22,308277223999998
22,317763793999998
18,882184260000002
13,426178579999998
3,3275648820000003
0,0
0,0
0,0
0,0
0,0
0,0
0,0
0,0
0,0
0,0
0,0
0,201679536
12,500374475999998
18,685534656
21,232842624
22,847244876
23,436053874000006
23,704197834
23,58183771
23,198106576
19,059144408
17,440935294
6,444007464
3,758073432
0,0
0,0
0,0
0,0
0,0
0,0
0,0
0,0
0,0
0,0
0,0
0,26776019999999995
4,558698024
7,784010557999999
20,688341010000002
22,282052142000005
23,221744266
23,454085044
23,089761762
22,858945367999997
19,441045284000005
17,474025167999997
3,719514696
2,0474497560000002
0,0
0,0
0,0
0,0
0,0
0,0
0,0
0,0
0,0
0,0
0,0
0,0
2,2344368520000004
2,290630692
2,669357622
2,9581418760000004
2,9642345700000003
1,5497563019999998
1,340648562
3,3893604660000003
2,3806689659999996
1,347277692
1,0595720999999998
0,339165378
0,0
0,0
0,0
0,0
0,0
0,0
0,0
0,0
0,0
0,0
0,0
0,23810152799999998
4,347450918000001
7,597722684000001
16,828303242
21,69463548
23,459704974
23,653460436
21,369571056
17,646281484
10,425992868
11,747821116
17,005348793999996
4,855152498
0,01306812
0,0
0,0
0,0
0,0
0,0
0,0
0,0
0,0
0,0
0,0
0,478593504
14,771323488
19,629495402
22,050294647999994
23,152743654000002
23,49194892
23,572879979999996
23,559547025999997
23,41209795
22,575545742
20,772736914
16,966581491999996
5,267681232000002
0,0
0,0
0,0
0,0
0,0
0,0
0,0
0,0
0,0
0,0
0,0
0,336453252
3,160497989999999
3,65275239
10,194435527999998
17,135237466
16,795107809999998
17,074955393999996
8,696962992000001
5,231634786
6,796322183999999
3,3909755159999997
0,8291034239999999
0,029047446
0,0
0,0
0,0
0,0
0,0
0,0
0,0
0,0
0,0
0,0
0,0
0,0
3,398317452
6,8318903760000005
20,833429380000002
22,478115569999996
22,963194504
20,276062422000003
23,196146832000004
20,12033787
22,210329984000005
21,549201131999997
18,484989107999997
4,782276311999999
0,0170139
0,0
0,0
0,0
0,0
0,0
0,0
0,0
0,0
0,0
0,0
1,086229758
16,104043439999998
20,619820242000003
23,151760086
23,838885845999997
23,978062464000008
24,009491586
23,94680586
23,79429186
23,058430458
10,333875185999998
2,6195831879999996
4,714156962000001
0,02147574
0,0
0,0
0,0
0,0
0,0
0,0
0,0
0,0
0,0
0,0
1,3416460619999997
15,942951438
20,104200768
22,397198699999997
23,530753781999998
23,933071481999995
23,987378052
23,933056842000003
23,688208877999998
22,816441662000003
20,912319132
17,574591330000004
4,655916287999999
0,01274352
0,0
0,0
0,0
0,0
0,0
0,0
0,0
0,0
0,0
0,0
1,95576867
9,96909153
15,354213222
9,3723009
17,862810983999996
16,13321193
23,863342938
23,790795197999998
23,684090226
22,640267627999997
18,905065488
16,385584866000002
3,0845309219999995
0,012368280000000002
0,0
0,0
0,0
0,0
0,0
0,0
0,0
0,0
0,0
0,0
0,437957268
2,807747346
4,750211184
12,677051754
12,312878999999999
14,021392056
15,920137295999998
10,541097204
14,946016086
13,972587540000001
4,952575541999999
2,446431804
1,666443972
0,02535612
0,0
0,0
0,0
0,0
0,0
0,0
0,0
0,0
0,0
0,0
0,48840207599999996
2,236884804
8,877809033999998
19,099484112
21,730379814
21,82791957
21,288434549999998
22,286474556
22,089671807999995
17,776001778
4,984971144
1,3395110880000003
1,3149391259999998
0,022353120000000004
0,0
0,0
0,0
0,0
0,0
0,0
0,0
0,0
0,0
0,0
0,0
0,258663522
1,935521058
4,940197626
4,279800359999999
8,01342999
15,277549751999999
10,404204474
6,887956901999999
15,636904050000002
5,485589939999999
1,993210098
0,6608173800000001
0,0
0,0
0,0
0,0
0,0
0,0
0,0
0,0
0,0
0,0
0,0
1,04448516
10,732866972000002
20,439495911999998
22,802268197999993
23,438289293999997
22,641756893999997
13,772868462
11,4449352
15,722780868000001
16,447165212
6,088616694000001
3,110723262
2,1106297200000004
0,016399979999999998
0,0
0,0
0,0
0,0
0,0
0,0
0,0
0,0
0,0
0,0
2,3798710860000005
16,088533782
18,842047878
22,780525998
23,492638458000002
17,775337428
22,116331223999996
21,49919409
23,848670232
22,871866908
21,126934181999996
17,23629462
6,568083683999999
0,02349534
0,0
0,0
0,0
0,0
0,0
0,0
0,0
0,0
0,0
0,0
4,529646533999999
16,735871586000002
20,4650562
22,464859902
17,561430288
22,127811012
23,256400583999998
22,46840061
22,384175322
21,713489562000003
18,116636274
16,04883021
6,733482090000001
0,02401416
0,0
0,0
0,0
0,0
0,0
0,0
0,0
0,0
0,0
0,0
1,36082997
4,029787986
11,093628840000003
16,9274808
14,956657854
11,13227775
8,743505981999999
15,342209154000003
11,798958138
7,600878323999999
4,802055923999999
2,3237347319999997
0,42431672400000003
0,0
0,0
0,0
0,0
0,0
0,0
0,0
0,0
0,0
0,0
0,0
1,07779977
5,521362863999999
11,538484974000001
17,944783236
0,0
0,0
20,808614442000003
19,866589476
22,143018582
14,02038612
8,245824257999999
14,731669331999997
5,555636183999999
0,02941716
0,0
0,0
0,0
0,0
0,0
0,0
0,0
0,0
0,0
0,0
1,391352036
4,130701193999999
6,246939138
11,143373405999998
11,913272351999998
14,794641516
18,81358929
20,314723512000004
15,745637628
2,260993728
5,846591028
3,860839542
0,431395398
0,0028800600000000003
0,0
0,0
0,0
0,0
0,0
0,0
0,0
0,0
0,0
0,0
0,8790124559999999
15,399343001999998
19,655602236
19,740403596000004
16,441497318000003
15,203898797999999
13,84904373
5,79352758
6,854483568
11,768687334
16,322195532000002
3,7263705000000003
2,081412684
0,034651619999999994
0,0
0,0
0,0
0,0
0,0
0,0
0,0
0,0
0,0
0,0
2,0904900779999998
4,500284964000001
11,805299580000002
21,701372334000002
19,100910654
21,947211779999996
15,051578262000001
9,69245145
7,055143374
21,321631314
3,295294806
3,648357408
5,365416936
0,129060252
0,0
0,0
0,0
0,0
0,0
0,0
0,0
0,0
0,0
0,0
1,4385582959999998
2,850893214
11,371672074
7,583699496
14,265965334
9,978772253999999
10,618676357999998
7,292218295999999
7,323442086
4,102272299999999
2,7703762079999996
1,8514654380000002
0,77903424
0,015191399999999999
0,0
0,0
0,0
0,0
0,0
0,0
0,0
0,0
0,0
0,0
1,286749074
3,011325882
7,746430451999999
21,939277038
21,030365268
21,33143217
23,967939612
18,256074072
21,295392918
9,156728730000001
3,176729316
1,8162112380000002
4,237831164
0,076933836
0,0
0,0
0,0
0,0
0,0
0,0
0,0
0,0
0,0
0,0
5,753659374
16,942268712
17,134569714000005
22,521766380000003
23,696950433999998
23,879476536
23,914116402000005
23,964347214
23,69406795
22,850206181999997
20,942601822
18,087855354
9,50170734
0,15997769399999998
0,0
0,0
0,0
0,0
0,0
0,0
0,0
0,0
0,0
0,0
8,638593521999999
17,521396278000005
20,47950492
22,42763508
23,434506444000004
23,846457546
23,933109456
23,827808285999996
22,607109047999998
22,692885557999997
20,926442304000002
18,138704171999997
6,417199667999999
0,17963100000000004
0,0
0,0
0,0
0,0
0,0
0,0
0,0
0,0
0,0
0,0
7,774426937999999
16,200138300000003
18,909011376
20,606433569999997
21,656398415999995
21,421045877999997
20,694970704000003
9,920129598
6,323350176000001
4,289134518
4,388980019999999
1,850448918
2,499057354
0,030595260000000003
0,0
0,0
0,0
0,0
0,0
0,0
0,0
0,0
0,0
0,0
0,336396288
1,3446815399999998
3,017966376
5,836887587999999
15,239503439999998
19,916901126
15,743021508
16,087218606
16,563219041999997
11,250219642
4,9615468620000005
1,4698633079999996
1,0983973259999997
0,037184358
0,0
0,0
0,0
0,0
0,0
0,0
0,0
0,0
0,0
0,0
0,06559265400000001
1,326243234
2,486315928
4,972898994
1,801267944
4,719551687999999
4,808815092
6,8198972939999996
8,305009146
4,681610844
5,964988746000001
6,105893387999999
4,769158476
0,22502051399999995
0,0
0,0
0,0
0,0
0,0
0,0
0,0
0,0
0,0
0,0
1,139317692
2,5255998720000004
5,327907882000002
11,955057708
22,014842592
16,452559626
23,046859895999997
21,268323906
10,840635018
21,052078626
6,771525126
2,145136188
0,8762293499999999
0,008769179999999998
0,0
0,0
0,0
0,0
0,0
0,0
0,0
0,0
0,0
0,00028980000000000005
1,610076072
6,425274648
11,809928705999999
20,744828472
20,404656563999996
23,453369592
21,1525344
21,379479756
23,325230202
22,020012738
14,667318882
7,617422376
5,84812494
0,127679238
0,0
0,0
0,0
0,0
0,0
0,0
0,0
0,0
0,0
0,0
3,2067438779999997
4,55919084
16,367472132
11,948927412000002
10,480232508
18,269019468000003
9,701085977999998
6,146404325999999
2,85522159
1,5511641059999999
1,047170766
0,509500632
0,317248896
0,00029850000000000005
0,0
0,0
0,0
0,0
0,0
0,0
0,0
0,0
0,0
0,0
0,5806550999999999
4,517559522000001
10,543634892000002
13,056182381999998
17,17572423
14,668827348
22,777611485999998
22,502370264
23,610599238000002
22,438679435999997
13,809674754
10,623292986000001
4,905878051999999
0,40177799999999997
0,0
0,0
0,0
0,0
0,0
0,0
0,0
0,0
0,0
0,22532776799999998
6,8410017839999995
14,778904115999998
18,035073006
19,066683
20,976897365999996
19,209322889999996
22,898528106
23,621122302
20,547206124000002
17,428766850000002
19,206983711999996
13,082578146000001
11,093003256
0,4515636
0,0
0,0
0,0
0,0
0,0
0,0
0,0
0,0
0,0
0,14957479199999996
10,165947798000001
17,651516495999996
19,797996342
20,684952876
22,907797752
23,644374839999998
23,825357826
23,77657605
23,20492215
19,392741425999997
10,569338561999999
9,964818600000001
1,525486236
0,043888332
0,0
0,0
0,0
0,0
0,0
0,0
0,0
0,0
0,0
0,0
0,450465468
1,5547010639999999
3,438010662
4,37124381
4,925747993999999
6,445528062
7,268861771999999
7,600627566000001
15,83241165
15,804502788
15,610558518
14,700695501999997
2,496755898
0,43462274399999995
0,0
0,0
0,0
0,0
0,0
0,0
0,0
0,0
0,0
0,108509418
9,630742122000001
17,036914212000003
19,655882232
21,618418536
23,058617712
21,866355126
20,677565933999997
22,003544916000003
21,407688269999994
17,190851184000003
20,570315520000005
17,5361913
10,297953594000003
0,8507184959999999
0,0
0,0
0,0
0,0
0,0
0,0
0,0
0,0
0,0
0,12234910799999998
9,417917892000002
15,429374034
20,040431076
21,842020104000007
21,791359980000003
21,617752283999998
20,567169648000004
20,745224693999997
14,752649562
8,498442252
4,662177330000001
1,438050474
1,524065514
0,0
0,0
0,0
0,0
0,0
0,0
0,0
0,0
0,0
0,0
0,16087813200000003
4,575713141999999
6,362084459999999
19,158202709999998
21,615595602
23,451798156000002
23,873163978
23,880876395999998
23,852971200000002
23,45393712
22,638201072
20,783871545999997
15,771277854
7,748501328000001
1,5109076339999998
0,0
0,0
0,0
0,0
0,0
0,0
0,0
0,0
0,0
0,17189335199999997
12,57790704
18,152533512
20,609542128
22,120199345999996
23,108422596
23,5136958
23,69228421
23,55861186
23,213029896
22,374445836000003
20,69665968
18,112931789999998
11,969260307999999
1,54097742
0,0
0,0
0,0
0,0
0,0
0,0
0,0
0,0
0,0
0,26209000200000004
11,664750612
17,991089094
20,182881155999997
21,795999720000005
23,009141856
23,485892388
23,535578916000002
23,560726842
23,052432437999997
21,994280825999997
20,463736488000002
17,823963138000003
11,503379615999998
1,4191227780000002
0,0
0,0
0,0
0,0
0,0
0,0
0,0
0,0
0,0
0,274203384
11,87992362
16,037048268000003
19,638411966
21,792457445999997
22,428351317999994
23,286839478
23,52854649
23,252698662
22,856399994
21,875199539999997
20,272586045999997
17,715172422
11,283801054
0,34788577200000004
0,0
0,0
0,0
0,0
0,0
0,0
0,0
0,0
0,0
0,00092268
0,7800515219999999
1,167836718
4,501837464000001
7,674153953999999
4,962467826
21,080913233999997
22,060094615999997
22,193051406000002
20,251327835999998
22,077108534000004
20,372158644
18,325152576000004
11,798534322
0,40019703
0,0
0,0
0,0
0,0
0,0
0,0
0,0
0,0
0,0
0,00285036
0,293156142
0,38259749400000004
2,8268541299999996
3,0728321339999995
5,626586154000001
11,056962623999999
18,34174197
20,552370306
13,213205736000003
21,650940816
20,603536655999996
18,358843494000002
3,3344660100000003
0,113019528
0,0
0,0
0,0
0,0
0,0
0,0
0,0
0,0
0,0
0,06313834800000001
0,470229312
1,713445968
5,046985049999999
3,522649866
11,134944875999997
13,519079646
15,490890498
11,76346944
19,686852756
19,716143178000003
19,031293818
17,013241620000002
12,340813055999996
0,3224820480000001
0,0
0,0
0,0
0,0
0,0
0,0
0,0
0,0
0,0
0,0061992
0,6021550199999999
1,3800283679999998
2,575455444
5,226757584
9,755542091999999
7,055805462000001
8,046225845999999
7,124148984
7,84371327
14,065244064
11,895833784
3,8335821720000003
1,870517442
0,198244812
0,0
0,0
0,0
0,0
0,0
0,0
0,0
0,0
0,0
0,013569666
1,1978566620000002
5,432804982
13,866023387999999
8,249798784000001
16,608939791999997
12,588518861999997
9,589879397999997
8,694389724
11,326071222000001
9,234395496000001
11,611637646000002
5,77720626
3,8818533360000003
0,291680646
0,0
0,0
0,0
0,0
0,0
0,0
0,0
0,0
0,0
0,19937007599999998
0,421724166
3,559672566
2,764451304
7,897792128000001
11,844758796
10,187763251999998
9,433494696
12,143556545999997
17,155989396
15,637648848000001
13,981734539999998
6,911533938000001
6,012309732
0,8645353800000001
0,0
0,0
0,0
0,0
0,0
0,0
0,0
0,0
0,0
0,7911192180000002
6,900737441999999
6,345249312
18,699667956000006
22,232760948
23,215470066
23,662384128000003
0,0
23,520489533999996
23,383186326000004
22,50337701
20,982743423999995
18,333061241999996
10,893494897999997
1,12108293
0,0
0,0
0,0
0,0
0,0
0,0
0,0
0,0
0,0
0,204372408
1,8657642779999999
8,216962182
17,767890252
3,1429607400000004
14,317180109999999
21,779150136000002
9,730370724
20,819582129999993
13,914379667999999
17,089783517999997
6,1804282860000015
6,502570116000001
2,0933364780000003
0,4059383940000001
0,0
0,0
0,0
0,0
0,0
0,0
0,0
0,0
0,0
0,29833739400000003
13,217950841999999
18,313512864
20,748751944000002
22,779395274000002
18,20112813
18,729194028000002
22,528298658
20,94151977
14,631169265999999
14,320636595999998
10,914214266
3,991000164
4,01710992
1,6644578159999999
0,0
0,0
0,0
0,0
0,0
0,0
0,0
0,0
0,0
0,397426716
13,638265812
18,113618075999998
20,431245102000002
22,260831516
23,354672855999997
23,804198255999996
23,809800113999998
22,432456404
23,27935923
22,453240992
20,922619236
18,717388440000004
11,940570924
0,63309393
0,0
0,0
0,0
0,0
0,0
0,0
0,0
0,0
0,0
0,44264510999999995
2,0527044599999993
3,19706298
13,008457421999998
20,525660315999996
17,587436040000004
21,691081626
21,991628304000002
22,003883292
20,76245514
20,892917736
18,011627477999998
5,484388152
2,9017282499999997
0,827593008
0,0
0,0
0,0
0,0
0,0
0,0
0,0
0,0
0,0
0,43579482
5,203914468000001
15,654481908
19,938365988
21,546734928
21,865351116
23,550483642000003
23,541689784000006
23,350299017999998
22,58241354
19,401522059999998
13,596832061999999
17,08906158
10,215778938
0,8842925040000001
0,0
0,0
0,0
0,0
0,0
0,0
0,0
0,0
0,0
0,076110018
2,472244254
13,874243405999998
16,284906054
20,278963860000005
19,428711546
16,718339784
19,293670308
21,742584720000004
22,341910757999997
21,034074473999997
9,316517814
5,7288123660000005
2,1828738480000003
0,173437644
0,0
0,0
0,0
0,0
0,0
0,0
0,0
0,0
0,0
0,657838524
10,337808917999999
16,031783418
19,119748715999997
21,174417264
22,563492684
22,92259263
21,556302312
22,679049996
22,734248166
21,868035329999994
20,311264074
17,66074812
12,58002786
2,629315236
0,0
0,0
0,0
0,0
0,0
0,0
0,0
0,0
0,0
0,604615338
5,41784535
16,603862346000003
19,200715247999998
20,549845596
18,999282714
23,262164202000005
23,398286394
23,44725813
22,882506336000002
21,809846303999997
20,269863438
17,944489457999996
12,385200444000002
2,5894653179999993
0,00700896
0,0
0,0
0,0
0,0
0,0
0,0
0,0
0,0
0,724762518
11,315924646000001
16,26938958
14,859635208
19,571142714
19,913660838
22,974303233999997
20,795090381999998
22,888315368
22,625939682
22,078143336
20,460925044
18,391136334
13,971637055999999
3,828673908
0,0
0,0
0,0
0,0
0,0
0,0
0,0
0,0
0,0
0,42924753
9,497623884000001
17,214033084000004
20,129211528
21,8595372
21,509973054000003
13,540258919999998
13,082430420000001
16,14105042
23,468034096
22,49861334
20,768872116
18,508691982000002
13,994731482
3,9103154040000003
0,007549620000000001
0,0
0,0
0,0
0,0
0,0
0,0
0,0
0,0
0,57326637
14,038457484
17,989456488
20,247907943999998
21,928886501999997
22,960956084
23,36113704
23,267838732
23,439914982
22,342364352
21,628805964
15,904113557999999
7,933929864
4,83565674
1,0955088780000002
0,0
0,0
0,0
0,0
0,0
0,0
0,0
0,0
0,0
0,106693998
1,516925718
1,5817103699999997
6,262910484
7,545695088
8,950741806
8,076180372
10,345789818
14,771575158000001
16,625257001999998
8,845293755999998
8,960639808
4,244531579999999
9,529420632000003
3,725500146000001
0,0
0,0
0,0
0,0
0,0
0,0
0,0
0,0
0,0
0,7741792259999999
13,08526923
17,8812006
20,568337596000003
22,319377968
11,066793845999998
23,748277098000003
20,027375232
22,696042631999997
15,371662187999998
21,307044666000003
21,106064946
18,529867193999998
14,427743430000003
4,052335805999999
0,00983496
0,0
0,0
0,0
0,0
0,0
0,0
0,0
0,0
0,690619374
12,657258246
18,227886173999998
9,943501662000001
10,114635065999998
14,970795342
11,840660622000001
19,060860797999997
12,99699489
22,093469987999995
21,407081016000003
11,739794009999997
5,236825841999999
13,004338158
2,999972088
0,00985956
0,0
0,0
0,0
0,0
0,0
0,0
0,0
0,0
0,9488649899999999
13,338327576
17,648342483999997
20,087677578
21,82740993
22,961069796000004
23,579968085999997
15,449624826000003
21,471584633999996
22,947106685999998
20,272977240000003
18,846874764
17,881299845999997
12,840652301999999
3,770954052
0,00970146
0,0
0,0
0,0
0,0
0,0
0,0
0,0
0,0
0,777491508
12,474451914000001
17,091907008
19,823675717999997
21,487666014000002
22,6650609
22,922479517999996
22,346232467999997
20,958085836
22,222145303999998
20,250657930000003
20,144634636
15,430179084
12,678176118
3,7770575999999996
0,010136880000000001
0,0
0,0
0,0
0,0
0,0
0,0
0,0
0,0
0,714245424
12,966794123999998
17,178636089999998
19,823621801999998
21,453017166
22,509638874
23,149646459999996
23,217912485999996
23,299439148
21,526140473999995
21,72068589
19,75650705
15,828498342000001
7,1969032859999995
1,3957836599999998
0,011860560000000001
0,0
0,0
0,0
0,0
0,0
0,0
0,0
0,0
1,0289288159999999
8,578115255999997
16,921185917999995
19,536754265999996
21,093586938
22,232363814
22,871050901999997
21,292726433999995
23,296569857999998
22,428836166000004
21,431006118
9,701195784000003
7,46955504
6,027795095999999
3,9536612460000002
0,017977979999999998
0,0
0,0
0,0
0,0
0,0
0,0
0,0
0,0
0,3806463
0,61286058
3,0233112
2,86360128
3,4306234800000004
19,893400206
14,241689513999999
9,866742102
10,927125606
18,289740168
18,008796515999997
16,785025554000004
14,022553152
5,712519486
1,025141694
0,01625718
0,0
0,0
0,0
0,0
0,0
0,0
0,0
0,0
0,029529060000000003
0,583522248
1,2201276839999997
3,4759395480000004
7,473367056
9,120897402
14,979350862
16,092964824
17,436345948000003
11,117641422
4,3717907700000005
1,8657193319999998
1,67811123
2,1366758280000004
0,9161909579999999
0,00944148
0,0
0,0
0,0
0,0
0,0
0,0
0,0
0,0
0,498502392
3,7502921459999996
15,285521615999999
10,309564380000001
20,999555748000002
22,683864894
23,256524814000002
20,442163679999997
19,305863544
22,829532048
21,722359847999996
17,765007588
14,741886666000001
11,896127393999997
3,4614595979999994
0,0111771
0,0
0,0
0,0
0,0
0,0
0,0
0,0
0,0
0,9483571980000001
10,69067475
16,447345062
19,336421322000003
21,829143984
22,937488944
19,068504492000002
21,098774958000003
18,239062824
11,468247486000001
15,826208891999999
16,340766042000002
17,209385736
12,506066040000002
3,026266686
0,0121845
0,0
0,0
0,0
0,0
0,0
0,0
0,0
0,0
1,056307464
4,454781870000001
13,227934595999999
19,168340676
21,067804104
21,721846938000002
19,533547764
8,795241198
9,996294678000002
8,137059617999999
4,612336518
7,457753682
4,842050159999999
5,799172482
2,6476720260000004
0,0241707
0,0
0,0
0,0
0,0
0,0
0,0
0,0
0,0
0,7875804599999999
10,360939859999998
15,788689884000002
19,802503452000003
15,215640732
17,703909336000002
22,230473585999995
22,844190732
18,963544284
5,392885362
15,897741534000001
16,664294244
9,471576798
13,146051366
2,7455059260000003
0,0095235
0,0
0,0
0,0
0,0
0,0
0,0
0,0
0,0
1,2229721819999997
10,943304348000003
17,930732004000003
19,723683366
17,800686360000004
22,806697068
18,648905202
23,061572622
19,285848761999997
16,657868130000004
10,204097148
18,451292435999996
15,187721309999999
12,150272585999998
2,718930161999999
0,00791994
0,0
0,0
0,0
0,0
0,0
0,0
0,0
0,0
0,57255225
8,417062362000001
6,4639032
5,260207242
8,693553822
5,7089722080000005
8,836066122
14,330754839999999
5,35992915
5,265374466
7,189808471999999
14,02933149
11,112486132
14,154086657999999
5,143342409999999
0,014066100000000002
0,0
0,0
0,0
0,0
0,0
0,0
0,0
0,0
0,6224692199999999
14,456123369999998
18,667987559999997
10,653050568
20,010290094
23,40664851
23,317670309999997
22,671227400000003
23,662990199999996
22,698414113999995
22,655923127999998
20,473654067999995
19,140530831999996
12,422357417999999
5,872159266000001
0,01584252
0,0
0,0
0,0
0,0
0,0
0,0
0,0
0,0
0,524798304
13,660113348000001
8,807223414
20,667263166000005
22,304101356000004
23,28840594
23,586028116
23,701859633999998
19,680238625999998
16,64788896
9,717202427999998
12,186059111999999
7,7153143680000005
11,068188396
3,2043516600000004
0,00918282
0,0
0,0
0,0
0,0
0,0
0,0
0,0
0,0
1,9900552800000002
11,245432367999998
17,095227768
19,841609190000003
20,508859691999998
19,612616874
22,73539191
12,865455419999998
21,409150385999997
12,815041158000001
16,0358232
18,062581043999998
17,862994044
13,251095807999999
4,891609182
0,013945140000000002
0,0
0,0
0,0
0,0
0,0
0,0
0,0
0,0
1,3140392460000003
11,935616831999997
16,424263518
18,955216542
20,870670989999994
22,033920666000004
22,810449845999997
22,753416018000003
22,890011910000002
21,296979342
20,312425974
18,584344985999998
7,4339383560000005
4,628764344
2,648897106
0,02288682
0,0
0,0
0,0
0,0
0,0
0,0
0,0
0,0
1,2119892120000002
12,256097046000002
16,340284776
19,078231962
21,067162344
22,170204414
22,687182762000003
22,719423954000003
21,680381844
19,199609214
18,88069377
10,712877923999997
16,081265616000003
11,844648492000001
1,066600194
0,012078479999999999
0,0
0,0
0,0
0,0
0,0
0,0
0,0
0,0
1,0502712
9,5627994
15,932647308
19,045134270000002
20,287205634
22,157969609999995
22,812318588000004
22,56078276
21,01016103
21,63559956
20,998828956000004
16,134898818
16,365243438
12,059339387999998
3,047399112
0,01693104
0,0
0,0
0,0
0,0
0,0
0,0
0,0
0,0
1,810264032
12,10416942
16,078494204000002
17,687553539999996
20,740934706000004
21,868072836
22,290208421999996
21,322421514
20,652839736
19,474390182
17,842233582
14,383030626000002
13,48757802
5,258345021999999
1,112979786
0,01169154
0,0
0,0
0,0
0,0
0,0
0,0
0,0
0,0
0,545254566
7,037476608
8,207097527999998
13,901463516
18,230138592
20,184968208
20,493356592
14,80827696
17,406639582
20,81891286
18,849518772
16,620652434000004
11,961090491999999
5,16943446
1,151480046
0,01366614
0,0
0,0
0,0
0,0
0,0
0,0
0,0
0,0
0,690511602
6,794729681999999
13,496310006
17,21768871
19,505263248
21,074081406
21,79403483999999
21,924881916
22,290898716
21,652714752
20,693669442
18,647088588000003
16,063169112
11,291822112
2,767843008
0,016159800000000002
0,0
0,0
0,0
0,0
0,0
0,0
0,0
0,0
0,886993086
9,780424452
14,790135018
17,58553116
19,330634862000004
20,645626103999998
21,25418358
21,419745318
21,556792086
20,866969343999997
19,578323700000002
17,43878874
14,226266556
8,763869843999998
1,7845145100000002
0,01567362
0,0
0,0
0,0
0,0
0,0
0,0
0,0
0,0
0,7885697579999998
3,9278329799999994
5,1937255019999995
12,178756644
18,642588348
18,897441684
19,478893914
18,912880068000003
18,561497958
12,823875083999999
9,24679269
12,321001841999998
7,823320962
3,4162336140000003
1,5425104439999997
0,020715420000000002
0,0
0,0
0,0
0,0
0,0
0,0
0,0
0,0
0,5897338379999999
7,036112892
11,513037365999999
15,68357826
19,351271033999996
20,93309154
9,642159485999999
11,168620026000001
14,393531699999997
4,934813454
9,851386175999998
16,979377524
15,14593854
11,127128669999998
2,73960264
0,020213580000000002
0,0
0,0
0,0
0,0
0,0
0,0
0,0
0,0
0,742424208
9,534881442000001
14,897791139999999
17,90452164
19,759521084
21,036186096
21,839116254
21,608494655999998
21,131027298000003
21,319311042000002
20,747481528000005
19,448890476
17,245514040000003
13,784935451999997
5,789668656
0,01278336
0,0
0,0
0,0
0,0
0,0
0,0
0,0
0,0
0,8118809160000001
11,312179350000001
15,7696743
18,682229909999997
20,628876893999998
21,784741301999997
22,438548894000004
22,592587476000002
22,451362925999998
21,979617792000003
20,995652465999996
19,486338540000002
16,745327399999997
12,523532796
4,505034678
0,013809840000000002
0,0
0,0
0,0
0,0
0,0
0,0
0,0
0,0
0,749685912
12,014890128
16,127689716
18,872379354
20,489874582
21,651145187999997
22,223899566000004
22,513138248000004
22,569094355999997
22,108040814
20,979505745999994
19,147645542
16,799732478
12,735072408
3,938366454
0,015936660000000002
0,0
0,0
0,0
0,0
0,0
0,0
0,0
0,0
0,9088248839999998
10,603981313999999
15,264808931999998
18,013124100000002
19,914476346
21,572897604
22,315874393999998
22,47261132
22,233718193999998
21,484243043999996
20,293029984
18,52165449
15,322674708000001
6,977987166
2,377917054
0,01703142
0,0
0,0
0,0
0,0
0,0
0,0
0,0
0,0
0,6849133139999999
8,923992888
14,816675754
18,50599026
20,623541064
21,531600755999996
22,224675954
17,275770744
19,043700875999996
21,896170608000002
21,058679975999997
19,233895433999997
16,49951283
12,472299912000002
4,4751203639999995
0,0159069
0,0
0,0
0,0
0,0
0,0
0,0
0,0
0,0
0,6909487080000001
10,878052991999997
15,340771362
18,297882498
20,35514913
20,307335808
22,217984718
22,832272416
23,134999643999997
22,687075284
21,704691564
20,440954836
18,400549296
14,586632208
0,0
0,013286040000000002
0,0
0,0
0,0
0,0
0,0
0,0
0,0
0,0
0,744301788
12,739813524000002
16,361031695999998
19,554237468000004
21,388649135999998
21,669389466
23,293678584
23,087511251999995
22,296997193999996
20,21028252
19,571067833999997
19,558297926000005
17,757970824
11,551327674000001
0,8746361219999998
0,018086460000000002
0,0
0,0
0,0
0,0
0,0
0,0
0,0
0,0
0,5956841759999998
13,044527207999996
16,911294366
19,397657532
21,14682006
22,36962519
22,991092266
23,302056773999997
22,153700261999994
22,456830767999996
21,576586302
18,507269886
15,436995306
13,813346417999998
5,043193571999999
0,0112617
0,0
0,0
0,0
0,0
0,0
0,0
0,0
0,0
0,39842236799999997
1,875189012
2,0054915879999995
11,676415554000002
7,651592952
10,065714522
15,245973300000001
16,117724682
20,96062053
17,615510178
20,900546466
16,707101826000002
6,998316846
6,208525440000002
1,2973142039999999
0,010622939999999999
0,0
0,0
0,0
0,0
0,0
0,0
0,0
0,0
0,0
1,483556238
8,10859698
14,47827108
15,573107933999996
20,812604879999995
22,904193954000004
21,10057854
16,022343744
18,755328684
20,997942480000003
17,151704382
15,086744729999998
11,684930675999999
3,7109185559999998
0,01808586
0,0
0,0
0,0
0,0
0,0
0,0
0,0
0,0
0,6965722499999999
10,867303578
15,667065564
18,913125504000003
20,541700247999998
21,716186657999998
22,431974112
22,698299556
22,533933665999992
21,770406264000002
20,872050414
18,472465986000003
16,517306652000002
11,871087420000002
3,2384965019999994
0,01364058
0,0
0,0
0,0
0,0
0,0
0,0
0,0
0,0
0,582581412
11,419990680000002
15,958168176
18,710585910000002
20,567921885999997
21,711383514
22,447816332
22,498035545999997
22,370633508
22,058032511999993
20,970474156
19,290703824
16,5730962
11,852165064000001
3,693199788
0,0139161
0,0
0,0
0,0
0,0
0,0
0,0
0,0
0,0
0,752771304
10,04916759
14,706435929999998
17,776278689999998
19,555987344000002
20,954395998000003
21,83089803
21,967180097999996
21,687988235999995
21,157470216
20,325637416
18,421904255999998
15,277754406000001
9,694786512
1,768400826
0,012186299999999999
0,0
0,0
0,0
0,0
0,0
0,0
0,0
0,0
0,44475467399999996
7,961038812
11,932943898000001
17,863781706
17,213804934
20,372250425999997
22,238907378000004
17,122186398
19,742856672000002
17,798223515999997
11,927346695999999
17,633561057999998
11,552845164
9,3873096
2,8464275879999996
0,015013680000000001
0,0
0,0
0,0
0,0
0,0
0,0
0,0
0,0
0,621429444
10,143660161999998
14,886058745999998
18,111364392
20,055656058000004
21,2372616
22,066273164000002
19,883846135999995
17,770578948
21,369333341999997
20,87163891
18,300566946000004
13,814652431999999
9,583946052
3,00064851
0,01436532
0,0
0,0
0,0
0,0
0,0
0,0
0,0
0,0
0,5432094180000001
9,126081102
13,048439651999999
11,562624762
20,233455713999998
21,475291404
22,498865531999996
22,1382129
22,209867365999997
19,776794832
20,242347132
17,405040012
16,62467211
12,108427008
3,700741398
0,0
0,0
0,0
0,0
0,0
0,0
0,0
0,0
0,0
0,44177815800000003
10,447499039999999
15,624315809999999
18,561236561999998
20,309811959999994
21,637850862000004
22,165729787999997
22,444090056
22,318058484
22,168532856
20,800071774
19,557824561999997
16,900744158
11,896748244000001
2,4516194400000004
0,012749940000000001
0,0
0,0
0,0
0,0
0,0
0,0
0,0
0,0
0,475935426
6,2709771839999995
12,477735342000003
16,566356412
18,638858004
20,620065072000006
21,230876604000002
21,574984116000003
21,601371839999995
21,144586038
19,563902927999997
16,981202106
12,015097002000001
6,8580791759999995
0,8914000739999999
0,00761262
0,0
0,0
0,0
0,0
0,0
0,0
0,0
0,0
0,4913386919999999
5,870596026
5,100793548
14,093074134
15,734016174
18,62454084
14,473599918
19,675973664
20,525083056
18,479529132
17,166207707999998
6,109600734000001
3,53280786
3,161803962
0,8320952579999998
0,015463979999999999
0,0
0,0
0,0
0,0
0,0
0,0
0,0
0,0
0,438230376
4,764164316
15,014061677999997
18,220715832000003
20,531423634000003
21,597195906
15,820546818
22,751883546
22,749110850000005
22,371373775999995
21,348249617999997
19,923020693999998
14,031473969999999
13,129236744
4,368036318000001
0,011093340000000002
0,0
0,0
0,0
0,0
0,0
0,0
0,0
0,0
0,35002131000000003
9,589337736000001
11,184887400000001
18,207786372
16,647316758000002
18,865954709999997
13,342520286000001
14,061697463999998
17,64677616
19,278701298
19,855647708000003
19,780113431999997
16,81714722
12,568567422
3,269923248
0,011196480000000002
0,0
0,0
0,0
0,0
0,0
0,0
0,0
0,0
0,34022495399999997
9,502752209999999
6,588903954000001
4,297000145999999
6,7941753060000005
11,067506609999999
15,316173474
17,67892512
22,041847638
12,458240838
17,386206708000003
16,631473871999997
11,594974176
5,371559490000001
2,8417138079999997
0,01215804
0,0
0,0
0,0
0,0
0,0
0,0
0,0
0,0
0,15821989200000003
10,29393801
5,32912689
10,324036950000002
7,717876391999999
5,922431478
6,523968084
19,001245392000005
18,227299589999998
12,834056136000001
3,3578059860000002
2,0308521959999997
5,89899075
2,173165476
0,7768414619999998
0,00689364
0,0
0,0
0,0
0,0
0,0
0,0
0,0
0,0
0,384882354
1,5899537939999997
2,8930451639999997
6,88760232
6,0477318
8,988782003999999
10,487384106
17,069017499999998
19,966204272
22,391719458
17,363151300000002
3,48274005
5,05691049
8,122557852
1,658356692
0,00888816
0,0
0,0
0,0
0,0
0,0
0,0
0,0
0,0
0,21559861199999997
7,819873469999998
12,816012551999998
18,018780312000004
18,857634977999997
12,579645276
21,234128891999998
20,375735849999998
23,054459418
11,371562592000002
15,138574116000001
8,551924374
7,507638173999999
11,299560216000001
1,987431552
0,00825282
0,0
0,0
0,0
0,0
0,0
0,0
0,0
0,0
0,314286276
10,373909184
16,231991814
19,117085507999995
21,112355867999998
22,029573066
23,25814047
23,340587160000002
23,252563379999998
22,808485278000003
21,70574196
20,000695109999995
17,287687205999994
11,878342253999998
2,5562019960000004
0,00944754
0,0
0,0
0,0
0,0
0,0
0,0
0,0
0,0
0,31057941
9,953746806
15,785663519999998
19,396584294
21,337813788000002
22,56238518
23,235994584000004
23,305319736000005
23,209093446000004
22,500227340000002
21,715299299999995
19,870426422
16,862612747999997
10,803978828
2,7891451199999997
0,009834299999999999
0,0
0,0
0,0
0,0
0,0
0,0
0,0
0,0
0,25098626999999996
9,721232153999997
15,79456785
19,094949143999997
20,933733924
22,054331484000002
22,577107326000004
22,874158368
22,609263047999995
21,97240731
20,966473506
18,920001852
15,760410948
10,298086278
1,890113946
0,00860334
0,0
0,0
0,0
0,0
0,0
0,0
0,0
0,0
0,23850894
8,274676986000003
14,995093565999998
18,500226551999997
20,672244275999997
20,317621758
22,454094024000003
22,852612596
22,616392649999998
20,581337532000003
21,246811661999995
19,6685805
15,94232952
9,645163301999998
1,288035222
0,007205640000000001
0,0
0,0
0,0
0,0
0,0
0,0
0,0
0,0
0,26114951999999997
5,608948302000002
12,874552049999998
16,729189631999997
18,939415296
21,129703926
21,576040560000006
21,897792635999995
21,877621452
21,48447759
19,696534691999997
7,902161855999999
9,194671812
3,759122952
0,593677428
0,005337480000000001
0,0
0,0
0,0
0,0
0,0
0,0
0,0
0,0
0,110520738
3,567309432
12,08533806
10,802158452000002
17,319332447999997
13,517763006000001
15,499607567999998
14,257048727999997
8,617602276
8,195849184
20,69270037
16,40627634
14,80067742
7,17796887
1,280188908
0,0085485
0,0
0,0
0,0
0,0
0,0
0,0
0,0
0,0
0,159120666
6,598168668
13,254603353999997
16,937362416000003
19,249781544
20,841093953999998
21,568574591999997
22,048010658
21,541965209999997
20,403594239999997
17,542138248
17,516565732
14,35111104
8,476539881999999
1,1075770679999999
0,0064719600000000006
0,0
0,0
0,0
0,0
0,0
0,0
0,0
0,0
0,10061864999999999
2,3791512000000004
10,99813737
16,880204388
19,390581912000002
19,894196987999997
20,967850092
21,781586135999998
21,585273012000002
21,221951526
19,744199837999997
17,629742567999998
14,145818957999998
8,374652124
1,196985126
0,00792366
0,0
0,0
0,0
0,0
0,0
0,0
0,0
0,0
0,158629398
5,906845572
13,080574908
16,462785659999998
19,215108246
21,497843958
20,191998054000003
22,487994150000002
21,803467649999998
21,617026830000004
20,249444688000004
18,071851998
14,464713497999998
8,343271038
1,058491686
0,00767214
0,0
0,0
0,0
0,0
0,0
0,0
0,0
0,0
0,13523973600000003
7,964028576
14,144749296
17,541089369999998
20,018997887999998
21,07998603
21,873284238
22,365937470000006
22,450205538000002
22,051820172
20,887393313999997
18,811481376
15,768449022
10,563878081999999
1,7516677499999995
0,0066343800000000005
0,0
0,0
0,0
0,0
0,0
0,0
0,0
0,0
0,11976349200000001
8,522419896
14,809430009999998
17,955081107999998
19,80965874
21,375472770000002
21,80843658
22,100710410000005
22,101018816
21,861003131999997
20,552272986
18,721956462
15,738858840000002
10,832470973999998
1,8182070420000003
0,00545646
0,0
0,0
0,0
0,0
0,0
0,0
0,0
0,0
0,135263436
6,672520931999999
12,083377121999998
16,861872372
20,215705038000003
21,412983936
20,612010954000002
21,758947157999998
22,135316795999998
21,83740026
20,619403902
16,952591838
12,303614351999999
4,175918112000001
0,603798252
0,00258078
0,0
0,0
0,0
0,0
0,0
0,0
0,0
0,0
0,08292519
7,869766955999999
14,174834682
17,912631276
20,263733789999996
21,6695235
22,611234449999998
22,783080491999996
23,035790142000003
22,450404629999998
21,433958268
19,744359216
17,053109472
11,110204254000001
1,1153858520000002
0,00403194
0,0
0,0
0,0
0,0
0,0
0,0
0,0
0,0
0,09300330000000001
8,494262009999998
13,980229415999998
14,983341875999997
15,845356776000001
6,282356111999999
6,602301108
10,625494235999998
13,419276881999998
15,416810237999998
15,985138242
19,338292877999997
14,166196392
10,396659114
1,456224312
0,0040308
0,0
0,0
0,0
0,0
0,0
0,0
0,0
0,0
0,034283232
9,232464006
14,863801818
17,987431758000003
19,131237336
19,108349424
19,257687366000003
15,753814356000001
21,425453387999994
14,176689071999999
18,958730369999998
12,366836969999998
11,381588508
2,8618825020000003
0,286563714
0,0009294599999999999
0,0
0,0
0,0
0,0
0,0
0,0
0,0
0,0
0,0015834000000000002
0,788276274
1,8366053039999999
6,157168998
14,311006643999999
9,715604039999999
5,641020461999999
7,335882606
18,590598204
20,930410566000003
12,405925289999999
7,0875886800000005
4,824342762000001
2,4179208360000004
0,81762987
0,006767280000000001
0,0
0,0
0,0
0,0
0,0
0,0
0,0
0,0
0,066832956
6,456947844
15,347894514
18,587310402
20,779313117999997
22,123918464000003
22,879238562
14,768751516
22,649839571999998
22,261529033999995
21,649357271999996
20,251008948
16,582125251999997
4,258372464
0,48090037199999996
0,00202638
0,0
0,0
0,0
0,0
0,0
0,0
0,0
0,0
0,045250446
9,667155708000001
15,275625018000001
18,705051899999997
20,962191888
21,744743093999997
22,718487947999996
22,309981392000005
21,891743837999996
22,086584196
21,049187147999998
18,917960309999998
15,403038941999998
7,917650579999999
0,9013678259999999
0,00215604
0,0
0,0
0,0
0,0
0,0
0,0
0,0
0,0
0,016672542
7,095660864
14,199796194
17,770208952
19,21860576
21,012977915999997
22,155588732
22,530306354000004
22,337583419999998
21,578131265999996
21,117398634
18,282402336
14,989672200000001
8,75901795
0,479088492
0,00111672
0,0
0,0
0,0
0,0
0,0
0,0
0,0
0,0
0,022128395999999998
5,850900042
12,76658886
16,978560462
19,278207234
18,17506395
20,541153216
22,106517479999997
21,968067864000002
21,599782673999997
20,133854802000002
18,301267536000005
15,149884950000002
8,946778482
0,3982629059999999
0,0007199999999999999
0,0
0,0
0,0
0,0
0,0
0,0
0,0
0,0
0,02864316
5,993438208000001
13,161271619999997
17,033296992
18,176963934
20,875670994000004
21,366860904
20,180147292
18,784145046000003
19,046677686000002
11,520879317999997
11,38013475
7,539821423999999
3,8126132160000004
0,10081587
0,00037920000000000006
0,0
0,0
0,0
0,0
0,0
0,0
0,0
0,0
0,00213147
1,007632374
4,137893129999999
5,897145246
19,483203251999996
20,573484528
21,650864742000003
21,825346884
22,156417998000006
21,545113601999997
20,41632348
17,765289852000002
11,531854986
1,3032832619999999
0,024417528000000004
4,74e-06
0,0
0,0
0,0
0,0
0,0
0,0
0,0
0,0
0,000648336
6,846854628
14,622691721999999
18,452511420000004
20,572847915999997
21,873162108000002
22,574428548
22,728146946000003
22,561358904000006
22,134690276
21,079849128000003
18,516221082
15,597984551999998
7,909298586000001
0,36121536600000004
0,00067386
0,0
0,0
0,0
0,0
0,0
0,0
0,0
0,0
0,000399
7,919422824000001
15,20712543
18,391325946
20,917013886
21,868005017999998
22,57760763
22,957944522
22,701687726
22,198967358
20,884008192
18,822932586
13,750649016
7,730560812000001
0,318364038
0,0006811199999999999
0,0
0,0
0,0
0,0
0,0
0,0
0,0
0,0
0,00026250000000000004
7,066845965999999
14,591367233999998
18,465224682
20,411893428
22,045199201999996
22,682425494
22,786553939999997
22,66733283
22,145454593999997
21,115171380000003
19,025142654
14,96401545
7,58255325
0,17264069999999998
0,00025122
0,0
0,0
0,0
0,0
0,0
0,0
0,0
0,0
0,0
5,9049670800000005
13,721679264
17,616954432000004
20,228334468
21,554452158000004
22,21641606
22,525401851999995
22,221930606
21,952355039999993
20,668168769999998
18,22642935
14,232445704
6,433140444
0,14320683599999998
0,00011376000000000001
0,0
0,0
0,0
0,0
0,0
0,0
0,0
0,0
0,0
5,470009308
11,697182226
14,37514041
19,345827054
14,779625981999999
21,987403332000003
22,412582178000005
22,44508728
21,724066032000003
20,306896548
17,866901772
14,207399736000001
5,08749795
0,11080978200000001
6,636000000000001e-05
0,0
0,0
0,0
0,0
0,0
0,0
0,0
0,0
0,0
1,71805764
10,390918458
16,50651444
19,810267865999997
21,361059012
22,375759644
21,096846900000003
21,872695818000004
18,89705409
11,148167472
17,05696506
12,003212280000001
6,696036372
0,111567276
2,3700000000000003e-05
0,0
0,0
0,0
0,0
0,0
0,0
0,0
0,0
0,0
4,0789940940000005
0,9333466620000002
9,998659439999999
12,28408773
20,16279828
21,275411244000004
20,854614582
18,579878255999997
21,039765372
21,944303736
19,494397157999998
15,660329946
7,394826300000001
0,09675098399999998
1,896e-05
0,0
0,0
0,0
0,0
0,0
0,0
0,0
0,0
0,0
7,38692409
16,05061614
19,444737306
21,405502037999998
22,415309406
22,97524314
23,168041937999995
23,109002502
22,562863019999998
21,508310514
19,78886043
16,386365513999998
7,566710868
0,057361986000000004
4,74e-06
0,0
0,0
0,0
0,0
0,0
0,0
0,0
0,0
0,0
2,3895292079999995
12,510506838
17,164761534
19,884256697999998
21,538167132
20,320717326
21,177029058
20,205396510000003
22,159760868
20,363924339999997
16,263476471999997
14,086027067999998
5,1203641740000005
0,041520839999999996
0,0
0,0
0,0
0,0
0,0
0,0
0,0
0,0
0,0
0,0
1,4045429939999998
5,364366755999999
13,027752246000002
19,014696077999993
21,099628716
22,14145596
22,479789372
22,695464136000002
14,733417924
20,520535715999998
17,427955007999998
12,879249054
3,1364289780000005
0,03514284
0,0
0,0
0,0
0,0
0,0
0,0
0,0
0,0
0,0
0,0
4,610915892
13,182013589999999
17,466847002
19,946994311999998
21,624786947999997
22,498615217999998
22,855041018
22,541352156000002
21,923894501999996
20,652427391999996
18,311608452000005
14,16704883
4,916128776
0,031499076
0,0
0,0
0,0
0,0
0,0
0,0
0,0
0,0
0,0
0,0
2,09722854
11,995256964
16,434927060000003
19,208496521999997
20,734802754
22,100430090000003
22,400174376000002
22,068723408
21,114511146
19,310504568
16,072972512
11,549309064
3,2793199019999997
0,02893944
0,0
0,0
0,0
0,0
0,0
0,0
0,0
0,0
0,0
0,0
0,9311590500000001
3,189307818
10,648151502000001
15,459945942
18,008192777999998
18,337310172000002
15,981581478
14,190117594000002
19,197385152
19,362004895999995
17,040392561999997
11,163090882
3,4565549760000005
0,0202956
0,0
0,0
0,0
0,0
0,0
0,0
0,0
0,0
0,0
0,0
0,4044925260000001
11,315316198
17,118513630000002
19,724745840000004
13,442169437999999
8,499369269999999
6,05721828
14,999805809999998
22,089580224000002
19,97728734
8,10943332
15,478609938000002
3,175820994
0,02457432
0,0
0,0
0,0
0,0
0,0
0,0
0,0
0,0
0,0
0,0
0,9591613800000003
13,238284079999998
18,26033256
18,975406674000002
21,904472100000003
19,78910409
17,175351695999996
18,739369164
23,020890246
21,747291258
19,517374104
15,59992533
5,6584201499999995
0,025800456000000003
0,0
0,0
0,0
0,0
0,0
0,0
0,0
0,0
0,0
0,0
0,917671188
1,4614485480000001
8,189492634
2,5413128400000002
19,937837766000005
14,676141714
21,257141045999997
21,489638238
10,259317668
11,862412602000001
16,520338950000003
7,7605772759999985
1,2903528059999998
0,0191967
0,0
0,0
0,0
0,0
0,0
0,0
0,0
0,0
0,0
0,0
0,149258052
6,108006474000001
4,886444826000001
4,529281488
14,77365894
18,463429302
19,513921974000002
20,399599398
6,292421507999999
7,436858645999999
2,8100938380000007
2,845023042
1,2245169
0,016986719999999997
0,0
0,0
0,0
0,0
0,0
0,0
0,0
0,0
0,0
0,0
0,441672912
3,8545461779999997
6,1022924100000004
6,850787724
10,527785795999998
12,737539265999997
20,4159468
14,012475624
12,699738431999998
20,897573472
17,889884202
15,160314048
4,277675675999999
0,01737486
0,0
0,0
0,0
0,0
0,0
0,0
0,0
0,0
0,0
0,0
2,756004234
14,67410982
19,183870644
19,843202190000003
22,641441341999997
23,291080584
23,49235194
22,994439311999994
18,431999135999998
21,386251332
19,555932012
15,570543912
5,558508534
0,016848600000000002
0,0
0,0
0,0
0,0
0,0
0,0
0,0
0,0
0,0
0,0
0,760997274
3,885329598
14,508196002
21,184823322
22,307878403999997
22,993868795999997
23,242248846
23,173081266
22,766146764000002
21,606977922
19,599250722
15,2967471
5,106107376
0,01618644
0,0
0,0
0,0
0,0
0,0
0,0
0,0
0,0
0,0
0,0
1,868709996
6,496414511999999
19,181403738
21,072478926
22,513179887999996
23,334305706000002
23,600442348
22,599979506
20,134400994000003
21,794939634000002
19,44729129
14,905651824
1,0568443260000002
0,01413516
0,0
0,0
0,0
0,0
0,0
0,0
0,0
0,0
0,0
0,0
2,6029636619999996
14,948848301999998
16,128004985999997
17,858066724
18,913989473999997
19,449402582
23,063208978000002
23,151784217999992
22,414793856
21,283228931999997
19,154820288
15,217208921999998
4,7264095500000005
0,012225360000000001
0,0
0,0
0,0
0,0
0,0
0,0
0,0
0,0
0,0
0,0
1,89461709
12,981208974
18,888594341999998
21,212905482
22,531364838
23,173695534
23,305874940000002
23,186077974
22,509037985999996
21,169575264
19,116935160000004
14,61788142
3,9752720699999995
0,011587140000000001
0,0
0,0
0,0
0,0
0,0
0,0
0,0
0,0
0,0
0,0
1,547431974
13,456275726
18,24211656
20,65147092
22,196417441999998
22,840548419999998
22,920917034000002
22,899510972000005
20,925774126
20,899831961999997
18,334706448000002
13,184322359999996
2,526862788
0,01219332
0,0
0,0
0,0
0,0
0,0
0,0
0,0
0,0
0,0
0,0
0,190982712
6,325939571999999
15,016951296
14,387953847999999
19,080132293999995
20,374771524000003
11,696859648000002
12,114419285999999
12,008771316
8,268698094
5,380449036
2,830046478
0,802593114
0,00614928
0,0
0,0
0,0
0,0
0,0
0,0
0,0
0,0
0,0
0,0
1,247222832
13,291105398
18,155970701999998
21,064045577999998
22,648697046000006
23,159380848
23,287650492000004
23,208608982
23,18771646
9,532303806
16,646105574
6,796672452
2,1449483999999996
0,01122732
0,0
0,0
0,0
0,0
0,0
0,0
0,0
0,0
0,0
0,0
0,5485148099999999
12,388329815999999
17,801837688
20,478172781999998
21,840336978
22,897914348
6,717114762
20,801054237999995
10,905752562
20,674464774000004
14,544334433999998
11,25343185
2,307637596
0,006194100000000001
0,0
0,0
0,0
0,0
0,0
0,0
0,0
0,0
0,0
0,0
0,947497944
13,709342993999998
18,51702144
21,090986735999998
22,357644035999993
18,342159900000002
17,57488362
16,696023503999996
17,861654808000004
16,995330126000002
19,06146747
7,265027556000001
2,272301466
0,01226616
0,0
0,0
0,0
0,0
0,0
0,0
0,0
0,0
0,0
0,0
0,3066777479999999
1,7825194260000001
7,356471401999999
18,480624048
17,639812686000003
21,118453254
14,597389704000001
18,344378711999997
21,660469289999998
10,654937886
4,667927544000001
2,518878288
0,157286472
0,00022103999999999998
0,0
0,0
0,0
0,0
0,0
0,0
0,0
0,0
0,0
0,0
0,8217470400000001
11,924235264
17,187457392
20,265425351999998
21,772668486
23,10453593399999
18,454899149999996
20,985775601999997
21,242581194
20,506003020000005
17,394290171999998
8,05127565
1,1445885
0,004606379999999999
0,0
0,0
0,0
0,0
0,0
0,0
0,0
0,0
0,0
0,0
0,5598790200000001
11,506459469999998
17,5345443
19,719586614000004
21,601047192000003
22,25377101
22,700876375999997
21,373698360000002
15,723198966
4,996861956
3,85030491
4,118730918
1,0497093599999998
0,007455959999999999
0,0
0,0
0,0
0,0
0,0
0,0
0,0
0,0
0,0
0,0
0,530909886
11,311937214
17,64503736
20,361923939999997
21,351851364
22,704271758
23,032903800000003
22,906140239999996
21,468296454
20,523469523999996
17,686808814
11,344682928000003
1,09338477
0,0038303400000000007
0,0
0,0
0,0
0,0
0,0
0,0
0,0
0,0
0,0
0,0
0,498264888
12,431412473999998
18,168073212
20,722357434000003
22,116747138
22,783688574
22,946313456
22,80085038
22,011916962000004
20,593223316
17,848859712000003
10,51657128
0,631622862
0,00195702
0,0
0,0
0,0
0,0
0,0
0,0
0,0
0,0
0,0
0,0
0,43034853
11,453891147999999
16,992391943999998
19,867035612
21,522953148000003
22,432889519999996
22,574616144000004
22,385790096
21,686321904000003
19,918769766
16,863851622
9,020870508000002
0,459187902
0,00113472
0,0
0,0
0,0
0,0
0,0
0,0
0,0
0,0
0,0
0,0
0,380238516
12,322622274
17,671798331999998
20,333926499999997
21,794907084000002
22,426727232
22,603417955999998
22,372981656
21,650387556000002
20,064367230000002
14,515336614
3,1942788660000003
0,281361978
0,0012126
0,0
0,0
0,0
0,0
0,0
0,0
0,0
0,0
0,0
0,0
0,174170076
5,10615684
6,001285374
15,429332903999999
18,178228290000003
18,397368492000002
16,143645204
10,587456773999998
4,678301988
4,740597768000001
1,9459476179999997
1,6018288680000001
0,086538846
0,00010902000000000001
0,0
0,0
0,0
0,0
0,0
0,0
0,0
0,0
0,0
0,0
0,49328458799999997
2,1200659500000003
2,56477095
8,337003588
14,840040768
5,556198342
5,116440558
7,704287711999999
8,051848452
5,840362722000001
3,5859864479999994
2,034234048
0,05463528
0,0
0,0
0,0
0,0
0,0
0,0
0,0
0,0
0,0
0,0
0,0
0,0030318
1,4746627500000002
4,672193099999999
13,462530491999999
20,551891938
21,44258274
15,895142988
15,523332078
19,281324216
16,32589884
16,206646770000003
9,064318145999998
0,44616003600000004
0,00081558
0,0
0,0
0,0
0,0
0,0
0,0
0,0
0,0
0,0
0,0
0,14281552799999997
0,177758364
3,4420520880000005
17,589319805999995
21,304459211999998
22,084228523999997
20,301167226
21,899713392000006
20,232674508
19,716860345999997
16,903617444
9,377727426000002
0,25278057000000004
0,00031758000000000003
0,0
0,0
0,0
0,0
0,0
0,0
0,0
0,0
0,0
0,0
0,18641838600000002
2,6597008440000005
16,286727204
16,161128387999998
21,920735267999998
20,395531794000004
11,000061978
21,845696334
21,958442004000002
20,744828574000003
18,016022598
9,565648308
0,17527372200000002
7,584e-05
0,0
0,0
0,0
0,0
0,0
0,0
0,0
0,0
0,0
0,0
0,25863961799999996
10,638642288
15,87520707
7,145659578
20,739825389999993
23,252027010000003
18,142968059999998
23,259804348
22,490971578
14,504191242000001
18,341278686000003
9,588400812000001
0,147864576
0,00018012
0,0
0,0
0,0
0,0
0,0
0,0
0,0
0,0
0,0
0,0
0,14197754399999998
13,251212496
19,064561082000004
18,487907094
21,681405042
17,692831668
20,932954895999995
17,279613774
20,223979667999995
19,083924948
13,620126666000003
2,3708623019999995
0,18837608400000003
0,0
0,0
0,0
0,0
0,0
0,0
0,0
0,0
0,0
0,0
0,0
0,13786414200000002
10,096607322000002
19,452330144
21,545920698000003
22,910114861999997
23,50813581
23,706611496
23,218391718
22,503722376
21,094972146000003
18,38751492
10,013148954000002
0,146005686
4,74e-06
0,0
0,0
0,0
0,0
0,0
0,0
0,0
0,0
0,0
0,0
0,10596910199999998
11,049410550000001
17,057135742
19,615844808000002
21,366079518000003
22,180391795999995
22,529321928
21,907280309999997
21,212259953999997
19,678023096
18,09791895
9,466010376
0,21408985799999997
0,0
0,0
0,0
0,0
0,0
0,0
0,0
0,0
0,0
0,0
0,0
0,10521157199999999
11,823642606
18,398281175999998
20,954724132000003
22,317216636
22,9618998
23,220653544
22,796843166000002
22,027330212000003
20,515336704000006
17,473203582000004
9,047118005999998
0,15390930600000002
0,0
0,0
0,0
0,0
0,0
0,0
0,0
0,0
0,0
0,0
0,0
0,013756979999999999
1,12052964
2,9065029000000004
4,2679412999999995
20,841291312
21,949136027999998
21,867880926
21,648237179999995
20,791554515999998
18,235291764
13,738109543999999
4,684761696000001
0,047171922000000005
0,0
0,0
0,0
0,0
0,0
0,0
0,0
0,0
0,0
0,0
0,0
0,067703046
6,4353400380000005
14,347817735999998
18,314783112
20,072197385999996
21,55670247
17,215195674
10,975183962000001
10,838004449999998
13,064786226
3,4322162700000005
1,8357481500000001
0,029729400000000003
0,0
0,0
0,0
0,0
0,0
0,0
0,0
0,0
0,0
0,0
0,0
0,036766481999999996
5,668119642
8,369829006
18,974741826
21,285470681999996
22,641947088000002
20,978131782
22,675557419999997
21,949918590000003
19,933652616000003
16,61972361
5,097033462000001
0,04953582
0,0
0,0
0,0
0,0
0,0
0,0
0,0
0,0
0,0
0,0
0,0
0,06395719200000001
8,401027518000001
16,284328542
14,389045374
15,636004956
17,381276604000004
22,617094254
15,366916854000003
11,801028396000001
6,8041574339999995
15,658776054
5,631788178000001
0,05670672
0,0
0,0
0,0
0,0
0,0
0,0
0,0
0,0
0,0
0,0
0,0
0,028493447999999998
5,546666076
15,583720655999999
14,791481616
19,824287207999998
20,313729636
20,288522022000002
7,819045434000001
5,35211907
9,540543780000002
13,307630442
1,773805602
0,017207999999999998
0,0
0,0
0,0
0,0
0,0
0,0
0,0
0,0
0,0
0,0
0,0
0,018369372
10,059616776
17,55994437
20,532675227999995
22,075266456
22,81814184
23,236989443999995
22,773101669999996
21,977320680000002
19,713475494
16,019878367999997
6,194940450000001
0,03316182
0,0
0,0
0,0
0,0
0,0
0,0
0,0
0,0
0,0
0,0
0,0
0,019240152000000003
9,166810469999998
17,104888925999997
20,3952603
22,147370214
20,467996716
23,634283997999997
15,313902839999999
8,63659683
13,089235122000002
13,780090278
4,556902871999999
0,03019068
0,0
0,0
0,0
0,0
0,0
0,0
0,0
0,0
0,0
0,0
0,0
0,05556543
3,94291356
18,03299751
20,13093756
21,864066725999997
22,130794482000002
21,141671556000002
23,087739138000003
18,417048312
19,706853102
15,819132689999996
5,844851418
0,026738220000000004
0,0
0,0
0,0
0,0
0,0
0,0
0,0
0,0
0,0
0,0
0,0
0,009063731999999998
9,918419664
17,578485719999996
21,037109004
22,285414841999998
23,026239876
23,160668976
22,687974996
21,888712236000003
20,183651502
15,841462799999999
5,705592384000001
0,0221778
0,0
0,0
0,0
0,0
0,0
0,0
0,0
0,0
0,0
0,0
0,0
0,011160755999999999
9,050794290000002
15,83519085
19,286485992
21,280764989999998
22,453378632
19,517153861999997
18,921744611999998
17,011930691999996
16,7777163
11,279320319999998
1,3674810119999998
0,015424620000000002
0,0
0,0
0,0
0,0
0,0
0,0
0,0
0,0
0,0
0,0
0,0
0,0
1,084921116
11,524671623999998
7,96247556
16,894079897999998
7,433768658
6,890260151999999
5,336168201999999
3,482515164
1,8964565879999997
1,028358804
0,25844701800000003
0,0040906200000000005
0,0
0,0
0,0
0,0
0,0
0,0
0,0
0,0
0,0
0,0
0,0
0,0
0,21238179599999998
0,34476790799999996
0,586735188
0,926123616
1,208104896
3,2190869820000003
1,931052552
0,66435168
0,636771342
1,4789868780000002
1,184111046
0,0203352
0,0
0,0
0,0
0,0
0,0
0,0
0,0
0,0
0,0
0,0
0,0
0,0
1,945295448
8,916345486
6,455908128
13,966845408
8,154867545999998
19,491045756
22,124673870000002
8,606805618000001
3,104329596
2,2496379959999997
0,631533048
0,0112128
0,0
0,0
0,0
0,0
0,0
0,0
0,0
0,0
0,0
0,0
0,0
0,0
1,149219588
4,224030786
8,264474316
8,741304126
3,9692004839999995
2,49539694
2,304942294
2,7343755300000003
2,1064029420000003
1,0361694779999997
0,14262804
1,896e-05
0,0
0,0
0,0
0,0
0,0
0,0
0,0
0,0
0,0
0,0
0,0
0,0
0,804236802
3,0810153479999993
3,882758802
3,050089716
2,427617622
2,5219526939999994
1,7044596179999998
1,010075424
0,6771704940000001
0,53697816
0,02181372
0,0
0,0
0,0
0,0
0,0
0,0
0,0
0,0
0,0
0,0
0,0
0,0
0,0
0,57748581
11,174326386000002
12,064921169999998
8,178541992
7,0705715399999995
20,988875999999998
11,205243708
6,661398078000001
15,281878134000001
12,464118822
1,7390549940000002
0,01118628
0,0
0,0
0,0
0,0
0,0
0,0
0,0
0,0
0,0
0,0
0,0
0,0
0,5912122860000001
5,076820914
8,756762207999998
18,389448564
23,318840304
23,534018454
23,15027268
21,244543020000005
14,482998
2,6193789659999998
0,517234776
0,007176180000000001
0,0
0,0
0,0
0,0
0,0
0,0
0,0
0,0
0,0
0,0
0,0
0,0
0,90787818
3,980019977999999
8,144846430000001
19,157951184
23,23847667
21,746718918000003
20,385934565999996
20,340929022
19,2305574
15,884321537999998
3,516047544
0,00831138
0,0
0,0
0,0
0,0
0,0
0,0
0,0
0,0
0,0
0,0
0,0
0,0
7,090918596000001
18,447848309999998
20,044055705999998
18,644093418
20,070676439999996
19,400767098
19,455931752
16,984824732
5,04199572
3,32041398
0,7367184599999999
0,00753822
0,0
0,0
0,0
0,0
0,0
0,0
0,0
0,0
0,0
0,0
0,0
0,0
0,642877902
1,30587561
1,60804125
2,776257984
4,664114442
5,848480962
5,9405984400000005
3,1077237419999997
2,5470055560000002
1,790544774
0,226386162
0,0023986800000000003
0,0
0,0
0,0
0,0
0,0
0,0
0,0
0,0
0,0
0,0
0,0
0,0
8,834573046
14,948827830000003
20,630617032000004
22,242014556
23,005275203999997
23,305907202
23,032298442
22,005930216000003
17,982952110000003
14,606272284
1,5663288
0,004384559999999999
0,0
0,0
0,0
0,0
0,0
0,0
0,0
0,0
0,0
0,0
0,0
0,0
8,302810662
17,076419424
20,396401302
21,970361328
22,804189242000003
22,935882299999996
22,503733938
21,478432686000005
19,443213935999996
14,121836303999999
2,0814633479999998
0,004657199999999999
0,0
0,0
0,0
0,0
0,0
0,0
0,0
0,0
0,0
0,0
0,0
0,0
5,926159434
16,604845362
20,202440286
21,926090292
22,793621154
23,005461186000005
22,355437007999996
20,209129974
13,466115804000003
10,407509327999998
0,678831888
0,0017979600000000001
0,0
0,0
0,0
0,0
0,0
0,0
0,0
0,0
0,0
0,0
0,0
0,0
5,955846876
16,982422326
20,573008182
21,619862400000002
22,297657818
22,385698493999996
21,974008979999997
21,47186319
18,766510955999998
9,058247898000001
0,6152848559999998
0,0028437000000000002
0,0
0,0
0,0
0,0
0,0
0,0
0,0
0,0
0,0
0,0
0,0
0,0
4,479275976
16,554873216
20,25306531
21,96413757
22,656391266000004
22,752356736000003
22,463491266000005
21,454788048
14,477955221999999
13,017928950000002
1,178044566
0,00189798
0,0
0,0
0,0
0,0
0,0
0,0
0,0
0,0
0,0
0,0
0,0
0,0
0,4313858099999999
2,3366558879999997
10,399909199999998
5,05466553
6,517965408000001
5,768418059999999
19,675030925999994
11,8002366
16,431738918
8,904241884000001
0,766989948
0,00145578
0,0
0,0
0,0
0,0
0,0
0,0
0,0
0,0
0,0
0,0
0,0
0,0
0,5709175679999999
2,846475132
3,486217458
2,837487054
3,6431778839999995
6,569755032
7,950949788
4,2964380360000005
2,8083667199999995
0,724542984
0,02609862
6,162e-05
0,0
0,0
0,0
0,0
0,0
0,0
0,0
0,0
0,0
0,0
0,0
0,0
0,06887663999999999
0,7687565999999999
0,9128128800000002
1,0706094000000002
2,71627716
1,7545872
4,46099331
3,062839548
3,244932354
0,9555767219999998
0,092481756
0,00020382
0,0
0,0
0,0
0,0
0,0
0,0
0,0
0,0
0,0
0,0
0,0
0,0
3,982546332
18,030790782
21,280756212
23,123487918
23,4587175
23,175799134
22,556588694000002
22,257822077999997
20,208189276000002
10,107242207999999
0,419913834
0,00023700000000000001
0,0
0,0
0,0
0,0
0,0
0,0
0,0
0,0
0,0
0,0
0,0
0,0
3,762774738
17,948640834000003
20,965698342
22,688352828
23,383225968
23,331295709999996
22,870223598
21,887954478
19,970706144
13,384065893999999
0,495075048
0,00034127999999999996
0,0
0,0
0,0
0,0
0,0
0,0
0,0
0,0
0,0
0,0
0,0
0,0
2,2364367659999997
16,358256048
19,891522548
20,999439276
22,991889018000002
23,131946472
20,774936016
20,677531145999996
18,922072703999998
11,859428934
0,28251142799999995
3,3180000000000004e-05
0,0
0,0
0,0
0,0
0,0
0,0
0,0
0,0
0,0
0,0
0,0
0,0
1,908455274
6,866549364000001
18,833908842
21,417518724
20,723385
21,983011043999994
20,941404156
18,082077912
12,2594727
6,234882816000001
0,245227962
4,2659999999999995e-05
0,0
0,0
0,0
0,0
0,0
0,0
0,0
0,0
0,0
0,0
0,0
0,0
1,0885522920000001
16,006609854
20,373388266000003
22,10880696
22,833264114
23,12669517
22,596763877999997
21,556205105999997
19,151018351999994
12,294395706
0,38650212
6,162e-05
0,0
0,0
0,0
0,0
0,0
0,0
0,0
0,0
0,0
0,0
0,0
0,0
0,9261746699999999
15,615667518
20,209826753999998
21,712050048000002
22,589080925999998
22,858848690000002
22,489147218000003
21,321861618
18,771369827999997
11,395446714000002
0,184971462
0,0
0,0
0,0
0,0
0,0
0,0
0,0
0,0
0,0
0,0
0,0
0,0
0,0
0,5843028780000001
15,215980223999999
19,812806166
21,695551505999997
22,333279266000005
22,466758344
22,114649298
21,158912958
18,374418318000004
11,269999266000001
0,24283683
2,3700000000000003e-05
0,0
0,0
0,0
0,0
0,0
0,0
0,0
0,0
0,0
0,0
0,0
0,0
0,0
0,0
0,0
0,0
0,0
0,0
0,0
0,0
0,0
0,0
0,0
0,0
0,0
0,0
0,0
0,0
0,0
0,0
0,0
0,0
0,0
0,0
0,0
0,505556976
12,104859959999997
17,371983905999997
11,287488492
19,474518605999997
14,15809008
22,245521862
17,458406454
14,306461356000003
6,68596089
0,11628867
0,0
0,0
0,0
0,0
0,0
0,0
0,0
0,0
0,0
0,0
0,0
0,0
0,0
0,0
0,39787963800000004
1,8938450279999997
5,417195562
9,17103582
12,299095739999999
20,277045815999998
20,647920600000003
18,180291252000004
9,080887614
0,12172190400000002
0,0
0,0
0,0
0,0
0,0
0,0
0,0
0,0
0,0
0,0
0,0
0,0
0,0
0,7038119279999999
2,8910735340000002
15,290089380000001
3,352026516
1,4303580779999998
3,506538492
2,9527430939999997
0,7943114640000001
0,641296644
0,10705347
0,00040824
0,0
0,0
0,0
0,0
0,0
0,0
0,0
0,0
0,0
0,0
0,0
0,0
0,0
0,0062034
0,31189413599999993
1,1807837099999998
0,9169915620000001
1,219904826
1,3738975679999998
0,828796566
0,612799752
0,506323908
0,130372932
7,11e-05
0,0
0,0
0,0
0,0
0,0
0,0
0,0
0,0
0,0
0,0
0,0
0,0
0,0
0,0
0,09193727999999998
0,61090782
0,96146346
2,1916111199999997
3,166176192000001
1,8247841040000004
1,9528975259999999
1,364223096
0,5247716459999999
0,00680478
0,0
0,0
0,0
0,0
0,0
0,0
0,0
0,0
0,0
0,0
0,0
0,0
0,0
9,954000000000001e-05
0,10501056000000002
0,18976812
0,31170228000000005
0,48185112
0,5165292
0,61870308
0,29359008
0,28332840000000004
0,051019980000000006
0,00540972
0,0
0,0
0,0
0,0
0,0
0,0
0,0
0,0
0,0
0,0
0,0
0,0
0,0
0,06506471999999999
0,8292252600000001
6,9822370199999995
7,147397796
15,998785955999997
20,924612658
15,004505016000001
18,574935288000002
14,623250508
5,233509666
0,03744978
0,0
0,0
0,0
0,0
0,0
0,0
0,0
0,0
0,0
0,0
0,0
0,0
0,0
0,0
0,12822352799999998
1,0879664039999999
1,728876618
2,5360063559999997
1,341733422
2,793127704
1,887567978
0,41166995399999995
0,172683498
0,0009145799999999999
0,0
0,0
0,0
0,0
0,0
0,0
0,0
0,0
0,0
0,0
0,0
0,0
0,0
0,0
1,5739154460000002
0,566307054
1,175241564
3,878702628
7,421377788000001
9,49621659
8,645021712
7,735862963999999
6,606840678
0,02956902
0,0
0,0
0,0
0,0
0,0
0,0
0,0
0,0
0,0
0,0
0,0
0,0
0,0
0,0
0,0
0,0
0,0
0,0
10,658399364
9,400434174000003
5,084180652
2,105088678
0,9821604119999999
0,02044236
0,0
0,0
0,0
0,0
0,0
0,0
0,0
0,0
0,0
0,0
0,0
0,0
0,0
0,09987451800000001
11,31398997
17,560045373999998
20,082487097999998
21,27964176
20,1210756
21,356007786
19,781170727999996
14,114534562
4,839891599999999
0,022003320000000003
0,0
0,0
0,0
0,0
0,0
0,0
0,0
0,0
0,0
0,0
0,0
0,0
0,0
0,053695572000000004
2,0045445
15,311319996000002
16,977203153999998
17,206394850000002
8,728996248
6,9714703920000005
6,981604284
3,9230453819999997
1,4104228619999999
0,02190924
0,0
0,0
0,0
0,0
0,0
0,0
0,0
0,0
0,0
0,0
0,0
0,0
0,0
0,0036204
0,9976205640000002
1,3548557399999999
4,14888144
5,379619746
12,371391161999998
7,63923735
9,878950452
2,115017628
0,83571645
0,02586768
0,0
0,0
0,0
0,0
0,0
0,0
0,0
0,0
0,0
0,0
0,0
0,0
0,0
0,0
0,03262224
0,7451687819999998
0,8182017360000002
1,1226602220000002
1,7834206379999997
2,5228357200000007
3,353843058
0,67719894
0,149107788
0,00030174
0,0
0,0
0,0
0,0
0,0
0,0
0,0
0,0
0,0
0,0
0,0
0,0
0,0
0,030296928
5,552593764
13,228702356
17,495912592
20,747715768000003
18,445240487999996
15,692834754000001
6,695773877999999
2,0597085660000003
0,668206422
0,00840498
0,0
0,0
0,0
0,0
0,0
0,0
0,0
0,0
0,0
0,0
0,0
0,0
0,0
0,0
0,9129268859999999
9,093773856
5,489135778
6,972685602
17,682974868000002
4,594640243999999
2,8710050639999993
11,290903128000002
3,1562915759999997
0,01618158
0,0
0,0
0,0
0,0
0,0
0,0
0,0
0,0
0,0
0,0
0,0
0,0
0,0
0,0068379899999999995
2,385577686
4,647681348
5,666678862
10,057925622
16,119551316
8,000966742
3,7389996599999993
10,719825204000001
0,871261122
0,0098568
0,0
0,0
0,0
0,0
0,0
0,0
0,0
0,0
0,0
0,0
0,0
0,0
0,0
0,0
0,462604044
1,72002054
4,956708528
10,309789428
7,799874582
6,533862738
4,4234466900000005
4,662236196
3,2980685939999996
0,025434240000000004
0,0
0,0
0,0
0,0
0,0
0,0
0,0
0,0
0,0
0,0
0,0
0,0
0,0
0,00030792000000000005
4,868048124
16,742774208
20,727850158000003
20,648829755999994
22,071091950000003
20,596989768000004
16,091772702
12,697905816
2,952140376
0,026132460000000003
0,0
0,0
0,0
0,0
0,0
0,0
0,0
0,0
0,0
0,0
0,0
0,0
0,0
0,0
7,9437155819999985
14,89083639
21,094272756
22,004647254
22,141769256
21,663721739999996
20,240938542000002
16,74694878
6,482630208
0,01841742
0,0
0,0
0,0
0,0
0,0
0,0
0,0
0,0
0,0
0,0
0,0
0,0
0,0
0,000837
10,781682558
18,281420286
20,87061369
21,828814278
22,010075658
21,727844538000003
20,022676044
15,897348174000003
5,538914502000001
0,01853178
0,0
0,0
0,0
0,0
0,0
0,0
0,0
0,0
0,0
0,0
0,0
0,0
0,0
0,0
1,427215482
1,147370424
8,542569798
12,659937887999998
3,1177524299999995
1,10369949
1,08229422
0,288810978
0,231901206
0,01079814
0,0
0,0
0,0
0,0
0,0
0,0
0,0
0,0
0,0
0,0
0,0
0,0
0,0
0,0
0,6775779119999998
1,5955212239999996
2,498333784
3,076218684
6,294693156
6,1440268620000005
4,828400496
2,448588366
0,927326244
0,00890952
0,0
0,0
0,0
0,0
0,0
0,0
0,0
0,0
0,0
0,0
0,0
0,0
0,0
0,0
8,633108201999997
16,755921786
20,331031434
21,801210138000002
21,993176934000005
21,432759911999998
19,873080834000003
14,991514224
3,4415433299999996
0,01527468
0,0
0,0
0,0
0,0
0,0
0,0
0,0
0,0
0,0
0,0
0,0
0,0
0,0
0,0
0,322805856
1,59072789
4,3444956359999995
5,447926482
7,67624913
3,9299989379999998
3,6566203440000002
1,8809060219999998
0,457444518
0,0007232400000000001
0,0
0,0
0,0
0,0
0,0
0,0
0,0
0,0
0,0
0,0
0,0
0,0
0,0
0,0
0,0065915999999999995
0,8537929320000001
1,4266488060000002
8,830247652
2,556139788
1,05048903
1,9021589040000002
2,5862428260000003
0,161446392
0,005360040000000001
0,0
0,0
0,0
0,0
0,0
0,0
0,0
0,0
0,0
0,0
0,0
0,0
0,0
0,0
0,3544850819999999
0,6214550759999999
1,896298386
5,597307870000001
2,0635124460000003
3,1421512259999993
1,8756019980000003
1,8389180640000002
0,153597522
0,00179562
0,0
0,0
0,0
0,0
0,0
0,0
0,0
0,0
0,0
0,0
0,0
0,0
0,0
0,0
0,35301945
7,39539924
0,9776678879999999
1,4267703600000001
1,0834243860000001
1,4098659359999997
0,70277589
0,303646446
0,038102616000000006
0,0
0,0
0,0
0,0
0,0
0,0
0,0
0,0
0,0
0,0
0,0
0,0
0,0
0,0
0,0
0,7711803419999999
1,5682502999999997
1,8559377060000002
1,265212938
1,5618030779999998
1,462670982
2,3777103659999996
0,562035156
0,01358466
0,0
0,0
0,0
0,0
0,0
0,0
0,0
0,0
0,0
0,0
0,0
0,0
0,0
0,0
0,0
6,328335534
17,920497041999997
21,132121932
23,053542078
23,505675198
23,015719391999994
21,596762561999995
17,599075380000002
5,274876912
0,01193028
0,0
0,0
0,0
0,0
0,0
0,0
0,0
0,0
0,0
0,0
0,0
0,0
0,0
0,0
0,9588372000000001
2,5819735680000004
1,0692969
3,4909143419999995
5,837328006
3,6748258379999994
7,120451105999999
13,263124938
1,18531803
0,0087102
0,0
0,0
0,0
0,0
0,0
0,0
0,0
0,0
0,0
0,0
0,0
0,0
0,0
0,0
0,107570382
0,8708141699999999
2,961503796
1,279299222
1,812543906
1,828639206
1,983153294
0,7527407819999998
0,11010948000000001
0,00269178
0,0
0,0
0,0
0,0
0,0
0,0
0,0
0,0
0,0
0,0
0,0
0,0
0,0
0,0
0,12081519
0,44300688
0,650395188
1,374742932
1,8439353180000002
1,519428594
0,939442494
0,7795897260000001
0,194961966
0,00040668
0,0
0,0
0,0
0,0
0,0
0,0
0,0
0,0
0,0
0,0
0,0
0,0
0,0
0,0
1,5202982219999999
5,934785994
8,045589372
21,127592603999997
22,082620289999994
21,623155644
20,338169657999998
15,356328162
1,8701792039999998
0,014821740000000002
0,0
0,0
0,0
0,0
0,0
0,0
0,0
0,0
0,0
0,0
0,0
0,0
0,0
0,0
0,044417694
0,43855146599999995
0,48104503200000004
1,1146390080000002
0,914965182
1,178938182
1,06254672
3,9967296300000004
0,694382268
0,0048021
0,0
0,0
0,0
0,0
0,0
0,0
0,0
0,0
0,0
0,0
0,0
0,0
0,0
0,0
0,21434553000000003
1,33640718
1,3189429679999998
0,933948516
2,4138885719999994
2,8068254879999994
2,3603135039999996
0,979844652
0,45121616999999997
0,009251520000000001
0,0
0,0
0,0
0,0
0,0
0,0
0,0
0,0
0,0
0,0
0,0
0,0
0,0
0,0
6,496211754
14,470659047999998
19,945965552
9,04074471
4,152005945999999
5,07566343
5,465156622
1,282551402
0,15638943
0,000651
0,0
0,0
0,0
0,0
0,0
0,0
0,0
0,0
0,0
0,0
0,0
0,0
0,0
0,0
5,568986112
17,815182558
21,111234006000004
22,496053103999998
22,543101251999996
17,180780333999998
6,442179246
4,241379869999999
0,356998692
0,00238674
0,0
0,0
0,0
0,0
0,0
0,0
0,0
0,0
0,0
0,0
0,0
0,0
0,0
0,0
0,0
0,0356622
0,153910404
0,5957352000000001
0,6775006859999999
0,8493434160000002
0,290945304
0,325307946
0,06528180599999998
8,184e-05
0,0
0,0
0,0
0,0
0,0
0,0
0,0
0,0
0,0
0,0
0,0
0,0
0,0
0,0
0,0
0,7000972079999999
13,571062764
8,090274522
6,007110372000001
11,919091998
9,300263591999999
1,3211444579999998
1,396519284
0,00941256
0,0
0,0
0,0
0,0
0,0
0,0
0,0
0,0
0,0
0,0
0,0
0,0
0,0
0,0
0,137655324
0,224166066
0,07662319200000002
1,560215388
0,5929626840000001
0,68527218
1,03457949
0,45958244400000003
0,011678819999999998
0,00010428
0,0
0,0
0,0
0,0
0,0
0,0
0,0
0,0
0,0
0,0
0,0
0,0
0,0
0,0
0,0
0,22985791800000002
1,1672121119999999
2,4157446900000004
3,131736588
2,3220718799999998
0,457466682
0,185856
0,012315659999999999
0,0
0,0
0,0
0,0
0,0
0,0
0,0
0,0
0,0
0,0
0,0
0,0
0,0
0,0
0,0
0,66711576
5,1064700819999995
17,485693518000005
9,944757756000001
22,802805198
21,981371208
20,539366872
16,967392416
4,295807994000001
0,01049628
0,0
0,0
0,0
0,0
0,0
0,0
0,0
0,0
0,0
0,0
0,0
0,0
0,0
0,0
5,306907654
15,847115724
6,687919794000001
14,319786954000001
19,476333371999996
20,471286732
20,919291528000002
16,912705181999996
1,1574535080000001
0,01057416
0,0
0,0
0,0
0,0
0,0
0,0
0,0
0,0
0,0
0,0
0,0
0,0
0,0
0,0
3,8542799400000005
12,538606331999999
9,2482032
5,731580244
6,0474842099999995
3,671669538
3,5354560739999994
0,0
0,26886441599999994
0,0017774999999999998
0,0
0,0
0,0
0,0
0,0
0,0
0,0
0,0
0,0
0,0
0,0
0,0
0,0
0,0
1,37467185
15,966366815999999
20,17082496
21,620482782
15,688138853999998
22,139507712
20,633600352
13,40442414
1,121870292
0,01498578
0,0
0,0
0,0
0,0
0,0
0,0
0,0
0,0
0,0
0,0
0,0
0,0
0,0
0,0
1,0819802399999998
15,985314012
15,69155946
20,996953962
20,712055212000003
22,208294304
20,606262054000002
16,358620763999998
2,8657975920000003
0,013816740000000001
0,0
0,0
0,0
0,0
0,0
0,0
0,0
0,0
0,0
0,0
0,0
0,0
0,0
0,0
3,5400844499999997
16,253998086000003
20,669938974
22,426905431999998
15,294842076
21,88669443
21,582911850000006
15,391059012
1,5778844280000002
0,02161152
0,0
0,0
0,0
0,0
0,0
0,0
0,0
0,0
0,0
0,0
0,0
0,0
0,0
0,0
4,214191103999999
16,697900958
20,200334952
21,22957305
21,839036154000002
21,536636322000003
20,256499044
16,095102095999998
4,522131929999999
0,012995699999999999
0,0
0,0
0,0
0,0
0,0
0,0
0,0
0,0
0,0
0,0
0,0
0,0
0,0
0,0
0,943854474
15,749933652
20,215075536
21,776914698000006
23,010405468000002
22,545568434
21,256760718000006
17,332591446000002
4,710493152
0,013309620000000001
0,0
0,0
0,0
0,0
0,0
0,0
0,0
0,0
0,0
0,0
0,0
0,0
0,0
0,0
0,95882973
16,440738438
20,758086666000004
22,515673272
23,200172562
22,691158188
21,256338191999998
17,573345244
5,197604537999999
0,01412124
0,0
0,0
0,0
0,0
0,0
0,0
0,0
0,0
0,0
0,0
0,0
0,0
0,0
0,0
0,10402172999999999
1,529046672
4,046771136
5,2046994720000015
4,547507759999999
2,8290152039999996
2,294701212
1,34449305
0,48443450400000004
0,0029442000000000005
0,0
0,0
0,0
0,0
0,0
0,0
0,0
0,0
0,0
0,0
0,0
0,0
0,0
0,0
0,31888027199999996
1,637430378
1,076542488
3,4320936359999994
6,5449028039999995
2,092954866
1,7602905180000001
1,2626333040000002
0,175820802
0,00218988
0,0
0,0
0,0
0,0
0,0
0,0
0,0
0,0
0,0
0,0
0,0
0,0
0,0
0,0
0,05737953
1,2607654379999997
2,752373429999999
3,1396859939999997
2,2679528700000002
1,5713609039999998
1,051068708
0,4307935559999999
0,21846118199999998
0,00076314
0,0
0,0
0,0
0,0
0,0
0,0
0,0
0,0
0,0
0,0
0,0
0,0
0,0
0,0
0,0
0,17095695
0,7144357920000001
1,45914459
0,8950838279999999
1,053513198
1,274256306
1,3145051760000002
0,164287602
0,0008674199999999999
0,0
0,0
0,0
0,0
0,0
0,0
0,0
0,0
0,0
0,0
0,0
0,0
0,0
0,0
0,014514899999999999
0,8462740739999999
1,853445648
2,0317117380000003
2,3109622379999997
0,58012962
0,627277776
0,9197392919999999
0,13473327000000002
6,636000000000001e-05
0,0
0,0
0,0
0,0
0,0
0,0
0,0
0,0
0,0
0,0
0,0
0,0
0,0
0,0
0,13736622599999998
0,9871642559999999
2,463944802
4,368849396
7,044416466
9,60822027
5,3976206399999995
15,170065145999999
1,49643366
0,004852980000000001
0,0
0,0
0,0
0,0
0,0
0,0
0,0
0,0
0,0
0,0
0,0
0,0
0,0
0,0
0,41859892200000004
3,30401625
5,3960424719999995
9,491003735999998
14,106007956000001
7,549303326
10,975009367999998
14,467913472
1,1931285419999997
0,011885640000000001
0,0
0,0
0,0
0,0
0,0
0,0
0,0
0,0
0,0
0,0
0,0
0,0
0,0
0,0
0,0065619
1,072551168
1,734680808
2,244612936
7,054557965999999
16,459132511999996
8,940205326
16,715451744
6,146664971999999
0,01802448
0,0
0,0
0,0
0,0
0,0
0,0
0,0
0,0
0,0
0,0
0,0
0,0
0,0
0,0
2,897782308
14,709995261999998
20,571477048000002
21,96738885
22,359558443999997
22,230369786
21,12499842
17,371610616
5,199151758
0,020923920000000002
0,0
0,0
0,0
0,0
0,0
0,0
0,0
0,0
0,0
0,0
0,0
0,0
0,0
0,0
1,206017058
15,042763962000002
19,586174886
21,204455561999996
21,585371346
21,287130432
20,134055405999998
16,791597084
6,723010032000001
0,02036268
0,0
0,0
0,0
0,0
0,0
0,0
0,0
