0,0
0,0
0,0
0,0
0,0
0,0
0,0
2,0294126479999997
10,850502656
13,874133751999999
14,9894872
15,245968767999997
14,895363712
14,173580464000002
11,649909792000003
4,485699816
0,01142664
0,0
0,0
0,0
0,0
0,0
0,0
0,0
0,0
0,0
0,0
0,0
0,0
0,0
0,0
2,09613284
11,141970352
13,565939456
14,6598772
14,923540383999999
14,676953744000002
13,924641368000003
11,884418144
4,932041856
0,01515232
0,0
0,0
0,0
0,0
0,0
0,0
0,0
0,0
0,0
0,0
0,0
0,0
0,0
0,0
2,1792024239999996
10,926311704
13,581761296
14,683769880000002
14,952565159999999
14,658004536
13,807253936
11,75521776
4,587987768
0,015768880000000002
0,0
0,0
0,0
0,0
0,0
0,0
0,0
0,0
0,0
0,0
0,0
0,0
0,0
0,0
1,3613012239999998
1,8474939199999998
3,795373144
7,580553255999999
5,325012984
3,3829872959999996
3,2721993359999995
8,575956975999999
4,401304088
0,0157292
0,0
0,0
0,0
0,0
0,0
0,0
0,0
0,0
0,0
0,0
0,0
0,0
0,0
0,0
1,360992304
3,03385836
6,250942216000001
9,0016282
9,563238856000002
13,996363815999999
13,557283208
11,293246128
3,087733504
0,017862680000000002
0,0
0,0
0,0
0,0
0,0
0,0
0,0
0,0
0,0
0,0
0,0
0,0
0,0
0,0
1,8692433199999998
10,889607976
13,649995839999999
15,044733696
15,460969432000002
15,321239671999999
14,399705424
12,651196448
5,675004232
0,01871976
0,0
0,0
0,0
0,0
0,0
0,0
0,0
0,0
0,0
0,0
0,0
0,0
0,0
0,0
0,4156066
10,915479991999998
12,271772504
14,670792864000001
14,988408407999998
14,707895136000001
14,016506831999997
11,898582543999996
5,401349712
0,019101120000000003
0,0
0,0
0,0
0,0
0,0
0,0
0,0
0,0
0,0
0,0
0,0
0,0
0,0
0,0
2,00890748
10,650561504
13,585220304
14,666551600000002
15,019903960000004
14,821881216
14,093496280000002
12,335730208
5,768129784
0,020466319999999996
0,0
0,0
0,0
0,0
0,0
0,0
0,0
0,0
0,0
0,0
0,0
0,0
0,0
0,0
0,47879704799999995
11,111122904000002
13,743372599999999
14,815003439999998
15,166211624
14,936146824
14,107631296
12,185935808000002
5,56186904
0,025778712
0,0
0,0
0,0
0,0
0,0
0,0
0,0
0,0
0,0
0,0
0,0
0,0
0,0
0,0
0,455608848
10,685722263999999
13,493405416000002
14,558774935999999
15,039036448
14,629987519999997
13,853838048000002
12,085257832
1,056259592
0,017076712
0,0
0,0
0,0
0,0
0,0
0,0
0,0
0,0
0,0
0,0
0,0
0,0
0,0
0,0
0,435256824
0,85993312
1,9742494000000002
3,5721951439999997
4,168820496
4,367493392
4,459463584
5,651350208000001
1,0110361760000002
0,051116624000000006
0,0
0,0
0,0
0,0
0,0
0,0
0,0
0,0
0,0
0,0
0,0
0,0
0,0
0,0
2,553857064
10,501619415999999
13,42736136
14,297020247999999
14,78297188
14,771994567999998
14,105987815999999
11,791416704000001
5,411273344
0,063985384
0,0
0,0
0,0
0,0
0,0
0,0
0,0
0,0
0,0
0,0
0,0
0,0
0,0
0,0
1,509928656
9,624139208000003
12,744844144000002
13,022687055999999
13,236555175999998
13,234809736
12,423958407999999
10,263462352000001
4,865885648000002
0,064753344
0,0
0,0
0,0
0,0
0,0
0,0
0,0
0,0
0,0
0,0
0,0
0,0
0,0
0,0
0,198545144
1,0549592399999999
2,0642861759999995
1,735604496
1,7682922719999998
1,599379552
2,2581221440000006
1,217221744
0,4148084080000001
0,01749072
0,0
0,0
0,0
0,0
0,0
0,0
0,0
0,0
0,0
0,0
0,0
0,0
0,0
0,0
2,1977929840000003
10,274053888
13,218392575999998
14,191574536000001
14,667778159999997
14,450972288
13,731102944
11,887016104000002
6,415077832000001
0,086560536
0,0
0,0
0,0
0,0
0,0
0,0
0,0
0,0
0,0
0,0
0,0
0,0
0,0
0,0
2,57915804
11,087949792
13,729168584000002
14,739509416000002
15,134666072000002
14,947039735999999
14,219960183999998
12,550151624
6,867928992
0,13111290399999997
0,0
0,0
0,0
0,0
0,0
0,0
0,0
0,0
0,0
0,0
0,0
0,0
0,0
0,0
3,4775489840000007
11,184386576000001
13,750060199999998
14,674820712000002
14,946954424
14,718495272
14,167064792000001
12,372670864
7,193100112
0,17490640000000002
0,0
0,0
0,0
0,0
0,0
0,0
0,0
0,0
0,0
0,0
0,0
0,0
0,0
0,0
0,8792394880000001
7,204176240000001
3,41903436
7,312397208
3,5013771519999994
4,557079512
2,7663796640000005
1,8038600319999998
0,437575328
0,0219386
0,0
0,0
0,0
0,0
0,0
0,0
0,0
0,0
0,0
0,0
0,0
0,0
0,0
0,0
0,0
0,0
4,169256864
12,983135256
13,445281088000002
14,493215112
13,597049832
11,606960120000002
3,60221244
0,125310952
0,0
0,0
0,0
0,0
0,0
0,0
0,0
0,0
0,0
0,0
0,0
0,0
0,0
0,0
0,0
1,17114264
1,6627472
2,10130632
14,703962591999998
14,46931656
13,789723488
12,848489624
7,242999392
0,12616519999999998
0,0
0,0
0,0
0,0
0,0
0,0
0,0
0,0
0,0
0,0
0,0
0,0
0,0
0,0
3,325647128
11,123635008
13,762573704000001
14,914419848
15,225958064
15,074805247999999
14,379074728
12,569868096
7,912545184000001
0,278147032
5e-06
0,0
0,0
0,0
0,0
0,0
0,0
0,0
0,0
0,0
0,0
0,0
0,0
0,0
3,594275416
5,069179935999999
8,851765512
12,188672991999999
13,729554512
9,424238856
11,668542784000001
12,237493911999998
6,506373248
0,4585256959999999
0,0010098800000000001
0,0
0,0
0,0
0,0
0,0
0,0
0,0
0,0
0,0
0,0
0,0
0,0
0,0
3,6982655839999996
11,176196152
13,829515416
14,863015168
15,330770304
14,982720967999999
14,509408920000002
13,264020064000002
8,504833624000002
0,5018094960000001
0,0011596799999999997
0,0
0,0
0,0
0,0
0,0
0,0
0,0
0,0
0,0
0,0
0,0
0,0
0,0
3,5364598080000005
11,257636040000001
13,747157792
14,700729792
15,030827384
14,935479320000002
14,1179066
11,913843736000002
7,188792784
0,12896307999999998
0,00014652
0,0
0,0
0,0
0,0
0,0
0,0
0,0
0,0
0,0
0,0
0,0
0,0
0,0
0,171115376
0,668762112
1,291273224
3,072302632
3,0894071519999997
2,6646833119999997
2,029291072
0,785131648
0,567959664
0,02520572
0,0
0,0
0,0
0,0
0,0
0,0
0,0
0,0
0,0
0,0
0,0
0,0
0,0
0,0
0,25105099999999997
1,3532874320000003
1,417184408
0,9181335359999999
2,5641260560000005
1,396639792
1,7336095440000001
0,6968621680000001
0,168204136
0,009559640000000001
0,0
0,0
0,0
0,0
0,0
0,0
0,0
0,0
0,0
0,0
0,0
0,0
0,0
0,0
0,0
6,754828224000001
12,997359783999999
14,154261184000003
14,63299952
13,548309055999999
13,180357864000001
11,282889240000001
4,036640592
0,28695435999999996
0,0
0,0
0,0
0,0
0,0
0,0
0,0
0,0
0,0
0,0
0,0
0,0
0,0
0,0
0,036803952
0,24638980000000002
0,30379143999999997
0,3537127199999999
0,4707594
1,009539736
1,078968896
0,6860316000000001
0,975419008
0,171748928
0,0
0,0
0,0
0,0
0,0
0,0
0,0
0,0
0,0
0,0
0,0
0,0
0,0
0,0
1,903496176
2,0423164000000003
2,63330472
3,125494664
2,875506072
2,218029312
2,8896931759999998
3,891049168
7,300693736000001
0,48436483999999996
0,0035594800000000003
0,0
0,0
0,0
0,0
0,0
0,0
0,0
0,0
0,0
0,0
0,0
0,0
0,0
4,725147672000001
11,6420276
14,132213128000002
14,974618456000002
15,31639632
15,32158012
14,958287647999999
13,842479520000001
10,62318308
1,567774152
0,0018713599999999999
0,0
0,0
0,0
0,0
0,0
0,0
0,0
0,0
0,0
0,0
0,0
0,0
0,0
0,350311128
0,9650990879999999
1,84770656
1,936482552
2,079691776
1,951020136
1,202904248
1,2510868960000001
0,5321089440000001
0,06609203200000001
0,0011407999999999998
0,0
0,0
0,0
0,0
0,0
0,0
0,0
0,0
0,0
0,0
0,0
0,0
0,0
0,289812096
0,8474823439999999
1,781348768
2,492425944
2,6253152560000004
2,766537624
2,5074639760000004
1,8726108879999999
0,763642224
0,069695328
0,00035388
0,0
0,0
0,0
0,0
0,0
0,0
0,0
0,0
0,0
0,0
0,0
0,0
0,0
0,129783072
1,2752403280000002
1,3609247199999996
3,0006546960000002
3,4191074880000003
3,1661919359999993
4,445841944
2,136935376
2,739572968
0,414467656
0,0008748800000000001
0,0
0,0
0,0
0,0
0,0
0,0
0,0
0,0
0,0
0,0
0,0
0,0
0,0
0,29280312000000003
0,67390448
2,1743520479999994
2,867675976
3,9051632639999996
3,2033618080000004
1,5765293440000003
1,869353864
0,7279081119999999
0,03186476
0,00041236
0,0
0,0
0,0
0,0
0,0
0,0
0,0
0,0
0,0
0,0
0,0
0,0
0,0
0,26759741600000003
1,515138056
0,737753616
1,0053444560000002
3,340336776
4,095305784
1,9883625600000001
0,5945140480000001
0,693000712
0,27430062400000005
0,0
0,0
0,0
0,0
0,0
0,0
0,0
0,0
0,0
0,0
0,0
0,0
0,0
0,0
1,1017347840000002
7,6281510400000005
6,753120232
5,183869552
3,6607031199999995
3,8940718160000003
2,470278888
1,5568388879999997
0,6293415200000001
0,085422016
0,0
0,0
0,0
0,0
0,0
0,0
0,0
0,0
0,0
0,0
0,0
0,0
0,0
0,0
5,082445319999999
6,0492563200000005
12,1554382
11,346546687999998
15,755006951999999
15,693550408
15,561480767999997
14,626051256000002
11,891160599999997
1,076832864
0,0026839200000000002
0,0
0,0
0,0
0,0
0,0
0,0
0,0
0,0
0,0
0,0
0,0
0,0
0,0
0,724800456
2,375343016
5,431011104
6,049344720000001
15,716689992
14,935553752
15,10787404
9,988522696
11,596490832
3,3087245120000004
0,005593439999999999
0,0
0,0
0,0
0,0
0,0
0,0
0,0
0,0
0,0
0,0
0,0
0,0
0,0
6,394481256
12,402719488000002
14,081964256000001
15,196541216000002
15,490230488000003
15,446624919999998
15,08397428
13,999399152
10,965239232
2,852205608
0,01057668
0,0
0,0
0,0
0,0
0,0
0,0
0,0
0,0
0,0
0,0
0,0
0,0
0,0
6,778775288
12,196881616
14,275031544
15,222436967999998
15,572887016000001
15,346728640000006
14,72034944
13,406062312
7,113426656000001
1,923559952
0,00669044
0,0
0,0
0,0
0,0
0,0
0,0
0,0
0,0
0,0
0,0
0,0
0,0
0,0
0,6889617199999999
1,145948152
3,1859436559999996
4,1503015759999995
4,066147016
3,57654704
2,009072848
2,27496036
0,43475785599999994
0,20330873599999996
0,00360504
0,0
0,0
0,0
0,0
0,0
0,0
0,0
0,0
0,0
0,0
0,0
0,0
0,0
2,9333759919999998
6,562450376000001
12,320378080000001
8,071014808
11,84357944
8,278158015999999
12,725824304000001
5,295929767999999
8,580488856000002
2,407608512
0,01043
0,0
0,0
0,0
0,0
0,0
0,0
0,0
0,0
0,0
0,0
0,0
0,0
0,0
5,511099639999999
4,7530054
9,942634951999999
5,259990448000001
11,893562088
8,157084536
14,80776252
13,912250984
11,700554680000003
3,4936217439999995
0,01123612
0,0
0,0
0,0
0,0
0,0
0,0
0,0
0,0
0,0
0,0
0,0
0,0
0,0
8,742601199999998
13,106649392000001
14,736479423999999
13,663268136000001
15,647456775999999
15,648649199999998
15,1493378
14,183739712000001
11,769911832
2,7228046960000003
0,01317092
0,0
0,0
0,0
0,0
0,0
0,0
0,0
0,0
0,0
0,0
0,0
0,0
0,0
0,308456776
0,8808815759999999
0,7656360239999999
5,384199399999999
1,6821892639999998
1,37028996
0,972887288
2,145164272
1,3840816720000002
0,698418768
0,00889672
0,0
0,0
0,0
0,0
0,0
0,0
0,0
0,0
0,0
0,0
0,0
0,0
0,0
5,101861959999999
13,300529543999998
13,936688776
11,647605903999999
12,374357896
12,212779456000002
15,444202112000001
14,35584152
12,311187208
5,0398403599999995
0,0070629199999999994
0,0
0,0
0,0
0,0
0,0
0,0
0,0
0,0
0,0
0,0
0,0
0,0
0,007414496
8,675206207999997
13,200577856
14,717009175999998
15,506108231999999
15,752292784
15,726245647999999
15,326583144
14,324301679999998
11,990702016000002
5,250193399999999
0,011178039999999998
0,0
0,0
0,0
0,0
0,0
0,0
0,0
0,0
0,0
0,0
0,0
0,0
0,02545344
9,226184024
13,284371392000002
14,802335496000001
15,494493120000001
15,703179695999998
15,681928360000002
15,161276480000001
14,040475976
12,277316336
4,831160952000002
0,015578280000000002
0,0
0,0
0,0
0,0
0,0
0,0
0,0
0,0
0,0
0,0
0,0
0,0
0,0
8,620288832
12,902746736000003
14,296386832
15,182598599999999
15,285264288
15,34260856
14,724587856000001
13,878338743999999
11,049976432
4,026879911999999
0,013445
0,0
0,0
0,0
0,0
0,0
0,0
0,0
0,0
0,0
0,0
0,0
0,0
0,019858808
5,501583032000001
12,069655648
10,755748040000002
8,515207128
15,804470288000001
14,317288560000001
7,129641791999999
13,04465756
3,5613599119999995
4,855025072
0,015262959999999999
0,0
0,0
0,0
0,0
0,0
0,0
0,0
0,0
0,0
0,0
0,0
0,0
0,016369520000000002
8,79882948
13,589001095999999
10,367132472
12,334278135999998
13,244067655999997
12,750184272
15,652847408000001
11,748247031999998
12,895627152
6,127493336
0,0191804
0,0
0,0
0,0
0,0
0,0
0,0
0,0
0,0
0,0
0,0
0,0
0,0
0,07396478399999999
9,967517416
13,563146296000001
15,017996936000003
15,675931624
15,891189056000002
15,614722527999998
14,317541608
11,252370024
7,587308208
1,834407712
0,01968112
0,0
0,0
0,0
0,0
0,0
0,0
0,0
0,0
0,0
0,0
0,0
0,0
0,060858831999999995
10,165199768
13,883799344
15,339279624
15,853323752
15,975807856
15,975574208000001
15,640501367999997
14,73256884
12,732399295999999
6,193446991999999
0,019640599999999998
0,0
0,0
0,0
0,0
0,0
0,0
0,0
0,0
0,0
0,0
0,0
0,0
0,13915377600000003
1,530014848
6,928004312
13,644894032
14,835869112000003
15,305954512000001
9,533731640000001
14,388371472
11,287885359999999
8,615033144
1,869657832
0,0211308
0,0
0,0
0,0
0,0
0,0
0,0
0,0
0,0
0,0
0,0
0,0
0,0
0,09339242399999999
2,5524971520000004
10,101186408000002
11,832532320000002
11,436267103999999
13,689959712
13,959414583999997
13,987347135999999
8,259092032
6,079543536
1,8393282640000002
0,106884064
0,0
0,0
0,0
0,0
0,0
0,0
0,0
0,0
0,0
0,0
0,0
0,0
0,20972024800000003
4,77418816
7,845885983999999
10,908848704
14,4407298
12,061617856
10,689702952
10,496396048000001
9,302629144
10,780187568
4,164867023999999
0,02851844
0,0
0,0
0,0
0,0
0,0
0,0
0,0
0,0
0,0
0,0
0,0
0,0
0,011045264
0,511323152
4,498010816000001
14,26508568
5,910616744
3,788429224
3,8445337520000002
3,7774938800000006
0,9616847199999999
1,267421408
0,7334894159999998
0,015827479999999998
0,0
0,0
0,0
0,0
0,0
0,0
0,0
0,0
0,0
0,0
0,0
0,0
0,0
0,0
4,145567728
5,827712568
7,302473624
11,267584912
15,095209184
15,713867376000001
14,939288136000002
13,162155248000001
7,078275864
0,02260944
0,0
0,0
0,0
0,0
0,0
0,0
0,0
0,0
0,0
0,0
0,0
0,0
0,0
0,08276316
0,41788100799999994
3,69276556
6,386075016
7,861366176
14,880930736000002
15,165314056
14,196897360000001
3,5973686319999993
4,36649504
0,085070728
0,0
0,0
0,0
0,0
0,0
0,0
0,0
0,0
0,0
0,0
0,0
0,0
0,20298066399999998
10,954683416000002
13,749204152
14,267501272
14,412287855999999
15,29335156
15,618780184000004
14,484988719999999
13,689565024000002
10,894414327999998
2,257988728000001
0,02875152
0,0
0,0
0,0
0,0
0,0
0,0
0,0
0,0
0,0
0,0
0,0
0,0
0,127352032
0,6177271759999999
2,9458941679999993
2,104492976
2,7539891919999997
2,177639632
1,65188956
1,492974104
1,1650399359999999
0,6282059279999999
0,138555704
0,00905908
0,0
0,0
0,0
0,0
0,0
0,0
0,0
0,0
0,0
0,0
0,0
0,0
0,13549432
1,580315128
13,383948440000001
8,472891751999999
14,235646208000002
10,70462264
9,483116304
7,9805213760000004
3,2747257440000004
2,1189467520000003
0,448871272
0,00524288
0,0
0,0
0,0
0,0
0,0
0,0
0,0
0,0
0,0
0,0
0,0
0,0
0,008442784
0,23097100000000004
0,36381424
0,8127223680000001
1,4343495360000003
1,2351889280000004
1,3324570159999998
2,296726448
1,541999056
1,45909696
0,6248444479999999
0,027253720000000002
0,0
0,0
0,0
0,0
0,0
0,0
0,0
0,0
0,0
0,0
0,0
0,0
0,20211652000000002
4,478573072
12,455520695999997
15,043749784
9,218275288000001
7,42806396
6,396685200000001
12,016170696
8,10232204
3,594523632000001
2,323863104
0,14702775199999998
0,0
0,0
0,0
0,0
0,0
0,0
0,0
0,0
0,0
0,0
0,0
0,0
0,38769961599999997
10,835647480000002
13,741783632
15,036221704
15,74402924
15,708311671999997
15,789076159999999
15,488649175999997
14,60292568
12,552201368
3,8473308879999997
0,132335432
0,0
0,0
0,0
0,0
0,0
0,0
0,0
0,0
0,0
0,0
0,0
0,0
0,012539615999999998
0,39036300000000007
0,639896296
0,9458630960000001
1,026651912
1,247987856
0,8556382560000001
1,010147888
1,6479729600000002
0,8475665360000001
0,47531869600000004
0,024604031999999998
0,0
0,0
0,0
0,0
0,0
0,0
0,0
0,0
0,0
0,0
0,0
0,0
0,23424699200000004
2,02582252
1,6864868320000002
9,85069832
7,73474684
8,97008836
5,097422464000001
8,964410048000001
6,69403756
2,3848305439999997
0,7502963520000001
0,02311596
0,0
0,0
0,0
0,0
0,0
0,0
0,0
0,0
0,0
0,0
0,0
0,0
0,4048376879999999
0,8798297440000001
2,42639188
4,504835623999999
7,282941112
5,404054544000001
4,0165311919999995
3,8584069839999993
3,567090776
1,7531424479999997
1,4385535680000003
0,154558752
3,5000000000000004e-05
0,0
0,0
0,0
0,0
0,0
0,0
0,0
0,0
0,0
0,0
0,0
0,19690091199999998
0,969502272
2,9213551040000003
13,429501023999999
8,012646832
12,592440432
7,1072546160000005
11,858368144
13,497843544000002
7,218416807999999
1,4654897040000003
0,035403792
4,88e-06
0,0
0,0
0,0
0,0
0,0
0,0
0,0
0,0
0,0
0,0
0,0
1,252488936
11,581004231999998
14,020886336
15,357949784
15,611589672000003
15,772544791999998
15,923042584
15,409199464
14,432174792000001
13,006154144
7,556244624
0,12373467199999999
5e-06
0,0
0,0
0,0
0,0
0,0
0,0
0,0
0,0
0,0
0,0
0,0
2,274163176
7,376044000000001
8,759888408
3,070094864
8,245701192
10,337205992
13,209948456
11,723598544
11,214733400000002
11,086718952
8,209366416
0,454205776
0,00048527999999999993
0,0
0,0
0,0
0,0
0,0
0,0
0,0
0,0
0,0
0,0
0,0
2,1377433120000005
11,715934176000001
13,867920536000002
14,926235944
15,42314056
15,695068208
15,65012272
15,217913519999998
14,384702616
13,048612624
8,364469648
0,17420386399999999
0,00042124
0,0
0,0
0,0
0,0
0,0
0,0
0,0
0,0
0,0
0,0
0,0
2,8081920960000004
11,339138912000001
13,738452864000001
14,85093544
15,233944575999995
15,617227208000001
15,203018584
14,82850088
14,02504004
7,3477509439999995
4,295197920000001
0,20999359999999997
0,0
0,0
0,0
0,0
0,0
0,0
0,0
0,0
0,0
0,0
0,0
0,0
0,48869408
3,7737814
8,972760976
10,216342207999999
10,174050295999999
9,711197144
11,168961999999999
7,521493976
4,206416216
2,706899992
1,112203432
0,47834211200000004
0,0010416000000000002
0,0
0,0
0,0
0,0
0,0
0,0
0,0
0,0
0,0
0,0
0,0
0,225921392
0,613098512
4,000259408
6,847358632
11,063179696
14,736442208
13,872531279999999
12,640665519999999
10,798145912
13,360970392
8,559988728
0,67144144
0,0016663199999999998
0,0
0,0
0,0
0,0
0,0
0,0
0,0
0,0
0,0
0,0
0,0
5,171805208
12,481646399999999
14,17575428
15,269678592000002
15,841113111999999
16,009980696
15,987418936
15,7404732
14,936087768000002
13,557609208000002
9,041287711999999
0,9596803599999999
0,0016654
0,0
0,0
0,0
0,0
0,0
0,0
0,0
0,0
0,0
0,0
0,0
5,496839056000001
12,362321975999999
14,244413448000001
15,306263095999999
15,864443296000001
15,993249296000002
15,978552335999998
15,67559176
14,946433184000002
13,419959760000001
9,00023936
0,9950271040000002
0,0031182
0,0
0,0
0,0
0,0
0,0
0,0
0,0
0,0
0,0
0,0
0,0
5,120738096
11,83330752
14,004004807999996
15,17059944
15,80628892
16,003716424
16,008476784
15,362265512
14,748704848
12,459172048000001
7,38767088
0,7478897279999999
0,00264052
0,0
0,0
0,0
0,0
0,0
0,0
0,0
0,0
0,0
0,0
0,0
5,932410528
12,017222792
14,161278607999998
15,331746815999999
15,842175896
16,016242712
15,619035519999997
15,584030808
14,704149095999998
13,164804776
8,394049352000001
0,9404493599999998
0,0027246
0,0
0,0
0,0
0,0
0,0
0,0
0,0
0,0
0,0
0,0
0,0
4,715496472
11,009738544000001
13,815777408000002
14,941527168
15,617610472
15,881503896000002
15,893898448000002
15,5030222
14,709971968
13,257061847999998
8,704295672
0,915579016
0,0026741599999999996
0,0
0,0
0,0
0,0
0,0
0,0
0,0
0,0
0,0
0,0
0,0
6,3431099280000005
11,979043168000002
14,052336343999999
15,161012288000002
15,695293176
15,810944424
15,813587255999998
15,228976216
14,370205480000001
11,165746688
5,038348255999999
0,44484518399999995
0,00236712
0,0
0,0
0,0
0,0
0,0
0,0
0,0
0,0
0,0
0,0
0,0
1,3313698800000002
3,0594446559999997
11,451755616
13,354667791999999
13,234594192000001
15,109474447999999
13,536223952
13,45200548
12,518244608000002
4,020707256
3,4613898
0,5619088000000001
0,0027669999999999995
0,0
0,0
0,0
0,0
0,0
0,0
0,0
0,0
0,0
0,0
0,0
1,446301248
3,445341744
9,193573968
8,449434128
12,36613904
10,478783448
10,560752776
8,504524168
6,502219424
3,8764011919999994
1,5696080879999998
0,45452459999999995
0,0031860800000000004
0,0
0,0
0,0
0,0
0,0
0,0
0,0
0,0
0,0
0,0
0,0
0,0
11,167298520000001
13,676694600000001
14,86313028
7,084211463999999
5,392070640000001
9,35802016
4,506870392
5,686765112
3,0377887040000005
0,9548426720000001
0,257615792
0,0030448399999999996
0,0
0,0
0,0
0,0
0,0
0,0
0,0
0,0
0,0
0,0
0,0
7,123893648000001
11,579945488000003
14,657815408000001
15,560477656
10,811895607999999
7,898323496
6,986049400000001
5,6413424
4,043816392
1,810855776
0,7310159359999999
0,18182263199999998
0,0031090400000000004
0,0
0,0
0,0
0,0
0,0
0,0
0,0
0,0
0,0
0,0
0,0
0,47507138400000004
2,3431418560000004
13,627087192
5,660090200000001
9,808190960000001
11,485521928
13,833075727999997
7,967689031999999
13,133289368
10,219194888
6,567136656000001
0,54428144
0,0038107999999999996
0,0
0,0
0,0
0,0
0,0
0,0
0,0
0,0
0,0
0,0
0,000548456
1,152069352
4,134942167999999
4,870862432000001
5,736329728
5,994746463999999
4,640371648
7,597183720000002
4,700526688
5,6784115680000005
2,3338114320000005
1,047044512
0,170540376
0,00486808
0,0
0,0
0,0
0,0
0,0
0,0
0,0
0,0
0,0
0,0
0,004192480000000001
1,508829008
6,361111504
7,757036008000001
6,40057484
8,54257176
6,365601816
7,086242464000001
13,761152463999998
9,71055464
6,808638887999999
2,20945628
0,508718168
0,005289680000000001
0,0
0,0
0,0
0,0
0,0
0,0
0,0
0,0
0,0
0,0
0,0
0,11678255200000001
5,267628760000001
11,147074456
13,874433223999999
15,119779216
15,648972848
15,507509944
15,313348112000002
13,200416408
12,94284332
10,336579832000002
6,7840004160000005
0,918316008
0,00467776
0,0
0,0
0,0
0,0
0,0
0,0
0,0
0,0
0,0
0,0
0,09321611199999998
4,605997671999999
10,282950696
13,542436712
14,886903751999998
15,477602744
12,214765735999999
14,508675352000003
4,7136542960000005
1,9002865760000005
1,5235192080000002
1,865901408
0,6329338320000001
0,00499196
0,0
0,0
0,0
0,0
0,0
0,0
0,0
0,0
0,0
0,0
0,0
1,550290912
3,070735544
2,6092832720000003
3,0259535199999994
3,021413968
2,1542756639999996
4,132556496
5,652692328
4,421909575999999
3,0462995120000005
5,666632584
0,8107905279999998
0,00691636
0,0
0,0
0,0
0,0
0,0
0,0
0,0
0,0
0,0
0,0
0,0029129600000000005
0,59456596
3,4128188479999997
7,872259240000001
8,036557328
7,843481464000001
7,680268936
6,500530376
8,701976176000002
8,033481464
6,6091550560000005
10,890082704000003
1,0959767440000001
0,00831008
0,0
0,0
0,0
0,0
0,0
0,0
0,0
0,0
0,0
0,0
0,15494712000000002
9,536149984000001
13,216626928000002
14,783422823999997
15,768790271999999
16,01869872
15,960436743999999
15,862825872
15,763616327999998
15,227179824
13,995141424000002
11,40341748
3,2356513519999996
0,007588599999999999
0,0
0,0
0,0
0,0
0,0
0,0
0,0
0,0
0,0
0,0
0,245406688
8,403624552
13,289957951999996
14,050796328
13,226249024000001
15,062348688000002
11,889382696
12,518107064000002
14,668386776
14,635350496000001
13,834252688000001
8,875480392
1,850650408
0,007320879999999999
0,0
0,0
0,0
0,0
0,0
0,0
0,0
0,0
0,0
0,0
0,0
0,0
7,045858528
10,626089864
13,318505552
13,548759776
15,439105744
15,377485520000002
14,469279808
10,425183792
6,844299312
3,299088696
0,604360224
0,07749943999999999
0,0
0,0
0,0
0,0
0,0
0,0
0,0
0,0
0,0
0,0
0,10776856
1,306641976
3,301091296
4,597633472
5,913586639999999
4,739132424
3,74447024
3,99401368
4,045281528
3,7461172240000002
4,1617913280000005
2,6756615200000002
0,45252238400000006
0,01005472
0,0
0,0
0,0
0,0
0,0
0,0
0,0
0,0
0,0
0,0
0,34912759199999993
9,483666320000001
12,919437888000003
14,468929391999998
15,29208696
15,576578776000002
15,721119744
15,589903807999999
15,050011263999997
14,384186096
11,922938447999998
9,509940608
2,1649932799999996
0,00945024
0,0
0,0
0,0
0,0
0,0
0,0
0,0
0,0
0,0
0,0
1,2153255359999997
10,3205544
13,265812255999998
14,745027967999999
15,563668152
16,004814896000003
16,039959223999997
15,989641704
15,3168344
14,608506936
13,300599872000001
9,892496119999999
1,712716456
0,00950248
0,0
0,0
0,0
0,0
0,0
0,0
0,0
0,0
0,0
0,0
0,44417431999999996
8,333099264000001
12,341493896
0,0
0,0
0,0
0,0
0,0
0,0
14,20073
12,643559655999997
8,720186904
2,1385838159999997
0,01144584
0,0
0,0
0,0
0,0
0,0
0,0
0,0
0,0
0,0
0,0
0,5122718239999999
8,227624944
12,948001336
14,333373872
0,0
0,0
0,0
0,0
0,0
0,0
12,205594624000002
8,396903872000001
1,751290192
0,012618639999999999
0,0
0,0
0,0
0,0
0,0
0,0
0,0
0,0
0,0
0,0
0,8481957760000001
10,052231064
12,918868568
0,0
0,0
0,0
15,803089400000001
15,696156887999997
14,693313776
13,40368964
11,12504828
7,331016752000002
1,5730586
0,013773839999999999
0,0
0,0
0,0
0,0
0,0
0,0
0,0
0,0
0,0
0,0
0,529183296
8,540585472
12,341187063999998
14,198438408000001
15,058843912
11,539584472000003
13,827986112000001
9,336511135999999
6,476298384
6,808015928
5,335067976
8,191684512
1,227714448
0,014367920000000001
0,0
0,0
0,0
0,0
0,0
0,0
0,0
0,0
0,0
0,0
1,6357466000000003
10,345649784
13,12167872
14,390942896
15,325200704
15,828525608
15,917975023999999
15,799371256
15,357175696
14,625849896
12,756092616
9,726697567999999
2,5145638960000003
0,014683479999999999
0,0
0,0
0,0
0,0
0,0
0,0
0,0
0,0
0,0
0,0
0,744634328
7,453047176000001
9,113360184
13,340097823999999
14,73083064
15,202306111999997
13,230970424
14,219845736
14,303775528
11,306499608
11,736571944
3,776194584
1,2706830719999997
0,01661688
0,0
0,0
0,0
0,0
0,0
0,0
0,0
0,0
0,0
0,0
0,6088041919999999
1,1401218800000001
2,0481931999999996
2,6459144880000003
2,9199984719999996
2,831655688
2,719008992
1,845716488
0,828780952
1,7356026400000002
1,3026082479999999
0,7292423199999999
0,24719092799999998
0,01085004
0,0
0,0
0,0
0,0
0,0
0,0
0,0
0,0
0,0
0,0
3,2553742
9,710019976
13,253925639999999
12,202613687999998
14,729804312000002
15,676968551999998
15,683268880000002
15,768185423999999
15,627107544
15,100691472
13,651665576
11,373189456000002
4,505900768
0,01102396
0,0
0,0
0,0
0,0
0,0
0,0
0,0
0,0
0,0
0,0
3,9638399359999994
11,179813216000001
13,400083096
14,907187455999999
15,667567471999998
15,98833992
16,057150072
15,972399295999999
15,712792592
14,565754823999997
13,503886887999998
10,944174456
3,506605816000001
0,01614844
0,0
0,0
0,0
0,0
0,0
0,0
0,0
0,0
0,0
0,0
3,8099905279999997
11,360843639999999
13,638026040000003
14,862761952000001
15,682279000000001
15,880645592
16,03026944
15,981807704000001
15,739011688
15,036510911999999
13,748592968
11,680636375999999
4,365166968
0,012831279999999999
0,0
0,0
0,0
0,0
0,0
0,0
0,0
0,0
0,0
0,0
3,7890688399999997
10,678130016000003
13,167093551999999
14,470131936000001
15,234644728
15,652494680000002
15,835778792
15,624339856
15,003952671999997
13,740046256000001
11,054700008000001
11,440282016000001
4,760987287999999
0,013999680000000002
0,0
0,0
0,0
0,0
0,0
0,0
0,0
0,0
0,0
0,0
0,853316536
9,657759304
10,656149128
12,829973352
14,491565367999998
14,739989456000002
15,343772488
15,259000671999999
14,056205103999998
11,19546056
6,8596057440000004
3,6132050240000004
1,221535792
0,01833232
0,0
0,0
0,0
0,0
0,0
0,0
0,0
0,0
0,0
0,0
0,263779256
0,7996618000000001
2,700562896
5,50710084
7,236778904
6,474181863999999
7,176661480000001
6,0322244959999995
3,71540716
2,4414911360000002
3,6865380480000005
1,3366979920000002
0,957602168
0,01828624
0,0
0,0
0,0
0,0
0,0
0,0
0,0
0,0
0,0
0,0
0,192706384
0,664202128
1,5938765039999998
1,896059664
1,7799355440000002
2,722334
2,671700728
2,203798016
1,9444001439999998
1,9639245279999997
1,14880932
0,676275048
0,30294352
0,0127826
0,0
0,0
0,0
0,0
0,0
0,0
0,0
0,0
0,0
0,0
2,676233704
9,176371615999999
13,730540015999999
14,902214496000001
14,267643776000003
15,713053471999999
12,007534655999997
8,878180824000001
6,039717984
10,377844807999999
3,2058102959999997
2,868491176
0,796715424
0,030667824000000003
0,0
0,0
0,0
0,0
0,0
0,0
0,0
0,0
0,0
0,0
4,942442624
11,450087728
13,606682992
14,879308943999998
15,62865412
15,994323263999998
15,930467016000001
15,818254368
15,47759232
14,692352632
13,543182944
11,462885752000004
5,258493192
0,08888158399999999
0,0
0,0
0,0
0,0
0,0
0,0
0,0
0,0
0,0
0,0
4,619431096
10,646209640000002
13,226511888
14,664360032
15,51175276
15,910162888000002
16,004129568
15,932975024000003
15,702701207999999
14,920305728
13,708261664
11,237840488
5,127686512
0,08743437599999998
0,0
0,0
0,0
0,0
0,0
0,0
0,0
0,0
0,0
0,0
4,5565281440000005
10,188215920000003
13,064346632000003
14,475380543999998
15,385771407999998
15,767620432
15,964862447999998
10,486556120000001
15,585482856
14,706408583999998
13,313134768
10,132676336000001
3,91478928
0,07030773600000001
0,0
0,0
0,0
0,0
0,0
0,0
0,0
0,0
0,0
0,0
1,9074406799999999
10,513254904
9,188570176
14,188722568
15,27505684
15,674875272
15,853902736
15,732355959999998
14,358263168
13,4268576
11,944911231999999
4,084692896
2,444172568
0,067300848
0,0
0,0
0,0
0,0
0,0
0,0
0,0
0,0
0,0
0,001395824
5,408537567999999
10,858208703999999
13,082860368000002
14,556388535999998
15,341061816000003
15,743095192000002
15,892281376
15,963184664
14,141555607999999
14,773113983999997
12,282449415999997
10,9985052
5,566739823999999
0,120916352
0,0
0,0
0,0
0,0
0,0
0,0
0,0
0,0
0,0
0,021889216
5,813223536000001
10,92507804
13,165741432
14,363107359999999
14,615521488
15,823702576
7,500729344000001
10,77429212
14,662898512
10,270291471999997
7,428165120000001
6,27299332
6,436961407999999
0,037814104
0,0
0,0
0,0
0,0
0,0
0,0
0,0
0,0
0,0
0,0
0,28854851200000003
0,6054321919999999
3,7511355440000003
5,2021654879999994
8,2941328
4,529123584
13,588687320000002
10,617292608000001
12,7201328
7,513494328
12,666512552
11,410039119999999
6,8825497360000005
0,089074688
0,0
0,0
0,0
0,0
0,0
0,0
0,0
0,0
0,0
0,010938256
1,296012096
7,4095566559999995
12,054499232
11,190626536000002
15,033320872000001
14,881795784
14,977980976000001
12,381786335999998
7,323943736
12,681869304000001
12,339984208
11,781283512
6,412765272
0,10887176000000001
2,44e-06
0,0
0,0
0,0
0,0
0,0
0,0
0,0
0,0
0,0
0,7535574
1,955542928
3,646866408
11,044978352
2,874986136
11,694503703999999
7,265348088
10,915921255999999
8,311682272
5,541487183999999
3,775337848
4,935555496
4,5363275199999995
0,087974664
2,44e-06
0,0
0,0
0,0
0,0
0,0
0,0
0,0
0,0
0,0
0,027196800000000004
0,749329808
1,314733672
5,393126744
13,921526352
8,512852424
13,214825336
11,159307303999999
1,809928472
3,793127240000001
6,605063432000001
4,241527936000001
0,49928864799999995
0,258370488
8,616e-05
0,0
0,0
0,0
0,0
0,0
0,0
0,0
0,0
0,04115508
7,636537528000001
11,007700144000001
6,794988328000001
14,466321880000002
15,27943112
8,424209056
10,365075167999999
13,177314392
14,703761392
4,546503656
3,3950954079999995
5,91987508
7,958343952000001
0,5339688
0,00031832
0,0
0,0
0,0
0,0
0,0
0,0
0,0
0,0
0,049149496
7,847761264
12,219560087999998
13,769883447999998
14,931516432
15,79048568
16,063957616000003
15,923299776
15,797875432
15,605966167999998
15,160604871999999
13,931459199999999
12,129310384
7,591304576000001
0,600877176
0,0007030799999999999
0,0
0,0
0,0
0,0
0,0
0,0
0,0
0,0
0,061212688
7,576271968000001
11,683398152000002
13,424818160000001
14,581954759999999
15,378936792000001
15,734214784000002
15,047433736
14,618013008000002
14,703373656000004
8,219777488
8,120828968
3,8609295679999995
1,06816252
0,015614359999999997
0,0
0,0
0,0
0,0
0,0
0,0
0,0
0,0
0,0
0,0
0,5931754
1,05139196
1,2937072479999998
3,9453401839999995
1,727128536
1,9715466160000001
3,0451096559999997
5,029141343999999
3,020063408
3,403595672
5,6647629120000005
12,284890096
7,368349696000001
0,8474809440000001
0,00053932
0,0
0,0
0,0
0,0
0,0
0,0
0,0
0,0
0,10731364800000001
6,637086784
11,896615552000004
13,578147512
10,827196928
8,860239616
15,511941320000002
14,873195535999999
15,619401695999999
15,501887271999998
15,037696151999999
13,59962312
12,401507872
8,166095888
0,9514449759999999
0,00109848
0,0
0,0
0,0
0,0
0,0
0,0
0,0
0,0
0,122358496
7,8178816079999995
11,921080816
13,677108776
14,677511631999998
15,35257332
15,768069824000001
15,868209431999999
15,247480991999998
12,706062895999997
12,084365863999999
12,852940912000001
10,119241256000002
5,280483024
0,914635792
0,00178592
0,0
0,0
0,0
0,0
0,0
0,0
0,0
0,0
0,13308409599999999
6,06208324
11,109720408000001
13,196911015999998
14,589401623999999
15,44161252
15,728662728
15,748140216000001
15,19633864
15,62777312
14,878973136
13,726923672000002
10,695472407999999
7,811737511999999
0,8474753839999998
0,00190684
0,0
0,0
0,0
0,0
0,0
0,0
0,0
0,0
0,16580115199999998
7,105487247999999
11,299435664
10,886278528
10,505990543999998
12,381856904000001
6,8191142
6,1921507039999995
9,822649239999999
4,325046488
3,99484708
2,915154288
1,391546816
0,739794064
0,049713312
0,0009256
0,0
0,0
0,0
0,0
0,0
0,0
0,0
0,0
0,267119984
4,319186656
10,314884103999999
9,283255296
11,545720847999998
9,125034096
7,45725044
2,446807272
5,539117655999999
11,935599984000003
9,022394008000001
8,837953056
1,216474288
0,366240568
0,07210176
0,00069972
0,0
0,0
0,0
0,0
0,0
0,0
0,0
0,0
0,021851015999999997
2,837353384
10,919134528
12,754423016000002
12,992372496
10,297984352000002
8,008607752000001
13,502483983999998
11,017731608
8,356369103999999
5,545333856
4,637269304
3,2272810799999996
1,7429354080000001
0,409303392
0,0011864
0,0
0,0
0,0
0,0
0,0
0,0
0,0
0,0
0,20818048799999997
6,983749319999999
11,045598616
13,403291040000003
14,431887496000003
15,393832224
15,623788263999998
15,384048632
13,793860783999998
11,065157823999998
7,667817272000001
5,250466359999999
7,939316496
1,8867293200000002
0,104820448
0,00138888
0,0
0,0
0,0
0,0
0,0
0,0
0,0
0,0
0,0
0,8914619760000001
2,1081909519999997
4,077968752
5,080099416
6,470995232
6,25308144
5,780312512
2,933661952
2,9387131840000005
2,1076782479999996
2,154058368
2,463943952
1,906125312
0,20301756
0,00138436
0,0
0,0
0,0
0,0
0,0
0,0
0,0
0,0
0,0027151600000000003
0,48191725600000007
1,041420672
3,058126152
4,292577592
5,761163384
10,785432056
15,073260248
11,634699368
7,964321008
6,422831327999999
6,88151184
2,746160488
1,128460616
0,16439436000000002
0,0018237199999999998
0,0
0,0
0,0
0,0
0,0
0,0
0,0
0,0
0,19941156
1,702805104
6,397177424000001
7,569833568
11,039625552000002
11,153932992
7,6863166000000005
13,578663328000001
13,757579448000003
11,092731888000001
9,268469687999998
8,948807839999999
8,134397968
2,6337627760000006
0,6916247680000002
0,00289132
0,0
0,0
0,0
0,0
0,0
0,0
0,0
0,0
0,03042552
0,442621792
1,018711688
2,7798577199999994
4,053021544
0,0
0,0
0,0
4,3516170160000005
2,492560464
1,7088745760000001
1,5662993840000001
1,6315232719999997
0,509718472
0,045065400000000005
0,0018198
0,0
0,0
0,0
0,0
0,0
0,0
0,0
0,0
0,068081456
0,8269905759999999
3,0032719599999997
3,33055824
3,7712966
8,141026072
7,823803224000001
7,493542880000001
3,435826656
6,683742960000001
5,270389735999999
4,122761384
3,288225784
2,060310032
0,23000456
0,00142488
0,0
0,0
0,0
0,0
0,0
0,0
0,0
0,0
0,07038459999999999
1,0718341839999999
0,743662856
1,7176086480000003
1,7543022640000001
2,8982196799999995
3,220732256
4,535857872
7,397212216
6,28249804
2,0740737279999997
4,9531760160000005
2,047292368
0,47860018400000004
0,04668334400000001
0,00056888
0,0
0,0
0,0
0,0
0,0
0,0
0,0
0,0
0,207497656
2,3580298159999997
2,628710368
3,179404592
3,6083572800000003
6,590119775999999
12,807158984
12,341642912
13,358979608
12,053575592
6,9067399840000006
6,855691728000001
1,549894624
1,401179952
0,5881480960000001
0,0011073200000000002
0,0
0,0
0,0
0,0
0,0
0,0
0,0
0,0
0,037679296
0,744899256
2,9786558960000002
6,578420008
11,115364224000002
15,187074112000001
15,747193143999999
15,75770824
15,686213208000003
14,943771080000001
12,929499552000001
10,85337852
12,386843328000003
8,615453255999999
1,8098076879999998
0,00439648
0,0
0,0
0,0
0,0
0,0
0,0
0,0
0,0
0,28942589600000007
9,229126184
12,134918656
13,754655144000003
14,771924112
15,478285935999999
15,989199575999999
16,054810464
15,971111968
15,413507928
8,928273832
12,347359752000001
10,541242904
9,07270724
1,8894041199999998
0,00630972
0,0
0,0
0,0
0,0
0,0
0,0
0,0
0,0
0,403992408
8,297619383999997
11,972900383999999
13,235023496
14,53688724
14,081070607999997
13,812031296
14,895727167999999
15,097634519999998
13,821161680000001
6,315461352000002
5,434376048000001
5,7795960640000015
7,4021547519999995
0,47901116
0,006110720000000001
0,0
0,0
0,0
0,0
0,0
0,0
0,0
0,0
0,527450208
2,81479212
2,8261831519999996
4,274857136
3,8243603360000002
1,5153412560000001
3,1251621839999997
4,284975608
2,476500272
5,527470007999999
6,541081704
5,0802038640000005
3,8138287999999996
1,376791288
0,37440598399999997
0,006384039999999999
0,0
0,0
0,0
0,0
0,0
0,0
0,0
0,0
1,7098583040000002
6,7334888479999995
10,591052672
13,818366783999998
14,761985928
15,372456063999998
15,632350216
11,514210904000002
10,682326272000001
12,462450471999999
13,980489335999998
13,648725968000003
9,068251768
3,615901232
0,20407071200000002
0,00374836
0,0
0,0
0,0
0,0
0,0
0,0
0,0
0,0
0,3592792000000001
8,548693504
12,91529824
7,706267360000001
11,863555248
8,413790008
6,755298688
7,950197008
8,832158
12,271427048
10,813677296
12,41480008
5,553160792
3,736031816
0,689272216
0,0028158799999999998
0,0
0,0
0,0
0,0
0,0
0,0
0,0
0,0
0,6188571599999999
1,6206878560000002
3,2554646320000002
9,702784992000002
7,182112
8,946894008000001
8,350596856
13,828042200000002
14,241275152
11,080123167999998
8,84839572
8,899544032
8,599325056000001
3,19031232
2,5960143920000003
0,010366720000000001
0,0
0,0
0,0
0,0
0,0
0,0
0,0
0,0
0,44869640000000005
8,170891024
11,932948584000002
13,544873552
13,759334175999998
13,416467295999999
11,805026832000001
6,711235071999999
8,384828815999999
11,430629255999998
10,205289456
10,796266800000001
1,6042479279999997
3,3942417520000006
0,6352980399999999
0,01370584
0,0
0,0
0,0
0,0
0,0
0,0
0,0
0,0
0,4265305999999999
2,944765144
8,608948944
12,913481343999997
11,331645496
15,282647928000003
14,756587679999999
5,70116484
8,136643288
7,989258615999999
13,166985064
5,5037405040000005
4,5791450959999995
1,704817704
0,19654841599999998
0,00434728
0,0
0,0
0,0
0,0
0,0
0,0
0,0
0,0
0,870802248
3,235151895999999
5,281138008
9,081876895999999
11,472852424
12,169174376
12,0368712
8,427501504
6,019497352
1,9009100079999999
2,3090251440000005
0,904375304
1,2876584320000002
0,7013784799999999
0,19716097600000002
0,00345312
0,0
0,0
0,0
0,0
0,0
0,0
0,0
0,0
0,03720824
0,8226291200000001
2,194517248
2,826662568
5,130943032000001
12,894655696000001
15,744820879999999
14,606137112
14,182902984000002
4,5608277600000005
2,3000883360000004
3,146621672
4,061690248000001
4,356498984000001
1,0762693920000002
0,004733559999999999
0,0
0,0
0,0
0,0
0,0
0,0
0,0
0,0
0,47323831999999993
4,186256264000001
6,881545920000001
12,311807120000003
14,527579376000002
6,58247796
9,459775568000001
14,585868192000001
8,469566616
7,632904184
5,521101247999999
11,325537680000002
4,062133912
8,054438288
0,7752219680000001
0,00731268
0,0
0,0
0,0
0,0
0,0
0,0
0,0
0,0
0,453187552
8,990498752
11,922796943999998
13,630913912
14,949050504000002
15,570589488000001
14,890695992
11,432993288
8,904598152000002
15,256234584
12,975383848
14,343548415999999
12,676245664
9,37704056
2,7481205279999994
0,007524640000000001
0,0
0,0
0,0
0,0
0,0
0,0
0,0
0,0
0,364315304
9,039705528
11,791557096
13,533984104
13,92841232
11,385055272
3,979971712
7,2875522
4,176657872
11,711270808
3,745668704
2,8199017520000003
5,005865664
6,848367312000001
1,238117672
0,00591948
0,0
0,0
0,0
0,0
0,0
0,0
0,0
0,0
0,31648104000000005
4,511609856
11,620301623999998
13,114999256
14,03904492
14,887991064
15,557706264
15,128395543999996
12,618980824
13,947895632000002
10,052788504
4,689742296
2,056005208
0,8906345039999999
0,254806232
0,0039172
0,0
0,0
0,0
0,0
0,0
0,0
0,0
0,0
0,0
0,39753007999999995
0,7787012000000001
1,5734378320000002
1,57052396
7,682057392
4,485273847999999
1,9588096800000003
3,4878829120000003
1,750894816
0,8802253680000001
0,7364723120000001
0,586184496
0,34333078400000006
0,07731639200000001
0,008933720000000001
0,0
0,0
0,0
0,0
0,0
0,0
0,0
0,0
0,30444554400000007
2,436926576
5,370689191999999
6,316805432
7,6179378159999995
7,589786424
11,259733847999998
10,181840671999998
5,122847992
3,6366269760000005
3,37222908
6,4373351680000015
10,771993888
1,2940264559999999
0,99302308
0,011371560000000001
0,0
0,0
0,0
0,0
0,0
0,0
0,0
0,0
0,33490303200000004
8,372391424
11,189113623999999
13,228578096
14,266611383999999
15,325208632000002
15,596251216
13,91508748
15,271434183999999
11,032548287999997
12,050915632
13,861494584000003
10,51837876
4,5420301279999995
0,8451417119999999
0,00914588
0,0
0,0
0,0
0,0
0,0
0,0
0,0
0,0
0,35037801599999996
1,4144279680000003
1,5932169919999999
4,888745824
4,810956888
14,227532344000002
13,115277752
15,579089760000002
14,613572944
9,936643424000001
14,89180976
10,721530256
9,14735196
9,160621008
1,8420398159999998
0,00841836
0,0
0,0
0,0
0,0
0,0
0,0
0,0
0,0
0,293322792
1,456579656
0,6900390720000001
1,250187096
1,880520936
8,96409844
13,038524167999999
15,314016888
14,688500455999998
13,242808447999998
10,62545216
7,4860243120000005
11,480543304
9,472007976
2,97094696
0,007546720000000001
0,0
0,0
0,0
0,0
0,0
0,0
0,0
0,0
0,5321869039999999
5,302744992000001
5,326594879999999
7,737963280000001
6,936105512
6,776819936000001
5,220104583999999
7,232884704
11,281831824
8,993353560000001
7,825169776
13,220244799999998
5,094397424
9,948792536
3,197383072
0,00734648
0,0
0,0
0,0
0,0
0,0
0,0
0,0
0,0
0,9091857439999999
9,395652536
11,196554327999998
12,22220536
11,802389784
3,455675856
2,020720544
7,495046327999999
11,744792855999998
11,294859992000001
14,836081255999998
13,915449256
12,315824752000001
9,713493807999999
3,085512784
0,007881119999999998
0,0
0,0
0,0
0,0
0,0
0,0
0,0
0,0
1,1968023840000002
9,270084016
11,980040567999998
13,547729184
14,757118703999998
13,79953436
15,041541991999999
14,162929848000001
11,487670040000003
14,65715732
12,779024912
13,784962071999999
12,441754072
9,644362359999999
2,5011168880000003
0,0145728
0,0
0,0
0,0
0,0
0,0
0,0
0,0
0,0
0,5347430799999999
9,258193872
11,802154903999998
13,505261688000001
14,578560143999999
14,722189096000001
15,664311736
15,738860151999999
15,609620136000004
15,405506224
14,684256039999998
13,04672512
11,308174632
9,078548167999998
3,3047396799999995
0,011179040000000001
0,0
0,0
0,0
0,0
0,0
0,0
0,0
0,0
0,8292498640000001
6,556795448
8,017312336
12,118570288
9,32043876
14,354209376
12,775521072000004
13,099014544000001
15,514600127999998
13,881945503999999
13,721491840000002
13,638621680000002
12,104957591999998
9,659443048
3,058481567999999
0,010929839999999998
0,0
0,0
0,0
0,0
0,0
0,0
0,0
0,0
0,14582199199999998
0,48500095200000004
1,410497328
2,629290944
5,545881176
6,64350036
5,544788040000001
7,705772208
3,564774592
4,351837055999999
8,064733824000001
9,828453016000001
9,237062008
2,001444784
0,7799808880000001
0,01590796
0,0
0,0
0,0
0,0
0,0
0,0
0,0
0,0
0,07777093599999998
0,8657736159999998
1,786950576
2,785834312
2,350825944
1,6696309280000003
2,2816705600000002
2,7816702000000006
4,19733112
8,152195704
9,449352968000001
5,229755776
3,325699656
2,0742073839999997
0,66349488
0,022784840000000004
0,0
0,0
0,0
0,0
0,0
0,0
0,0
0,0
0,293442048
1,737732952
3,8845118399999996
5,00048376
7,5427392719999995
11,673722776
11,435760992
11,078758728
5,7411200000000004
6,915282968
5,294265168
3,3143923680000005
1,7678017600000002
7,426620488000001
3,064157439999999
0,01665864
0,0
0,0
0,0
0,0
0,0
0,0
0,0
0,0
0,35748569599999996
1,6936460080000002
3,7256841599999997
6,019801296000001
10,802792352000003
8,927503856
10,932238879999998
11,21211876
14,882899255999996
10,973347552
10,980361576
12,367958392
8,217916792
8,8470764
3,6264668799999997
0,01191088
0,0
0,0
0,0
0,0
0,0
0,0
0,0
0,0
0,7258555200000002
9,211639744
11,875115064
13,282191584
14,302556463999998
14,034609912000002
14,886635392000002
14,252457576000001
9,64425092
15,586775944
8,892544408
13,703522463999997
11,387581016
9,700053727999997
2,7746527920000004
0,036060624
0,0
0,0
0,0
0,0
0,0
0,0
0,0
0,0
0,7733171280000002
9,36056832
10,922640800000002
11,870067096
14,138712184
6,815832823999999
6,500138504
11,076391487999999
15,450354664000002
13,724935608000001
4,874262536000001
6,0909129680000005
5,472165607999999
9,283402768
3,8400369519999993
0,01033352
0,0
0,0
0,0
0,0
0,0
0,0
0,0
0,0
0,396534192
1,76254288
10,354278744
6,9005816
6,981737336
15,034035968
15,029956128000004
15,724056983999999
9,311235432000002
10,550004336
5,717740296
2,25192852
3,4156766
7,5193124319999995
0,852455696
0,0108054
0,0
0,0
0,0
0,0
0,0
0,0
0,0
0,0
0,0
0,1461728
1,1965412160000002
1,613488064
2,196498272
2,445631272
3,4670195919999998
3,9128771920000003
7,602084216
3,4952552640000003
2,267499808
2,2447113439999997
1,677693248
1,8193516479999998
0,41122954400000006
0,010650159999999999
0,0
0,0
0,0
0,0
0,0
0,0
0,0
0,0
0,09786720800000001
1,196936136
2,244802104
7,410337416
6,818017584
11,014249184
8,803637184000001
13,848101696000002
9,837453311999997
15,343988856
14,663831687999998
13,704726688
11,904237071999999
9,538817864
1,6006078320000001
0,011036840000000001
0,0
0,0
0,0
0,0
0,0
0,0
0,0
0,0
0,5844819839999998
8,665740872
11,33084328
12,988461776
14,134847472
14,828627808
15,10613624
15,487461968
15,69639368
15,159851856
9,334956511999998
12,883342984
11,056561304
8,271366656000001
3,289015456
0,013146280000000002
0,0
0,0
0,0
0,0
0,0
0,0
0,0
0,0
0,472425504
6,829045336
11,390924864
12,955204208
14,095112383999998
14,940746343999999
15,361687439999999
15,571756488
15,19619412
15,205208072
14,430347304000001
13,468706808
11,772819672
8,93892048
3,3139954319999996
0,013323119999999999
0,0
0,0
0,0
0,0
0,0
0,0
0,0
0,0
0,46650732800000005
8,218362592
11,098427072
12,793380904
14,068256031999997
14,79493504
15,143425064
15,692066936
14,430249960000001
13,050087408
14,525045704
13,497829544
11,857328088000001
9,154838303999998
3,4930949919999996
0,012298680000000001
0,0
0,0
0,0
0,0
0,0
0,0
0,0
0,0
0,5148836800000001
8,102018575999999
11,061153928
12,790825055999997
14,03305712
14,817266832
15,251713775999999
15,450621464
15,466669176
15,205640527999998
14,508315239999998
13,413889752000003
11,808488888
9,159288071999999
3,2727024240000007
0,01639772
0,0
0,0
0,0
0,0
0,0
0,0
0,0
0,0
0,48312573600000003
8,381445576
11,203867944
12,932126016
14,147612096
14,924871904
15,242232199999998
15,491784048000001
15,265385015999998
15,077905807999997
14,669683088
10,09476708
5,666841144
5,860242399999999
3,0439988479999993
0,01479448
0,0
0,0
0,0
0,0
0,0
0,0
0,0
0,0
0,44062361600000005
8,106159824
11,02872928
12,849204951999997
13,983644687999998
14,888585335999998
15,26663896
15,417015792
15,034400599999998
15,110322944000002
14,622121600000002
13,616221816000001
11,931652792
8,971971768
3,613389992000001
0,036593048
0,0
0,0
0,0
0,0
0,0
0,0
0,0
0,0
0,456309712
8,144709112
10,904285024
12,88658056
14,017676896
14,697166616000002
15,161043847999998
15,393401600000002
15,213148456
13,929008128
14,368052864
13,178332847999998
11,555892872
8,397982399999998
2,755887064
0,016258
0,0
0,0
0,0
0,0
0,0
0,0
0,0
0,0
0,45644524
8,734788624
11,213325016000002
12,877428768
13,971572719999998
14,731741776
15,233614232000003
15,302114736000002
15,185911032
14,845290792
13,992377072000002
12,953051704000002
11,725837327999999
8,941045815999999
3,2011959680000004
0,01030668
0,0
0,0
0,0
0,0
0,0
0,0
0,0
0,0
0,466765472
7,918366784
10,472276872
12,444932832
13,7396602
14,540028664000001
15,114578599999998
15,332508888
12,722248160000001
14,807097040000004
14,140947896000002
13,00215544
11,544463008000001
8,064871152000002
1,7939509599999999
0,010742799999999999
0,0
0,0
0,0
0,0
0,0
0,0
0,0
0,0
0,12493503199999999
1,8280614880000001
5,842814592
12,631508432
13,608411967999999
14,440727112000003
14,675594952000003
14,602667055999998
13,761108095999997
14,508008183999998
13,924325183999999
13,089881064000002
11,324846136000001
5,584164063999999
2,9737379679999996
0,009369520000000001
0,0
0,0
0,0
0,0
0,0
0,0
0,0
0,0
0,210511568
1,136817408
2,28654432
12,641931968000002
10,475488879999999
14,921048432
15,200743992000003
15,474472376
15,700503528
6,291502920000001
1,4548093919999998
0,7727639759999999
2,9612284639999995
1,160998272
0,5148141760000001
0,01089204
0,0
0,0
0,0
0,0
0,0
0,0
0,0
0,0
0,38488249599999996
4,471257992000001
9,461486136
11,068169
9,106469264000001
11,930138863999998
12,767839167999998
15,011582712
15,405691511999999
14,334145232
13,217228568000001
12,50054556
11,145779360000002
7,909365784
2,5055891040000002
0,008576799999999999
0,0
0,0
0,0
0,0
0,0
0,0
0,0
0,0
0,394250656
7,410510632
10,74112028
12,760319423999999
14,128747848
14,919885928000001
15,299998168
9,247477080000001
15,52440724
10,968350008
6,848080672000001
8,493563744000001
10,475436280000002
7,470471752000001
1,9602004320000002
0,010683119999999999
0,0
0,0
0,0
0,0
0,0
0,0
0,0
0,0
0,0
7,213756064
5,644541472000001
8,906201904
8,413484424
10,148637560000001
11,348205424
10,746023776
8,978114303999998
12,566109848
14,746979048
13,772533288
12,747315936000003
8,58353548
1,04743276
0,01018692
0,0
0,0
0,0
0,0
0,0
0,0
0,0
0,0
0,31589010400000006
9,335162952000001
12,053314288000001
13,50046528
14,486007855999999
15,205248959999999
15,664049424
15,620720744
15,440683359999998
15,101216144
14,656193816
13,754363552000001
12,396565943999999
9,730028616000002
3,736566688
0,00945712
0,0
0,0
0,0
0,0
0,0
0,0
0,0
0,0
0,27263302400000006
9,135459608000001
11,786069344000001
13,309498864000004
14,371669391999998
15,050723168
15,453197296000003
15,559857112
15,471897103999998
15,246177503999998
14,574779792000001
13,566465216
12,005531
9,379739119999998
3,1959522320000007
0,00876612
0,0
0,0
0,0
0,0
0,0
0,0
0,0
0,0
0,27963008800000005
8,598082111999998
11,298774632
13,014264839999997
14,078274032
14,878561704
15,245578632
15,499293687999998
15,375617976
15,17983476
14,495548191999996
13,493393408000001
11,898619167999998
9,027320408000001
3,0285966719999995
0,009298639999999999
0,0
0,0
0,0
0,0
0,0
0,0
0,0
0,0
0,3883822719999999
7,956246367999999
10,784328176000002
12,744546752
13,858196408
14,692147056
15,080835816
15,331465871999999
15,333105783999999
14,805109104000001
14,495352056
13,245840328000002
11,386817232000002
8,230110688
2,72853108
0,00873376
0,0
0,0
0,0
0,0
0,0
0,0
0,0
0,0
0,31206987199999997
6,6256578159999995
10,402288752000002
12,692485296000001
13,949669472
14,821001064000004
15,396019072000005
15,634392888
15,515555488000002
15,319767936
14,488159584
13,458199552
11,963310735999999
9,233919583999999
3,31984684
0,00894592
0,0
0,0
0,0
0,0
0,0
0,0
0,0
0,0
0,22777621600000003
3,095293624
11,874597504
13,774853024
12,930713304000001
14,942750088
15,914164888000004
15,88739316
15,90288716
15,701393504000002
11,164594352
9,199710744
8,736959744
4,430007944
1,0377603919999998
0,00920568
0,0
0,0
0,0
0,0
0,0
0,0
0,0
0,0
0,255495776
9,141695376000001
11,921801632000001
13,531841576000003
14,403095743999998
15,108720904
15,468348392000001
15,504476136
15,570023639999997
14,765883992000001
15,041814616000002
13,748699288000001
12,069348632
9,305235448000003
3,1276147119999997
0,009007
0,0
0,0
0,0
0,0
0,0
0,0
0,0
0,0
0,3670474799999999
2,631253008
4,406585991999999
10,345973511999999
8,696938376
13,962575344
11,845331496
15,472786863999996
12,651315168
13,753971056000001
10,408939007999999
8,491619616000001
3,8991016560000005
3,0197435440000002
0,922928544
0,014423479999999999
0,0
0,0
0,0
0,0
0,0
0,0
0,0
0,0
0,20970442399999997
7,489389688
11,026864992000002
12,896473568000001
14,073389168
14,961764328000003
15,295916728000002
15,55658684
15,647209816
15,302737831999996
14,574809368
13,390953407999998
11,841282856
8,301162376
2,44879244
0,01096364
0,0
0,0
0,0
0,0
0,0
0,0
0,0
0,0
0,18482166399999997
6,758782344
10,502900072000001
12,578306456
13,882338712000005
14,753383519999998
14,187924464
14,177933847999999
13,410920231999999
9,495632176000003
9,949770639999999
6,02102584
6,767566872
1,4778196480000003
0,398733648
0,01395812
0,0
0,0
0,0
0,0
0,0
0,0
0,0
0,0
0,144346616
1,1201770559999997
3,470544192
6,549875776
7,480312376
5,9220733039999995
13,727959472
10,094041072
3,2590402480000003
5,4835534720000005
2,9469812400000004
3,283408856
9,830269256
8,872791544000002
2,5798411839999997
0,004796160000000001
0,0
0,0
0,0
0,0
0,0
0,0
0,0
0,0
0,16891224000000002
7,808293776
10,187350312000001
11,347929448
14,369020815999997
14,234259536
10,221807072
7,987460415999999
9,534796759999999
8,788620111999998
10,828061688000002
5,36989256
7,937384224000001
6,062798487999999
2,965481792
0,0058889599999999995
0,0
0,0
0,0
0,0
0,0
0,0
0,0
0,0
0,171994968
8,048631304
11,204798368000002
13,014174240000003
14,137168928
14,980355112000002
15,476758288000001
14,708457968000001
9,912331295999998
12,603400047999997
13,708316232
12,682412856
12,150616503999998
9,301389007999997
2,850992384
0,0060996800000000006
0,0
0,0
0,0
0,0
0,0
0,0
0,0
0,0
0,17075713599999998
7,75089476
11,104598568000002
13,043712192
14,045957335999999
14,990585543999998
15,442787375999998
15,509235055999998
15,414866096
15,064638464000002
14,531735263999998
6,024558704000001
10,761511072000001
8,469656335999998
2,460427712
0,006500199999999999
0,0
0,0
0,0
0,0
0,0
0,0
0,0
0,0
0,159003736
7,457817151999999
10,906385864000002
12,083977848
13,935415471999999
14,793061152
15,2374544
15,521444896
14,450233064
15,08015492
13,050987343999997
2,08939772
1,6840087600000002
1,08692068
0,26822424
0,00479
0,0
0,0
0,0
0,0
0,0
0,0
0,0
0,0
0,013769839999999998
0,6454260800000001
1,28097848
1,78573296
2,20268344
1,581461
1,7463075600000002
1,84614344
1,92066712
1,3423516
2,07022924
1,4912064
1,7148720000000002
1,0596694
0,24103055999999998
0,00522816
0,0
0,0
0,0
0,0
0,0
0,0
0,0
0,0
0,01353252
0,5844237600000001
1,23018364
1,7306468
8,576163584
14,579700032000002
11,387181720000001
15,286059512
15,172703184
14,912740712
14,00768152
13,038150080000001
11,650353080000002
3,4241219520000006
0,46040704800000004
0,00586872
0,0
0,0
0,0
0,0
0,0
0,0
0,0
0,0
0,121731624
1,1863717599999997
9,519637008000002
8,875553744000001
9,902518096
12,307903415999998
7,237410776
11,087726671999999
8,374063264
8,616766608
13,808741271999999
11,082835072000002
3,50869236
3,5229140559999994
0,614260384
0,00482788
0,0
0,0
0,0
0,0
0,0
0,0
0,0
0,0
0,0
7,6537025519999995
11,161383744
13,025914512
14,152326247999998
14,976951432
14,433856536
9,439517391999999
12,874325368
8,494285888
9,871997840000002
11,493132136000002
11,070854312
7,327171191999999
1,755954632
0,007714960000000001
0,0
0,0
0,0
0,0
0,0
0,0
0,0
0,0
0,09961327199999999
7,259836888
10,951033544
12,914657552000001
14,165021648
14,989677143999998
15,276101151999999
15,44215136
15,11518144
15,288540999999997
14,683511016000002
13,417233936
11,564887303999999
8,254759847999999
1,447833168
0,006416640000000001
0,0
0,0
0,0
0,0
0,0
0,0
0,0
0,0
0,097516696
7,536845871999999
10,912145368000001
12,688854967999998
13,988568456
14,803186056
15,275386072000002
15,33509784
15,324097472
15,025215224
14,439199040000002
13,526320704000002
11,732663856
8,593643712
1,9390122159999998
0,0048652
0,0
0,0
0,0
0,0
0,0
0,0
0,0
0,0
0,066916008
6,771586695999999
10,521086455999999
12,294426920000001
13,680340808
14,579370439999998
15,065229056
15,26646904
15,154295528
14,8484344
14,207912632
12,967774568000001
11,261949064
8,219564144
1,291965296
0,004934800000000001
0,0
0,0
0,0
0,0
0,0
0,0
0,0
0,0
0,068397328
5,818284312
9,767539568
12,051985680000001
13,272435783999997
14,4163444
14,86975308
15,018684784
14,994072000000001
14,840199960000001
14,203645903999998
13,042464632000002
11,148900376
7,131411176
0,9925381920000003
0,00601408
0,0
0,0
0,0
0,0
0,0
0,0
0,0
0,0
0,069337112
5,362915688000001
9,556078376
12,057152744000003
13,439366280000002
14,141976135999998
14,860211143999999
15,095144376
15,193330736000002
14,692528807999999
13,565949623999998
5,260017936000001
5,784819920000001
1,212821664
0,165715664
0,0029906399999999997
0,0
0,0
0,0
0,0
0,0
0,0
0,0
0,0
0,06589365600000001
3,973004992000001
8,946382688
11,417624608
13,629763912
14,389888968
15,068588216
10,155542064
12,001877248000001
10,030151088
14,356519248
11,913590352
10,353274368000001
6,356473520000001
1,1109562960000001
0,0034603200000000002
0,0
0,0
0,0
0,0
0,0
0,0
0,0
0,0
0,062673136
6,6472176560000005
11,387264407999998
13,124759223999998
14,419757704
15,136092504
15,571218968
15,738299336
15,67720288
15,353845175999997
14,526910231999999
13,198783176
10,849472264
6,82895444
0,510693976
0,00310224
0,0
0,0
0,0
0,0
0,0
0,0
0,0
0,0
0,02961084
5,965803711999999
10,047245528000001
12,256531176000001
13,621885375999998
14,600251656
15,046618464
15,447321768000002
15,447455984
15,010716367999997
14,386578519999999
13,191937408
10,982204512000001
7,406551608000001
0,638894488
0,00205432
0,0
0,0
0,0
0,0
0,0
0,0
0,0
0,0
0,0
0,7378062960000001
7,86897692
6,697182024
9,075601312
5,676032960000001
7,224703648
11,236365816
7,985761464000001
6,739107288
7,289822935999999
5,404268456
1,7343341760000002
0,29062212
0,0272238
0,000771
0,0
0,0
0,0
0,0
0,0
0,0
0,0
0,0
0,0
0,08425023999999999
0,28205823999999996
0,6055503999999999
0,56338256
0,9588704800000001
0,8828031999999999
6,72010688
13,774446928
14,749150640000002
3,6212869120000004
1,1865653999999999
6,236805976
5,053547544
0,44641836800000007
0,0
0,0
0,0
0,0
0,0
0,0
0,0
0,0
0,0
0,0
0,559426152
3,454550888000001
3,5598025040000003
3,6995955040000004
3,4817638320000004
3,7226646479999994
4,1119374959999995
4,902010456
5,3019269840000005
5,758364639999999
3,249008888
1,0874735599999998
0,341059384
0,036161823999999995
0,00095404
0,0
0,0
0,0
0,0
0,0
0,0
0,0
0,0
0,0
0,848803096
7,338847040000001
6,807660800000001
1,38662956
5,463941184
13,97334008
7,188701744
9,807810199999999
3,5167157280000003
2,5544751759999995
3,50553664
3,2130828879999993
1,7836412480000001
0,21795393600000001
0,00031447999999999996
0,0
0,0
0,0
0,0
0,0
0,0
0,0
0,0
0,0
3,0814136960000003
8,108748144
12,410327176000001
14,032702856000002
14,444393584
14,928331632
10,91705556
7,671246087999999
9,839743968
13,757455704
11,807350000000001
10,590311584
5,821417759999998
0,276014856
0,00102764
0,0
0,0
0,0
0,0
0,0
0,0
0,0
0,0
0,0
2,7410945680000003
2,1324584079999997
9,879092199999999
13,896673496000002
11,733384968000001
15,49175344
15,599398856000002
15,176013320000003
14,643148184
4,471932264
3,067998864
4,922524727999999
2,582322192
0,282391008
0,00273732
0,0
0,0
0,0
0,0
0,0
0,0
0,0
0,0
0,0
4,5739301999999995
9,353808847999998
12,050071784
13,670369120000002
14,603481655999998
15,093965472000004
15,408268664000001
15,057236888
10,420347816000001
13,271337592
12,758929024
6,4760070480000005
0,7990681519999999
0,13118252000000002
0,00066048
0,0
0,0
0,0
0,0
0,0
0,0
0,0
0,0
0,0
4,278777904
9,223677808
11,782217288
13,440353944
14,428798328
15,127723992000002
15,200050567999998
15,249219328
13,965573568
12,799255535999999
6,761098831999999
7,745437856000001
2,719467192
0,294007304
0,0004374
0,0
0,0
0,0
0,0
0,0
0,0
0,0
0,0
0,0
3,6257073600000003
8,838887327999998
11,538052544000003
13,372321920000003
14,314847904000002
14,930314352000002
14,548342095999999
5,9582051599999994
3,857580016
12,110526791999996
4,30097988
0,26506384000000005
0,7700758799999998
0,266941824
0,0009696
0,0
0,0
0,0
0,0
0,0
0,0
0,0
0,0
0,0
4,485830136000001
9,197053255999998
11,754742056
13,598623120000001
14,557060760000002
14,45808904
14,227697951999998
14,979273520000003
14,493341615999999
13,672348088000001
12,288452911999999
9,707198264000002
4,83976152
0,15590557599999996
0,00051688
0,0
0,0
0,0
0,0
0,0
0,0
0,0
0,0
0,0
3,85277804
8,656856936
8,032241503999998
12,765111048000001
8,393628527999999
14,734698456
14,093535352
14,329286520000002
14,424246552000005
13,734570504
12,341568984000002
10,347879352
4,825418543999999
0,05990113600000001
0,00012688
0,0
0,0
0,0
0,0
0,0
0,0
0,0
0,0
0,0
0,9761620000000001
8,44551572
11,849547904000001
13,422285696000001
14,555581608000002
14,983896576000001
13,760357943999999
2,881433032
13,22866792
14,04583464
12,733881152
9,282458104
2,0170482080000003
0,12147891200000001
1,744e-05
0,0
0,0
0,0
0,0
0,0
0,0
0,0
0,0
0,0
3,9619310960000003
9,645052584
12,318752287999997
13,907304447999998
14,764761368000002
15,266468864
14,956090160000002
14,778180815999999
14,973626592
14,082145575999998
12,718272776
10,267278280000001
4,831078992
0,10566831199999999
4,672e-05
0,0
0,0
0,0
0,0
0,0
0,0
0,0
0,0
0,0
4,011812624
9,3199602
11,970155712
13,738911176000002
14,765942631999998
15,238799120000001
15,294013488000001
15,026136840000001
14,801463736
14,093864303999998
11,682163016
10,867202751999999
5,426267407999999
0,066011224
0,0
0,0
0,0
0,0
0,0
0,0
0,0
0,0
0,0
0,0
1,238724136
8,615818808
4,228074272
11,847227984000003
13,200255944
12,744838592
4,192659504
3,966737112
4,849904184000001
10,977007711999999
2,847711704
0,49853383200000007
3,6854426080000002
0,098575
5e-06
0,0
0,0
0,0
0,0
0,0
0,0
0,0
0,0
0,0
5,022634319999999
10,474569831999998
12,831458919999998
14,063195304
14,967369128000001
15,3773172
15,559967967999999
14,620152743999999
3,987278224
6,975186808
13,189649184
9,229862840000001
5,717447856000001
0,02563296
4,88e-06
0,0
0,0
0,0
0,0
0,0
0,0
0,0
0,0
0,0
4,944201696
10,640622544
13,077022655999999
14,369029936000002
15,119460231999998
15,560693856000002
15,758571920000001
15,731112736000004
15,169399280000002
14,605380391999999
13,386309368000001
11,254738280000002
5,2624133760000005
0,045605008
0,0
0,0
0,0
0,0
0,0
0,0
0,0
0,0
0,0
0,0
5,027733240000001
10,750346696000001
13,101311176000001
14,219803584000001
15,109407936000004
15,427087352000001
15,579651656
15,384379480000002
15,039180728000002
14,294972232
13,215271743999999
11,04495476
5,2573887599999996
0,030695592
0,0
0,0
0,0
0,0
0,0
0,0
0,0
0,0
0,0
0,0
4,418167144
10,482995416
12,604362304
13,918027104
14,711892792
15,309085024000002
15,349436952000001
15,296916896000003
14,893671519999998
14,13685196
12,853476184000002
10,562737456
4,6633717279999995
0,01913328
0,0
0,0
0,0
0,0
0,0
0,0
0,0
0,0
0,0
0,0
3,253655016
9,533807943999998
12,202866776
13,539308032000001
14,439759536000002
14,97310112
15,151797912
14,899579752
14,279652311999998
13,089766352
4,153742488
5,93683688
4,116828176
0,047310232
0,0
0,0
0,0
0,0
0,0
0,0
0,0
0,0
0,0
0,0
1,1530390240000001
8,038751183999999
6,3592951520000005
7,266961728000001
9,34084996
3,0425534560000003
6,319075224
2,9746165119999994
6,388130607999999
5,333487784
9,933694079999999
7,469330824000001
1,187136032
0,02998104
0,0
0,0
0,0
0,0
0,0
0,0
0,0
0,0
0,0
0,0
0,41673652
8,945219552
6,514432944000001
12,964825119999999
14,715269408000001
15,325823944
13,909833655999998
11,688267784
15,022925128000002
14,201570416000003
13,231311616
10,687869871999997
4,086656024000001
0,01894668
0,0
0,0
0,0
0,0
0,0
0,0
0,0
0,0
0,0
0,0
3,484546536
10,30802536
12,812537232
14,294799392000002
15,032643616000001
15,478035336000001
14,220130231999999
13,990736696000003
11,739640823999999
11,728047816
10,638946663999999
9,787642976
3,1133930639999994
0,072020184
0,0
0,0
0,0
0,0
0,0
0,0
0,0
0,0
0,0
0,0
2,092793096
9,698705888
12,306068880000002
12,608159191999999
14,766524760000003
15,284609152000002
15,329287248
15,221039799999998
14,349245208
12,625957471999998
11,596204527999998
9,897661216000001
3,928369192000001
0,01426628
0,0
0,0
0,0
0,0
0,0
0,0
0,0
0,0
0,0
0,0
2,7266852960000003
9,510256399999998
12,297061520000002
13,682433488000001
14,302678024
14,944534968
14,988344335999999
14,913830959999997
13,737645176
13,889058224000003
12,375169087999998
9,751382719999997
3,2459616720000004
0,01400068
0,0
0,0
0,0
0,0
0,0
0,0
0,0
0,0
0,0
0,0
2,764134904
9,565505456
12,350023696
13,85890528
14,957142543999998
15,554447240000002
15,713698216
15,624263152000001
15,22663668
14,470803648
12,924287832
10,330058304
3,370651528
0,012279199999999999
0,0
0,0
0,0
0,0
0,0
0,0
0,0
0,0
0,0
0,0
1,9877269360000003
9,212933912
12,103571632000001
13,847260312
14,872708784
15,454412735999998
15,428565688
15,359035808000002
14,663867487999998
10,422746479999999
11,870608936
8,2560962
1,3678209039999998
0,0098206
0,0
0,0
0,0
0,0
0,0
0,0
0,0
0,0
0,0
0,0
1,437673272
7,901933104
9,535339944
12,865489984000002
14,174512487999998
14,779957544
15,084014904000002
13,532327968
13,938907879999999
6,073982871999999
2,5459987199999996
1,5404341439999998
0,127469592
0,0034116
0,0
0,0
0,0
0,0
0,0
0,0
0,0
0,0
0,0
0,0
0,439886528
8,705359096
12,02246212
14,536706736
13,975984936000001
15,618928592000001
15,286232120000001
11,004104711999998
8,640036576
10,454802039999999
10,730372040000004
10,393195495999999
2,9585006879999995
0,00583416
0,0
0,0
0,0
0,0
0,0
0,0
0,0
0,0
0,0
0,0
0,5415172799999999
9,891045368
12,755780864
14,050353264000004
14,706963496
14,793542312
15,320055872
14,915278687999999
13,714776288000003
12,960427216000001
8,501137328
9,09069572
0,746848856
0,00784268
0,0
0,0
0,0
0,0
0,0
0,0
0,0
0,0
0,0
0,0
0,40828961599999997
6,944469536
10,96885756
7,784681952
10,69273704
13,270354295999999
12,724758151999998
14,860548272
13,776363008
13,987186736
12,328306888
7,769408144
2,7271818320000007
0,00748748
0,0
0,0
0,0
0,0
0,0
0,0
0,0
0,0
0,0
0,0
1,511210952
10,337745415999997
12,91802336
14,335505432000001
15,378179088
15,688203007999999
15,856094824000001
15,729603064
15,309578256
14,314689952000002
13,012575008
10,076120592
2,64455004
0,0073640400000000005
0,0
0,0
0,0
0,0
0,0
0,0
0,0
0,0
0,0
0,0
1,538630056
10,373994551999997
12,918187600000001
14,344926248000002
15,20566876
15,522483656
15,690290024000001
15,47038236
15,029207808
14,237383679999999
12,920099896000002
9,833187352000001
2,470441352
0,006728680000000001
0,0
0,0
0,0
0,0
0,0
0,0
0,0
0,0
0,0
0,0
1,292775424
10,094423432000001
12,647587456
14,098603687999999
14,893863544
15,353723599999997
15,517669503999997
15,401739424
15,066891272000001
14,202179919999999
12,480733024000001
9,35653656
1,6533715760000003
0,006508559999999999
0,0
0,0
0,0
0,0
0,0
0,0
0,0
0,0
0,0
0,0
1,0788034879999997
9,374321392
11,963934344000002
13,548835776
14,489353712
14,697466279999999
14,939221247999999
14,896929272
14,355916127999997
13,37419612
11,819274392
8,346767183999999
1,4245697759999998
0,006179760000000001
0,0
0,0
0,0
0,0
0,0
0,0
0,0
0,0
0,0
0,0
0,365688072
7,978884592
11,722858264
13,617578311999997
14,538697855999999
14,993442832
15,258112168000002
15,252772816000002
14,706558816
13,606995056000002
11,525253192000001
7,059860488000001
1,065279312
0,00620724
0,0
0,0
0,0
0,0
0,0
0,0
0,0
0,0
0,0
0,0
0,523706408
9,126495320000002
12,319926648
13,843898888
14,87811012
15,285790655999998
15,498248752
15,349519904000001
14,777379176
13,993404880000002
12,371581792
8,573416656000001
1,440466792
0,005483000000000001
0,0
0,0
0,0
0,0
0,0
0,0
0,0
0,0
0,0
0,0
0,46734027999999994
9,269804104
12,313139208
13,929960280000001
14,946414863999998
15,162735183999999
15,292943304
15,300053664000002
14,675703048
13,949349616
12,089684368
8,210541392
1,000578008
0,00391512
0,0
0,0
0,0
0,0
0,0
0,0
0,0
0,0
0,0
0,0
0,30265327999999997
7,595240848000001
11,21857016
13,366995056
14,426472232000002
14,913907920000002
15,1506592
14,904763880000003
14,428574880000001
13,140768120000002
10,56886368
6,222522216
0,5682325039999999
0,0031087199999999997
0,0
0,0
0,0
0,0
0,0
0,0
0,0
0,0
0,0
0,0
0,28396738400000004
7,749830264
11,119660712
13,092252720000001
14,240190408
14,732893056
14,976447464000001
14,979633432
14,168307488
12,872309487999999
10,507834952
6,217174239999999
0,521299
0,0027939999999999996
0,0
0,0
0,0
0,0
0,0
0,0
0,0
0,0
0,0
0,0
0,28543248800000004
7,972132415999999
11,422949928
13,599101680000002
14,754334512000002
15,25943788
15,272529568000001
15,078428079999998
14,601606792000002
13,661915336000002
11,982028728000001
7,446701767999999
0,50998888
0,00213744
0,0
0,0
0,0
0,0
0,0
0,0
0,0
0,0
0,0
0,0
0,26902205599999995
8,35903336
11,719481872000003
13,757374504000001
14,773926752
14,960487848000001
15,264483719999998
14,9637472
13,976080864
7,309430784
10,420952680000001
5,547322415999999
0,317259744
0,00188252
0,0
0,0
0,0
0,0
0,0
0,0
0,0
0,0
0,0
0,0
0,288074024
5,724406888000002
10,59276952
12,197315072000002
13,950018808
14,106274112
9,970195671999997
5,900173096000001
11,951550839999998
8,477073696000001
4,4155510399999995
2,8930235040000007
0,23697769600000002
0,0010602
0,0
0,0
0,0
0,0
0,0
0,0
0,0
0,0
0,0
0,0
0,209956912
5,212159648
10,54697908
10,18061384
11,396099959999999
12,22007236
13,118875072000002
0,9743864
12,737205607999998
11,745050008
9,160751352
5,68055444
0,17386376
0,00049564
0,0
0,0
0,0
0,0
0,0
0,0
0,0
0,0
0,0
0,0
0,184649976
1,89499584
4,855857815999999
7,936012911999999
7,5203847999999995
9,17098448
11,318263360000001
7,342407408000001
13,925825951999999
8,630446000000001
10,738398856
3,7315630560000006
0,10666067999999998
0,0002164
0,0
0,0
0,0
0,0
0,0
0,0
0,0
0,0
0,0
0,0
0,099963896
1,4059177759999997
6,017806768000001
7,086413648000001
7,585251272000001
9,785232824000001
7,28211732
8,960551056
7,455233087999999
5,878920775999999
3,8632873039999995
1,379961992
0,160915416
0,00029088
0,0
0,0
0,0
0,0
0,0
0,0
0,0
0,0
0,0
0,0
0,11187452
1,2367578799999999
3,368431656
7,22427048
8,165874112
12,55738476
12,427598504
11,027985200000002
13,466397888000001
12,144879136000002
8,595339639999999
3,24653516
0,20060550399999996
0,0007178800000000001
0,0
0,0
0,0
0,0
0,0
0,0
0,0
0,0
0,0
0,0
0,138886888
6,481194808000001
10,709849376
13,103231615999999
14,274433528
14,962401351999999
15,074582864
14,836422296000002
14,358432767999998
13,153083336000002
10,536779247999998
4,9688097440000005
0,12214976799999999
0,00017604000000000003
0,0
0,0
0,0
0,0
0,0
0,0
0,0
0,0
0,0
0,0
0,11601716000000001
5,814195608
9,964620111999999
12,542348048
13,662568616
14,801702544000001
14,968093095999999
14,580211231999998
13,699462895999998
11,525070576000001
9,667593887999999
3,289175192
0,044753848000000006
2,44e-05
0,0
0,0
0,0
0,0
0,0
0,0
0,0
0,0
0,0
0,0
0,00468636
0,7183594000000001
3,523323407999999
6,401043600000001
12,665755816
3,95236908
3,1021017840000003
2,589504808
3,4141645439999997
7,073909888
8,276943336000002
3,4397318959999996
0,075898264
0,0
0,0
0,0
0,0
0,0
0,0
0,0
0,0
0,0
0,0
0,0
0,0
0,366930896
0,956272072
1,6337328640000002
3,7429412479999997
5,058875208
11,934202936
11,573703968
5,2517094239999995
4,17306692
4,182878584
0,763205616
0,054563768000000006
0,0
0,0
0,0
0,0
0,0
0,0
0,0
0,0
0,0
0,0
0,0
0,0520968
4,082391648
10,930401696
13,270936352000001
14,639133528
15,251852232000001
14,753747096
13,163192968
13,363723632
2,641089624
6,6557198159999995
4,42195324
0,056750304
0,0
0,0
0,0
0,0
0,0
0,0
0,0
0,0
0,0
0,0
0,0
0,0
0,5673340960000002
3,1966514880000005
0,433581912
1,2310800960000001
4,1685168
5,509001064000001
6,70967408
9,340880768
2,664646128
1,8269774479999998
1,482799224
0,035957079999999995
0,0
0,0
0,0
0,0
0,0
0,0
0,0
0,0
0,0
0,0
0,0
0,0
0,491012448
2,2219930240000005
1,8733229599999996
1,4983303039999998
0,828325136
1,6385876879999999
1,643012664
3,0660565920000002
1,5044651519999999
2,106603712
1,4868455120000004
0,036126040000000005
0,0
0,0
0,0
0,0
0,0
0,0
0,0
0,0
0,0
0,0
0,0
0,0
0,21239527200000002
3,287246128
3,27187416
4,962361752
8,619889536
6,106914672
6,508551392
10,179013280000001
2,091192144
2,264390544
0,623336656
0,011367760000000001
0,0
0,0
0,0
0,0
0,0
0,0
0,0
0,0
0,0
0,0
0,0
0,0
0,7402523200000001
1,5204095760000003
2,583376464
2,1156238879999996
1,020137888
1,7243255519999998
9,462077511999999
4,83158488
1,9244905360000002
2,002147512
0,45348221600000005
0,016025119999999997
0,0
0,0
0,0
0,0
0,0
0,0
0,0
0,0
0,0
0,0
0,0
0,0
7,498991416000001
10,548111664
13,801321112
12,646815023999999
14,211580695999999
13,157966639999998
7,862422504000001
13,125899136
13,153934711999998
10,724917128000001
5,10256052
0,02802196
0,0
0,0
0,0
0,0
0,0
0,0
0,0
0,0
0,0
0,0
0,0
0,0
7,694569216
12,295222008000001
13,873860816
14,918087968
15,515353904
15,53556368
15,406487552
14,729388384
13,401687512
3,674653824
4,847051376
0,03676232
0,0
0,0
0,0
0,0
0,0
0,0
0,0
0,0
0,0
0,0
0,0
0,0
6,103575528
11,967593848
13,91066824
14,974250288000002
15,379959016
12,432005007999999
13,239657136000002
10,484122608
3,74152876
8,851955552000002
1,644962888
0,027341079999999997
0,0
0,0
0,0
0,0
0,0
0,0
0,0
0,0
0,0
0,0
0,0
0,0
3,240857192
11,26533256
10,847385968000001
8,85972772
14,14151404
14,74566756
8,940096376000001
11,885773824000001
3,5343448000000004
4,18639596
0,879533864
0,0177178
0,0
0,0
0,0
0,0
0,0
0,0
0,0
0,0
0,0
0,0
0,0
0,0
0,778755896
2,5954010320000003
5,25597732
8,851586256000001
11,189350824000002
6,054247935999999
2,3331641040000006
5,3663916
2,464382936
1,0633037280000002
0,24095862399999995
0,00917828
0,0
0,0
0,0
0,0
0,0
0,0
0,0
0,0
0,0
0,0
0,0
0,0
2,4104427279999996
12,318194896000001
5,167011952000001
13,525195192
14,852637016000001
15,605972664
15,22296268
10,776552944
13,241710416
11,229420399999999
4,889049072000001
0,010136039999999999
0,0
0,0
0,0
0,0
0,0
0,0
0,0
0,0
0,0
0,0
0,0
0,0
0,438708752
2,574852048
5,8419076720000005
3,222028544
2,8808058080000007
4,741928120000002
3,04452728
7,653025743999999
4,7471854
1,5108195439999998
0,46996396800000007
0,012192600000000001
0,0
0,0
0,0
0,0
0,0
0,0
0,0
0,0
0,0
0,0
0,0
0,0
1,4337891280000001
7,743479368
12,637396928000001
13,903149448
15,327064360000001
14,120569928000002
15,148161120000001
13,566066935999999
14,080373560000002
10,68166984
3,14701256
0,00943984
0,0
0,0
0,0
0,0
0,0
0,0
0,0
0,0
0,0
0,0
0,0
0,0
0,6258308239999999
1,3910316079999998
2,2885887679999994
1,825002392
1,587403328
1,633185584
1,410740464
0,779432576
0,8177001919999999
0,610807536
0,31299692
0,005832479999999999
0,0
0,0
0,0
0,0
0,0
0,0
0,0
0,0
0,0
0,0
0,0
0,0
6,33219748
12,253419936
14,160980048
13,517753464
15,030209824000002
15,170254991999998
15,149673864000002
14,93638224
13,957625024
11,431045624000003
3,3142054960000005
0,0071524
0,0
0,0
0,0
0,0
0,0
0,0
0,0
0,0
0,0
0,0
0,0
0,0
6,163790384000001
12,33807164
14,294173472
14,986853480000002
14,470495048
13,836561776000003
15,142611904000002
15,000326568000002
13,773823472
11,003797784
2,97871896
0,01172908
0,0
0,0
0,0
0,0
0,0
0,0
0,0
0,0
0,0
0,0
0,0
0,0
1,8905820000000004
2,701940608
9,003384328
10,951119824
13,209362616000002
15,349800256
15,213900912000001
14,693266808000002
13,323326272000001
8,221735480000001
2,3623705520000002
0,0100822
0,0
0,0
0,0
0,0
0,0
0,0
0,0
0,0
0,0
0,0
0,0
0,0
1,379864464
4,881235768000001
8,230934464
8,36807344
10,024163752
11,908452991999999
6,806282792000001
12,425591536000002
7,867338112
8,419024991999999
0,688593008
0,004516200000000001
0,0
0,0
0,0
0,0
0,0
0,0
0,0
0,0
0,0
0,0
0,0
0,0
0,012620112000000003
0,295461056
0,595029544
0,9199805919999999
1,713630192
3,158552336
2,8372671680000003
1,1926163280000002
0,846308144
0,22650480800000003
0,025168799999999998
0,0009638
0,0
0,0
0,0
0,0
0,0
0,0
0,0
0,0
0,0
0,0
0,0
0,0
3,7390192960000004
12,266339944000002
13,345760103999996
14,239673360000003
10,890392096
14,562686320000001
13,940650120000003
9,845897536
3,321065392
2,573990056
1,6814759359999996
0,00496992
0,0
0,0
0,0
0,0
0,0
0,0
0,0
0,0
0,0
0,0
0,0
0,0
4,167249463999999
9,177143992
13,109155944
14,542846728
12,755058672
2,4214250159999997
2,830553112
3,298059072
1,9567135039999999
0,56590088
0,056927439999999996
0,00240524
0,0
0,0
0,0
0,0
0,0
0,0
0,0
0,0
0,0
0,0
0,0
0,0
0,33980768799999994
1,2195037199999998
2,4375533999999996
2,229556416
1,0404192559999998
0,430991024
2,658784416
1,526956392
1,8559725599999999
2,09128564
0,32771651199999996
0,00174472
0,0
0,0
0,0
0,0
0,0
0,0
0,0
0,0
0,0
0,0
0,0
0,0
0,6905532799999999
6,386168927999999
7,7016109120000005
8,278340488
10,488704248
13,272823120000002
8,267412760000001
4,357001208
5,6568032320000015
2,021117144
0,24035776000000003
0,00293988
0,0
0,0
0,0
0,0
0,0
0,0
0,0
0,0
0,0
0,0
0,0
0,0
2,0768367919999995
4,230756288
5,246175439999999
2,325290712
8,574520224
12,903526240000001
13,876609832
12,369423336000002
8,545572159999999
9,672265624000001
1,418864536
0,00116804
0,0
0,0
0,0
0,0
0,0
0,0
0,0
0,0
0,0
0,0
0,0
0,0
4,385131496
11,768630544
13,830127672
14,850303200000003
15,432219112
15,649807695999998
15,451035576000004
14,672045000000002
13,585036488
10,530369688
1,527633544
0,00264436
0,0
0,0
0,0
0,0
0,0
0,0
0,0
0,0
0,0
0,0
0,0
0,0
4,104793008
11,724659311999998
14,095720255999998
15,190995760000002
15,679435376
15,795268968
15,534571656
14,782065224000002
13,565887472
9,952516848
1,2297248
0,0025825199999999996
0,0
0,0
0,0
0,0
0,0
0,0
0,0
0,0
0,0
0,0
0,0
0,0
1,765930456
11,795617287999999
13,969563055999998
15,164554344
15,609524663999998
15,725746015999999
15,431431928000002
14,751076952000002
13,432810272000001
9,628439056000001
0,8484740799999999
0,0018361999999999999
0,0
0,0
0,0
0,0
0,0
0,0
0,0
0,0
0,0
0,0
0,0
0,0
2,139396096
11,975473456
14,048579048
15,057221808
15,338236088
15,230714439999998
14,566293472000003
10,077939319999999
12,392524655999999
7,24471968
0,5782196000000002
0,0017795600000000001
0,0
0,0
0,0
0,0
0,0
0,0
0,0
0,0
0,0
0,0
0,0
0,0
2,3176101680000003
10,779524488
12,608099776000001
13,468062847999999
13,892366712
15,497223136
15,160189024000003
14,449068184
13,214154872
9,715260648000001
1,035965496
0,0016910000000000002
0,0
0,0
0,0
0,0
0,0
0,0
0,0
0,0
0,0
0,0
0,0
0,0
2,5800843760000003
11,619531975999998
13,86563656
15,044842576
15,443498512000001
15,553953735999999
15,113685528000001
14,408130144
12,743010199999999
8,304051696
0,32856933600000005
0,0008262400000000001
0,0
0,0
0,0
0,0
0,0
0,0
0,0
0,0
0,0
0,0
0,0
0,0
0,403862088
1,047848144
3,1833374240000003
3,85662924
4,6125626
3,366084936
2,8017392400000003
1,8712113679999998
0,8115631600000002
0,602581856
0,030137040000000004
0,0
0,0
0,0
0,0
0,0
0,0
0,0
0,0
0,0
0,0
0,0
0,0
0,35560421600000003
3,6813577760000005
9,328362119999998
8,975967864
14,892665055999998
15,034003559999999
13,9409686
12,770779088000003
10,950986576000002
2,2152798320000002
0,262105864
0,00046196000000000003
0,0
0,0
0,0
0,0
0,0
0,0
0,0
0,0
0,0
0,0
0,0
0,0
0,181142032
3,6250722160000004
6,173415471999999
11,651115288000002
6,116541192
4,976953040000001
5,876494808
10,359568512
10,013708864
2,708155136
0,201623808
0,0002124
0,0
0,0
0,0
0,0
0,0
0,0
0,0
0,0
0,0
0,0
0,0
0,0
1,1206290080000003
7,043352584
0,6472158400000001
9,034074912
13,164183848
13,359982824000001
11,35354964
3,77754056
5,261693735999999
2,0874543439999997
0,16057874399999997
7,440000000000001e-06
0,0
0,0
0,0
0,0
0,0
0,0
0,0
0,0
0,0
0,0
0,0
0,0
0,216643112
4,769741903999999
8,422362056
11,754256192
12,938101032
13,316346808
12,044513927999999
7,485214096000002
7,8160193200000005
6,768648504
0,21248986399999997
0,0
0,0
0,0
0,0
0,0
0,0
0,0
0,0
0,0
0,0
0,0
0,0
0,0
0,291920976
9,622176120000002
12,829954343999999
13,8734374
12,296564751999998
10,777228424
5,3138494640000005
4,224548368
2,0605094079999997
1,08726108
0,192933104
0,0
0,0
0,0
0,0
0,0
0,0
0,0
0,0
0,0
0,0
0,0
0,0
0,0
0,261897336
2,577327168
7,752926695999999
12,002091199999999
13,647168183999998
15,108909623999999
13,261840192
13,876958992000002
8,495275048000002
5,7729651120000005
0,285170472
0,000165
0,0
0,0
0,0
0,0
0,0
0,0
0,0
0,0
0,0
0,0
0,0
0,0
0,22027480000000002
9,849247191999996
12,861017487999998
9,788145704
14,934077464000001
15,183543808
10,947847839999998
14,22719404
12,534209616
7,780055584
0,181106336
0,00023204
0,0
0,0
0,0
0,0
0,0
0,0
0,0
0,0
0,0
0,0
0,0
0,0
0,406081216
9,627831592
12,711029920000001
14,010726455999999
14,465873288000001
13,638391055999998
13,323302544
13,766826791999998
8,436956016
3,1656529680000003
0,112093344
0,0
0,0
0,0
0,0
0,0
0,0
0,0
0,0
0,0
0,0
0,0
0,0
0,0
0,225863576
3,6788322480000004
4,801888656
9,277967768
14,764210888000003
14,618314456000002
13,817020847999999
13,975067472
10,490885176
3,4293066719999996
0,08776023200000001
0,0
0,0
0,0
0,0
0,0
0,0
0,0
0,0
0,0
0,0
0,0
0,0
0,0
0,09637032799999999
1,305733272
2,706155616
4,616110768
5,6196885519999995
7,966581448
13,3444486
11,974829952
9,647799688
3,5790308960000004
0,106771512
0,0
0,0
0,0
0,0
0,0
0,0
0,0
0,0
0,0
0,0
0,0
0,0
0,0
0,31278405600000003
9,141003487999999
3,6242498240000005
6,016939312000001
5,199012688
6,603447735999999
4,72111464
3,5302611119999994
2,0522520880000004
0,66019756
0,08462356000000001
0,0
0,0
0,0
0,0
0,0
0,0
0,0
0,0
0,0
0,0
0,0
0,0
0,0
0,0
0,76828088
1,36731988
1,8950942640000001
5,787502464000001
5,46295088
4,615350192
12,287582952000001
3,4958297040000006
2,2425196879999993
0,01948192
0,0
0,0
0,0
0,0
0,0
0,0
0,0
0,0
0,0
0,0
0,0
0,0
0,0
0,26326468000000003
9,514392224
12,687196872000001
13,770636856
14,360618063999999
14,553475231999998
14,350076800000002
13,751119272
11,696787392000003
6,328637376
0,02307008
0,0
0,0
0,0
0,0
0,0
0,0
0,0
0,0
0,0
0,0
0,0
0,0
0,0
0,20985588799999996
9,321612600000002
13,072157967999999
14,139857927999998
14,6744618
14,883759136
14,602334968000001
13,806424272000001
11,966341656
6,17762088
0,039658575999999994
0,0
0,0
0,0
0,0
0,0
0,0
0,0
0,0
0,0
0,0
0,0
0,0
0,0
0,12612384000000001
9,652312912000001
12,609905792000001
14,07931976
14,325267576000002
14,683280136
14,461776928
13,64357904
11,637879208
4,884445895999999
0,035152680000000006
0,0
0,0
0,0
0,0
0,0
0,0
0,0
0,0
0,0
0,0
0,0
0,0
0,0
0,0
9,848648919999999
12,951439608000001
14,089135575999999
14,980055352
15,112864159999999
14,71990812
14,061029439999999
11,977403167999999
5,833385664
0,02409756
0,0
0,0
0,0
0,0
0,0
0,0
0,0
0,0
0,0
0,0
0,0
0,0
0,0
0,0
8,31011068
11,810419079999999
13,560914536
14,406710808000003
14,670018792
14,432118408000001
13,603428880000001
11,323807711999997
5,376337440000001
0,02310628
0,0
0,0
0,0
0,0
0,0
0,0
0,0
0,0
0,0
0,0
0,0
0,0
0,0
0,0
9,005024943999999
12,747883048
14,198603640000002
14,882078664
15,016511503999999
14,545735376000003
13,817570408
11,415082792000003
5,12734068
0,02071092
0,0
0,0
0,0
0,0
0,0
0,0
0,0
0,0
0,0
0,0
0,0
0,0
0,0
0,0
6,125600616000001
9,124593760000002
11,962766392
12,98936304
13,310305432000002
13,597044904
6,0856833120000005
1,523625
0,498630856
0,01431232
0,0
0,0
0,0
0,0
0,0
0,0
0,0
0,0
0,0
0,0
0,0
0,0
0,0
0,0
1,6939611520000004
11,407703712000002
13,630351760000002
14,408386656
14,660954464000001
14,245084424
12,736759871999999
9,674079216
0,889321528
0,007780239999999999
0,0
0,0
0,0
0,0
0,0
0,0
0,0
0,0
0,0
0,0
0,0
0,0
0,0
0,0
7,584987343999999
11,716316496
13,527004391999998
13,945104096
13,376809768
14,33002424
5,185462752
8,929262912
1,0699718799999998
0,016517039999999997
0,0
0,0
0,0
0,0
0,0
0,0
0,0
0,0
0,0
0,0
0,0
0,0
0,0
0,0
1,0437417919999998
1,6337363600000003
2,0932327120000003
3,0175273760000003
2,2659765759999995
1,69947332
1,8629660239999999
0,671204208
0,232426152
0,00668588
0,0
0,0
0,0
0,0
0,0
0,0
0,0
0,0
0,0
0,0
0,0
0,0
0,0
0,0
0,27490172
1,2905705280000002
3,491247376000001
2,7568314800000002
2,0054484080000003
2,012430368
2,8026358960000004
0,7654724559999999
0,125807208
0,0012824
0,0
0,0
0,0
0,0
0,0
0,0
0,0
0,0
0,0
0,0
0,0
0,0
0,0
0,0
0,021663344
0,5064776799999999
1,4557705039999997
3,2965911999999995
2,9940128079999995
3,7049085040000005
2,838239128
1,519401952
0,36939236799999997
0,00178512
0,0
0,0
0,0
0,0
0,0
0,0
0,0
0,0
0,0
0,0
0,0
0,0
0,0
0,0
7,246844080000001
12,353207064000001
12,243597984
14,178275304000003
14,648668120000002
14,327781840000002
13,598143848
11,525369679999999
4,6439512800000005
0,007671399999999999
0,0
0,0
0,0
0,0
0,0
0,0
0,0
0,0
0,0
0,0
0,0
0,0
0,0
0,0
1,946521632
11,831888000000001
13,804820592
13,02274324
14,555697784
0,0
0,0
10,857496664000001
2,613761472
0,01355296
0,0
0,0
0,0
0,0
0,0
0,0
0,0
0,0
0,0
0,0
0,0
0,0
0,0
0,0
7,043589432
5,020951743999999
13,352373928
13,246965696
6,56029892
7,4115203759999995
8,043379784
2,7134493600000007
0,452481816
0,009518319999999999
0,0
0,0
0,0
0,0
0,0
0,0
0,0
0,0
0,0
0,0
0,0
0,0
0,0
0,0
0,47923905600000005
1,444719448
3,090759528
3,2115182719999997
3,025415632
3,030164064
3,644950568
3,9589404879999996
1,8995198
0,00848
0,0
0,0
0,0
0,0
0,0
0,0
0,0
0,0
0,0
0,0
0,0
0,0
0,0
0,0
6,7572107599999995
12,178892736
13,964519464
14,718069136
14,827381712
14,44769468
13,632514272
11,244929807999998
4,011689368
0,0121738
0,0
0,0
0,0
0,0
0,0
0,0
0,0
0,0
0,0
0,0
0,0
0,0
0,0
0,0
6,7881477839999995
12,367212648
14,091284376000003
14,737131031999999
14,454142024000001
0,0
0,0
0,0
3,724866832
0,01608812
0,0
0,0
0,0
0,0
0,0
0,0
0,0
0,0
0,0
0,0
0,0
0,0
0,0
0,0
0,0
0,0
0,0
0,0
0,0
0,0
0,0
7,405385752
0,934168824
0,01223172
0,0
0,0
0,0
0,0
0,0
0,0
0,0
0,0
0,0
0,0
0,0
0,0
0,0
0,0
6,6664346960000005
12,312960111999999
13,953491647999998
14,700925887999999
14,873021488000001
14,670047527999998
13,770269064000003
11,293747151999998
3,836632224
0,00834532
0,0
0,0
0,0
0,0
0,0
0,0
0,0
0,0
0,0
0,0
0,0
0,0
0,0
0,0
6,582959736
12,36533236
14,13080256
14,767967008
15,052301976000003
14,740766536
13,681427944000001
11,109927415999998
3,6602120400000002
0,01052652
0,0
0,0
0,0
0,0
0,0
0,0
0,0
0,0
0,0
0,0
0,0
0,0
0,0
0,0
6,4498375679999995
12,353493607999999
14,266410399999998
14,928670280000002
14,957361503999996
14,379947768
12,985412464
11,276997463999997
3,6570446800000003
0,00964152
0,0
0,0
0,0
0,0
0,0
0,0
0,0
0,0
0,0
0,0
0,0
0,0
0,0
0,0
5,333245584
11,523202432000001
13,208985344000002
14,326566024
14,634246991999998
13,440962656000002
8,576191272
1,869539176
0,256276808
0,0
0,0
0,0
0,0
0,0
0,0
0,0
0,0
0,0
0,0
0,0
0,0
0,0
0,0
0,0
0,280014824
1,1244960000000002
3,3128611840000004
2,5953629680000003
3,209612008
2,430552112
1,7689562559999998
1,076995296
0,19767231200000002
0,00022708000000000003
0,0
0,0
0,0
0,0
0,0
0,0
0,0
0,0
0,0
0,0
0,0
0,0
0,0
0,0
5,474355439999999
12,522273351999997
14,417011368
14,981176375999999
15,166103744
15,002194544
14,154989527999998
11,636048888
3,46619932
0,0040516
0,0
0,0
0,0
0,0
0,0
0,0
0,0
0,0
0,0
0,0
0,0
0,0
0,0
0,0
4,683842951999999
11,251255471999999
13,214763239999998
14,601538784000002
14,463671559999998
14,428039127999996
13,307077927999998
8,868991816
1,3499137680000004
0,00990608
0,0
0,0
0,0
0,0
0,0
0,0
0,0
0,0
0,0
0,0
0,0
0,0
0,0
0,0
0,6063952
2,111265504
1,0419948319999999
0,8134517119999999
0,7790914880000002
0,6184789439999999
0,35113621600000006
0,463130536
0,15460848000000002
0,004094319999999999
0,0
0,0
0,0
0,0
0,0
0,0
0,0
0,0
0,0
0,0
0,0
0,0
0,0
0,0
0,4947710639999999
0,088858192
0,273647584
0,150195872
0,244921992
0,283836392
0,6548793519999999
0,214559184
0,03303284
0,00011316000000000001
0,0
0,0
0,0
0,0
0,0
0,0
0,0
0,0
0,0
0,0
0,0
0,0
0,0
0,0
0,183247872
0,20890978400000004
0,5422345839999999
0,5675087600000001
0,6998021920000002
0,5981750880000001
1,22434836
0,62021424
0,111268624
0,00048491999999999996
0,0
0,0
0,0
0,0
0,0
0,0
0,0
0,0
0,0
0,0
0,0
0,0
0,0
0,0
0,22758840800000002
1,1245160240000003
1,271068144
0,586536008
0,5671768240000001
1,04936532
0,6362495279999999
0,43227585599999996
0,07874632799999999
0,00208272
0,0
0,0
0,0
0,0
0,0
0,0
0,0
0,0
0,0
0,0
0,0
0,0
0,0
0,0
0,256849936
3,5209931039999995
9,757283231999999
7,719820567999999
3,252698696
3,010389896
1,184543288
0,479802752
0,109112064
0,0025596
0,0
0,0
0,0
0,0
0,0
0,0
0,0
0,0
0,0
0,0
0,0
0,0
0,0
0,0
0,042163351999999994
0,48784887200000004
2,813720648
4,21703312
3,347209912
2,7136020960000002
1,9715771920000003
0,786837496
0,321683224
0,00229956
0,0
0,0
0,0
0,0
0,0
0,0
0,0
0,0
0,0
0,0
0,0
0,0
0,0
0,0
0,8721073680000001
2,551966144
5,718979607999999
12,489536192000001
4,716879032
4,786829480000001
0,742953
0,324643832
0,04906511999999999
0,00129316
0,0
0,0
0,0
0,0
0,0
0,0
0,0
0,0
0,0
0,0
0,0
0,0
0,0
0,0
0,0
0,0910528
0,282432104
0,34995588
0,352443288
0,24294472800000003
0,112576584
0,28168674400000004
0,14048532
4e-05
0,0
0,0
0,0
0,0
0,0
0,0
0,0
0,0
0,0
0,0
0,0
0,0
0,0
0,0
0,104030944
0,850664976
4,246985088
5,033074008
3,6714437359999996
3,524202344
10,237899376000001
2,7925527679999997
1,7884948639999998
0,005727359999999999
0,0
0,0
0,0
0,0
0,0
0,0
0,0
0,0
0,0
0,0
0,0
0,0
0,0
0,0
0,0
2,1820036959999998
11,444295224000001
2,49163276
3,2424641199999997
2,0085529120000003
1,7783833119999999
0,8878320239999999
0,13330496
0,00506424
0,0
0,0
0,0
0,0
0,0
0,0
0,0
0,0
0,0
0,0
0,0
0,0
0,0
0,0
0,35676025600000005
1,659251784
2,2828372239999997
1,95725848
2,033400288
2,2739300080000002
2,12219168
1,2097097760000002
0,27228031199999997
0,0021105200000000003
0,0
0,0
0,0
0,0
0,0
0,0
0,0
0,0
0,0
0,0
0,0
0,0
0,0
0,0
0,0
2,022420144
4,967962319999999
9,091380616
13,916782168000001
13,924592440000001
12,70284344
10,688488272
2,6651557599999998
0,0041616
0,0
0,0
0,0
0,0
0,0
0,0
0,0
0,0
0,0
0,0
0,0
0,0
0,0
0,0
3,32438952
8,983412551999999
7,015619264
14,790478296
15,0775228
14,849410271999998
13,934905272
11,283260112
3,138005464
0,00669748
0,0
0,0
0,0
0,0
0,0
0,0
0,0
0,0
0,0
0,0
0,0
0,0
0,0
0,0
1,174065296
11,331455128
13,534215120000002
14,548090528000001
14,721129664
14,172405432000001
13,593472760000001
10,643365872
2,88517964
0,00784192
0,0
0,0
0,0
0,0
0,0
0,0
0,0
0,0
0,0
0,0
0,0
0,0
0,0
0,0
1,457211704
1,9624048319999998
7,690115927999998
10,818316968000001
12,427788448
12,112683143999998
13,710625064
10,483072320000002
2,693382304
0,010248799999999999
0,0
0,0
0,0
0,0
0,0
0,0
0,0
0,0
0,0
0,0
0,0
0,0
0,0
0,0
0,1664642
1,814275368
11,955226768
14,182699255999998
14,309964808
14,202151288
13,202996600000002
10,352610064
2,9207494560000002
0,0101594
0,0
0,0
0,0
0,0
0,0
0,0
0,0
0,0
0,0
0,0
0,0
0,0
0,0
0,0
2,0086688
8,178878032
10,635012856
12,945127399999999
5,866753664
7,754322511999999
6,7723535759999995
10,619915416
2,5143564080000003
0,00825864
0,0
0,0
0,0
0,0
0,0
0,0
0,0
0,0
0,0
0,0
0,0
0,0
0,0
0,0
0,3295447199999999
10,319693088
12,996817896
14,054096871999999
13,468022256
10,37547156
12,141089799999998
10,120983768
2,164264792
0,00811128
0,0
0,0
0,0
0,0
0,0
0,0
0,0
0,0
0,0
0,0
0,0
0,0
0,0
0,0
0,42250319999999997
10,631860456
13,400465072000001
14,450034879999999
14,787030591999999
14,320018912
13,316866864
10,26233868
2,79248656
0,00736756
0,0
0,0
0,0
0,0
0,0
0,0
0,0
0,0
0,0
0,0
0,0
0,0
0,0
0,0
0,227872344
2,150341704
5,092814015999999
13,023298368
14,348187392000003
14,082069256
13,09774808
10,291736071999997
2,3037293119999998
0,00799672
0,0
0,0
0,0
0,0
0,0
0,0
0,0
0,0
0,0
0,0
0,0
0,0
0,0
0,0
0,454747392
4,667990120000001
2,8179083279999997
3,4864894079999993
2,6299013679999996
3,7958851520000003
4,184097024
0,797329608
0,1198382
0,0037443999999999997
0,0
0,0
0,0
0,0
0,0
0,0
0,0
0,0
0,0
0,0
0,0
0,0
0,0
0,0
0,10697802399999999
0,6620916399999999
1,53478192
2,0566246959999996
2,044977888
1,6524699840000001
1,333338216
0,899050536
0,21477099199999997
0,0019113200000000002
0,0
0,0
0,0
0,0
0,0
0,0
0,0
0,0
0,0
0,0
0,0
0,0
0,0
0,0
0,0031185199999999996
0,861436912
1,939820584
1,2014874000000002
1,884342848
4,096784128
1,0689116
0,69738548
0,22977479199999998
0,00394236
0,0
0,0
0,0
0,0
0,0
0,0
0,0
0,0
0,0
0,0
0,0
0,0
0,0
0,0
0,0
0,217116528
0,48530053600000006
0,468125664
0,605455648
0,9221954240000001
0,5064059999999999
0,137478704
0,038723352
0,00315492
0,0
0,0
0,0
0,0
0,0
0,0
0,0
0,0
0,0
0,0
0,0
0,0
0,0
0,0
0,0
0,076075016
0,258724352
0,23732224000000002
0,983209376
0,4307637999999999
0,6268219840000001
0,343603072
0,073565752
0,00032668
0,0
0,0
0,0
0,0
0,0
0,0
0,0
0,0
0,0
0,0
0,0
0,0
0,0
0,0
0,037368424000000004
0,7557700559999999
1,0755034319999999
1,134143704
1,4134867520000003
1,6185035039999998
1,308863544
1,9988008320000001
0,19559720000000003
0,0013709199999999999
0,0
0,0
0,0
0,0
0,0
0,0
0,0
0,0
0,0
0,0
0,0
0,0
0,0
0,0
0,304772432
1,6188078479999999
2,4532642399999998
2,24133116
6,751983855999999
2,0251581439999997
0,8464663440000002
0,27758321599999997
0,065210464
0,0011181599999999998
0,0
0,0
0,0
0,0
0,0
0,0
0,0
0,0
0,0
0,0
0,0
0,0
0,0
0,0
0,570402816
2,6838245119999997
11,985510952
14,081681607999998
15,103048104
2,570102472
12,56395104
6,816066216000001
0,403908168
0,008012880000000002
0,0
0,0
0,0
0,0
0,0
0,0
0,0
0,0
0,0
0,0
0,0
0,0
0,0
0,0
0,0
0,1061132
0,3046524
0,34762004
0,42993512
0,454003744
0,8240632320000001
0,7648160960000001
0,31889444
0,009582920000000002
0,0
0,0
0,0
0,0
0,0
0,0
0,0
0,0
0,0
0,0
0,0
0,0
0,0
0,0
0,13944880799999998
0,5517003599999999
2,470452552
0,77127092
0,535983392
2,150500168
2,85453508
1,2538124559999997
0,79847372
0,0069184400000000005
0,0
0,0
0,0
0,0
0,0
0,0
0,0
